trade_id,side,type,price,qty,pos_price,pos_size,liq_price,pnl,fee_paid,pnl_plus_fee,fee_paid_cumsum,apparent_balance,actual_balance,profit_cumsum,loss_cumsum,pnl_plus_fees_cumsum,average_daily_gain,timestamp,closest_long_liq,closest_shrt_liq,closest_liq,avg_gain_per_tick,millis_since_prev_trade,progress,reentry_price
6795,long,entry,34599.5,12649618.0,34599.5,12649618.0,31631.378706306707,0.0,0.09140029480194801,0.09140029480194801,0.09140029480194801,33.51641064645443,40.09140029480195,0.0,0.0,0.09140029480194801,1.2530322704021608,1612297867327.0,1.0,1.0,1.0,1.0022850073700487,0.0,0.0004921894353475313,16652.0
6866,long,close,34644.5,-12649618.0,34599.5,0.0,0.0,0.47488210435566847,0.09128157427585909,0.5661636786315276,0.1826818690778071,33.98972348179039,40.65756397343348,0.47488210435566847,0.0,0.6575639734334756,4.982249371102796,1612297870355.0,0.08546790874429472,1.0,0.08546790874429472,1.0081860440096544,3028.0,0.0004973322535829507,
144290,long,entry,36148.5,13433192.0,36148.5,13433192.0,33047.497529283406,0.0,0.09290283137612904,0.09290283137612904,0.2755847004539361,34.067390248820836,40.75046680480961,0.47488210435566847,0.0,0.7504668048096046,1.0420610061222084,1612335972950.0,1.0,1.0,1.0,1.0062151815309426,38102595.0,0.010451510467445961,17376.0
155527,long,close,36195.5,-13433192.0,36148.5,0.0,0.0,0.4825387768842194,0.09278219668190797,0.5753209735661274,0.3683668971358441,34.548358582722116,41.32578777837574,0.9574208812398879,0.0,1.325787778375732,1.0703405679233466,1612338437565.0,0.07528408055057904,1.0,0.07528408055057904,1.0081851295991102,2464615.0,0.011265451995775645,
160476,long,entry,35752.5,13504396.0,35752.5,13504396.0,32685.46858299894,0.0,0.0944297321865604,0.0944297321865604,0.4627966293224045,34.627301838830086,41.4202175105623,0.9574208812398879,0.0,1.4202175105622923,1.0725814858334355,1612340014881.0,1.0,1.0,1.0,1.0070023331208062,1577316.0,0.011623928157002273,17195.0
160786,long,close,35799.0,-13504396.0,35752.5,0.0,0.0,0.4906262796921695,0.09430707561663734,0.5849333553088069,0.5571037049390418,35.11630612386825,42.005150865871116,1.4480471609320573,0.0,2.0051508658710993,1.1030847436753353,1612340067606.0,0.0854397553653169,1.0,0.0854397553653169,1.0081854518319022,52725.0,0.01164638271549495,
161245,long,entry,35728.0,13716991.0,35728.0,13716991.0,32663.070249368175,0.0,0.09598207988132558,0.09598207988132558,0.6530857848203674,35.19654714264904,42.10113294575244,1.4480471609320573,0.0,2.101132945752425,1.1079927811377146,1612340125820.0,1.0,1.0,1.0,1.0073404092647988,58214.0,0.01167962994887604,17195.0
162045,long,close,35774.5,-13716991.0,35728.0,0.0,0.0,0.49903330187495976,0.09585732155585683,0.5948906234308166,0.7489431063762242,35.6938757038372,42.696023569183254,1.947080462807017,0.0,2.6960235691832417,1.1390805390128413,1612340269812.0,0.08409314538253114,1.0,0.08409314538253114,1.0081866207214782,143992.0,0.011737577196599076,
162632,long,entry,35685.0,13925818.0,35685.0,13925818.0,32623.75889752926,0.0,0.09756072579515203,0.09756072579515203,0.8465038321713763,35.775436470601946,42.79358429497841,1.947080462807017,0.0,2.793584294978394,1.144004271367215,1612340348132.0,1.0,1.0,1.0,1.0075291735967833,78320.0,0.011780095989615854,17195.0
163260,long,close,35731.5,-13925818.0,35685.0,0.0,0.0,0.5078514755299611,0.09743376292626954,0.6052852384562306,0.9439375950976459,36.28145492995136,43.39886953343464,2.454931938336978,0.0,3.3988695334346244,1.1760251407626645,1612340450903.0,0.08488754845640224,1.0,0.08488754845640224,1.0081887397162803,102771.0,0.011825584579078436,
368460,long,entry,37675.5,14944626.0,37675.5,14944626.0,34443.50386450649,0.0,0.0991667396583987,0.0991667396583987,1.0431043347560445,36.36435832430578,43.49803627309304,2.454931938336978,0.0,3.4980362730930232,1.0714597156120094,1612401937396.0,1.0,1.0,1.0,1.0076506028835384,61486493.0,0.026689053620036998,18129.5
368719,long,close,37724.5,-14944626.0,37675.5,0.0,0.0,0.5152270003060654,0.09903793290832218,0.6142649332143876,1.1421422676643667,36.87788380847301,44.11230120630743,2.9701589386430434,0.0,4.112301206307411,1.0838706914170713,1612401974257.0,0.08536024577761718,1.0,0.08536024577761718,1.0081882777573672,36861.0,0.02670781404148733,
384180,long,entry,37473.0,15108654.0,37473.0,15108654.0,34258.37525866721,0.0,0.10079693379233048,0.10079693379233048,1.2429392014566971,36.962150045123394,44.21309814009976,2.9701589386430434,0.0,4.213098140099741,1.0817209594102168,1612407137941.0,1.0,1.0,1.0,1.0077329482301418,5163684.0,0.027827717037794644,18050.0
384710,long,close,37521.5,-15108654.0,37473.0,0.0,0.0,0.5211573406103533,0.10066664445717788,0.6218239850675312,1.343605845913875,37.481994896639854,44.83492212516729,3.4913162792533967,0.0,4.834922125167273,1.0935626366990452,1612407221500.0,0.08522362460167657,1.0,0.08522362460167657,1.0081838700840324,83559.0,0.027866107089411153,
443530,long,entry,38032.0,15585229.0,38032.0,15585229.0,34769.42143590382,0.0,0.1024481292069836,0.1024481292069836,1.4460539751208588,37.56764153265689,44.93737025437427,3.4913162792533967,0.0,4.937370254374256,1.0815746666881434,1612425230492.0,1.0,1.0,1.0,1.007789534733387,18008992.0,0.03212667847824733,18281.0
444196,long,close,38081.5,-15585229.0,38032.0,0.0,0.0,0.5326662443176655,0.10231496264590417,0.6349812069635696,1.5483689377667629,38.09848582167844,45.572351461337846,4.023982523571062,0.0,5.572351461337826,1.091800151732033,1612425294523.0,0.08454545264270288,1.0,0.08454545264270288,1.0081846722156793,64031.0,0.03217491956197675,
444569,long,entry,37996.0,15826574.0,37996.0,15826574.0,34736.509634160415,0.0,0.104133158753553,0.104133158753553,1.6525020965203159,38.18554114239641,45.6764846200914,4.023982523571062,0.0,5.676484620091379,1.0934374883807079,1612425349760.0,1.0,1.0,1.0,1.0078366738053077,55237.0,0.03220193746622762,18281.0
458769,long,stop_loss_liq_diff,37044.0,-2247374.0,37996.0,13579200.0,34299.78234892958,-1.5200453530653695,0.015166923118453732,-1.5048784299469158,1.6676690196387696,36.92746277496079,44.17160619014449,4.023982523571062,-1.5200453530653695,4.171606190144463,1.0685564507437306,1612426254040.0,0.06191067449403401,1.0,0.06191067449403401,1.0055264779850495,904280.0,0.033230501113311495,20503.0
556570,long,stop_loss_liq_diff,36587.5,-1928247.0,37996.0,11650953.0,33868.19040849582,-1.9536596246101163,0.013175585924154425,-1.9404840386859619,1.680844605562924,35.30521811861932,42.23112215145852,4.023982523571062,-3.473704977675486,2.231122151458502,1.0315777549924432,1612447835925.0,0.06212998061550976,1.0,0.06212998061550976,1.0028608205093839,21581885.0,0.04031462458151222,22270.5
776699,long,close,38045.5,-11650953.0,37996.0,0.0,0.0,0.3989564347731689,0.07655933684667043,0.4755157716198393,1.7574039424095944,35.70274930369351,42.70663792307836,4.422938958344231,-3.473704977675486,2.706637923078341,1.0252044440823203,1612524255688.0,0.06418196765782039,1.0,0.06418196765782039,1.0032791100026794,76419763.0,0.05625946169904228,
824680,long,entry,37763.5,14740602.0,37763.5,14740602.0,34523.95469083788,0.0,0.09758498285381387,0.09758498285381387,1.8549889252634082,35.7843303493593,42.80422290593218,4.422938958344231,-3.473704977675486,2.804222905932155,1.024660101124746,1612537305217.0,1.0,1.0,1.0,1.0032317494323364,13049529.0,0.05973492031529098,18180.0
825534,long,close,37812.5,-14740602.0,37763.5,0.0,0.0,0.5058289359166525,0.09745852561983472,0.6032874615364872,1.952447450883243,36.288678667203804,43.40751036746867,4.928767894260884,-3.473704977675486,3.407510367468642,1.0298258106881435,1612537331293.0,0.08390503924964487,1.0,0.08390503924964487,1.0037229595139021,26076.0,0.05979677900223532,
855791,long,entry,37435.0,14852184.0,37435.0,14852184.0,34223.63515123336,0.0,0.09918648323761187,0.09918648323761187,2.0516339341208547,36.371598567190446,43.50669685070628,4.928767894260884,-3.473704977675486,3.5066968507062537,1.0293534462123353,1612547958828.0,1.0,1.0,1.0,1.0036603969812408,10627535.0,0.06198841634518017,18000.0
856633,long,close,37483.5,-14852184.0,37435.0,0.0,0.0,0.5133506142195162,0.09905814558405698,0.6124087598035732,2.150692079704912,36.88357229038624,44.119105610509855,5.4421185084804,-3.473704977675486,4.119105610509827,1.034302095740556,1612548079452.0,0.08401110334604599,1.0,0.08401110334604599,1.0040922449740703,120624.0,0.06204940582340866,
859263,long,entry,37343.5,15058764.0,37343.5,15058764.0,34139.98450230912,0.0,0.10081248410031196,0.10081248410031196,2.2515045638052236,36.9678515270941,44.219918094610165,5.4421185084804,-3.473704977675486,4.219918094610139,1.0350189528191605,1612548754531.0,1.0,1.0,1.0,1.004019892945058,675079.0,0.06223990740029814,17950.0
860639,long,close,37392.0,-15058764.0,37343.5,0.0,0.0,0.5230429481028135,0.10068172336328626,0.6237246714660998,2.35218628716851,37.48928535243976,44.843642766076265,5.965161456583213,-3.473704977675486,4.843642766076239,1.0399780108497862,1612548927629.0,0.08352725387409585,1.0,0.08352725387409585,1.0044059230478786,173098.0,0.062339576666381756,
943477,long,entry,38793.0,15900173.0,38793.0,15900173.0,35465.13894281743,0.0,0.1024680548037017,0.1024680548037017,2.4546543419722116,37.57494864625565,44.946110820879966,5.965161456583213,-3.473704977675486,4.946110820879941,1.037212462957984,1612572685748.0,1.0,1.0,1.0,1.004327290640906,23758119.0,0.06833986929998276,18694.5
948192,long,close,38843.5,-15900173.0,38793.0,0.0,0.0,0.5328702889890724,0.10233483723145444,0.6352051262205268,2.556989179203666,38.10598013177601,45.58131594710049,6.498031745572286,-3.473704977675486,5.581315947100467,1.0417392924769338,1612572976469.0,0.07722168597774232,1.0,0.07722168597774232,1.004675842093323,290721.0,0.0686813958912504,
997276,long,entry,38889.5,16201932.0,38889.5,16201932.0,35553.36057824632,0.0,0.10415364044279304,0.10415364044279304,2.661142819646459,38.19305257518619,45.68546958754329,6.498031745572286,-3.473704977675486,5.685469587543261,1.0406989315748882,1612584832204.0,1.0,1.0,1.0,1.0045933046548456,11855735.0,0.07223674927529723,18720.0
997511,long,close,38940.0,-16201932.0,38889.5,0.0,0.0,0.5402936663955915,0.10401856702619415,0.6443122334217857,2.765161386672653,38.7316976023268,46.329781820965074,7.038325411967877,-3.473704977675486,6.329781820965046,1.045081184919727,1612584843448.0,0.08499689679209595,1.0,0.08499689679209595,1.0049088603723764,11244.0,0.07225377127931587,
1178088,long,entry,39896.5,16894395.0,39896.5,16894395.0,36473.975027228174,0.0,0.10586389156943592,0.10586389156943592,2.871025278242089,38.82019981567885,46.43564571253451,7.038325411967877,-3.473704977675486,6.435645712534482,1.0384071633788765,1612639007774.0,1.0,1.0,1.0,1.0048241128334343,54164326.0,0.08533369646941906,19186.0
1180372,long,close,39948.0,-16894395.0,39896.5,0.0,0.0,0.5459087229223852,0.10572741438870531,0.6516361373110906,2.9767526926307943,39.364967626470914,47.087281849845596,7.584234134890262,-3.473704977675486,7.0872818498455725,1.042040672110622,1612639235325.0,0.08286563755571041,1.0,0.08286563755571041,1.0051106238523353,227551.0,0.08549913586166832,
1208095,long,entry,39774.5,17118115.0,39774.5,17118115.0,36362.44079679872,0.0,0.10759478434675483,0.10759478434675483,3.084347476977549,39.4549168661848,47.19487663419235,7.584234134890262,-3.473704977675486,7.194876634192327,1.0389492534149347,1612671008201.0,1.0,1.0,1.0,1.0050248821843855,31772876.0,0.08750722529745046,19133.0
1230198,long,stop_loss_liq_diff,38836.5,-2430773.0,39774.5,14687342.0,35896.98494700775,-1.4760546234593002,0.01564747724434488,-1.4604071462149553,3.099994954221894,38.2340164919491,45.73446948797739,7.584234134890262,-4.949759601134787,5.734469487977371,1.0311756434722035,1612674042593.0,0.06330652249359298,1.0,0.06330652249359298,1.0039481504105494,3034392.0,0.08910823531797828,21465.0
1356520,long,close,39826.0,-14687342.0,39774.5,0.0,0.0,0.4775062038920237,0.09219694420730178,0.5697031480993254,3.1921918984291957,38.71028832376014,46.30417263607672,8.061740338782286,-4.949759601134787,6.3041726360766965,1.0328963588417936,1612687666410.0,0.05546678208110108,1.0,0.05546678208110108,1.004190258245689,13623817.0,0.09825825060156486,
1385723,long,entry,38835.0,16435807.0,38835.0,16435807.0,35503.53593429152,0.0,0.10580537530578087,0.10580537530578087,3.2979972737349765,38.798741617515766,46.4099780113825,8.061740338782286,-4.949759601134787,6.409978011382478,1.0326434852413564,1612696783392.0,1.0,1.0,1.0,1.0041372857376134,9116982.0,0.10037354244563462,18668.0
1386316,long,close,38885.5,-16435807.0,38835.0,0.0,0.0,0.5496312458825763,0.10566796749431022,0.6552992133768865,3.403665241229287,39.34657175989884,47.065277224759384,8.611371584664862,-4.949759601134787,7.065277224759364,1.0357726580089532,1612696834117.0,0.0849604140646516,1.0,0.0849604140646516,1.0044057868258212,50725.0,0.10041649584300931,
1387433,long,entry,38778.5,16681658.0,38778.5,16681658.0,35451.88272149446,0.0,0.10754450275281406,0.10754450275281406,3.511209743982101,39.4364789642002,47.1728217275122,8.611371584664862,-4.949759601134787,7.172821727512178,1.0362636453823313,1612697050493.0,1.0,1.0,1.0,1.0043499193886807,216376.0,0.10049740468764261,18643.0
1390798,long,close,38829.0,-16681658.0,38778.5,0.0,0.0,0.5594784711444651,0.10740463313502793,0.666883104279493,3.6186143771171286,39.99399323937785,47.83970483179169,9.170850055809328,-4.949759601134787,7.839704831791671,1.0393357146519067,1612697792922.0,0.0830777280805281,1.0,0.0830777280805281,1.0045996868890745,742429.0,0.10074114529837762,
1404312,long,entry,38558.5,16859948.0,38558.5,16859948.0,35250.75562599108,0.0,0.10931408120129155,0.10931408120129155,3.72792845831842,40.08537981126213,47.94901891299298,9.170850055809328,-4.949759601134787,7.949018912992963,1.039480135804278,1612701447556.0,1.0,1.0,1.0,1.0045417548054503,3654634.0,0.101720019180539,18540.0
1405216,long,close,38608.5,-16859948.0,38558.5,0.0,0.0,0.5662695064625155,0.10917251382467592,0.6754420202871915,3.8371009721430958,40.650049340222225,48.624460933280176,9.737119562271843,-4.949759601134787,8.624460933280155,1.0425754671216674,1612701591783.0,0.08502574524052073,1.0,0.08502574524052073,1.004773485284407,144227.0,0.10178549957046602,
1405892,long,entry,38507.5,17113850.0,38507.5,17113850.0,35204.130573928654,0.0,0.1111072518340583,0.1111072518340583,3.948208223977154,40.742935002755495,48.73556818511423,9.737119562271843,-4.949759601134787,8.735568185114213,1.0430716242092317,1612701703201.0,1.0,1.0,1.0,1.0047141640699455,111418.0,0.10183446499479198,18540.0
1406126,long,close,38557.5,-17113850.0,38507.5,0.0,0.0,0.5763197916568827,0.11096317188614407,0.6872829635430269,4.059171395863298,41.317503560277466,49.42285114865726,10.313439353928725,-4.949759601134787,9.422851148657239,1.0461916889520135,1612701728734.0,0.0856069980797752,1.0,0.0856069980797752,1.0049315022825536,25533.0,0.10185141456475098,
1437045,long,entry,38030.5,17179378.0,38030.5,17179378.0,34768.05012019842,0.0,0.11293158123085419,0.11293158123085419,4.172102977094152,41.41191436218646,49.53578272988811,10.313439353928725,-4.949759601134787,9.535782729888092,1.0460322491333813,1612707481218.0,1.0,1.0,1.0,1.0048712771376591,5752484.0,0.10409100325518664,18281.0
1447776,long,close,38080.0,-17179378.0,38030.5,0.0,0.0,0.587196772156182,0.11278478203781513,0.6999815541939972,4.284887759131967,41.99709894149264,50.23576428408211,10.900636126084907,-4.949759601134787,10.235764284082089,1.0490251130045194,1612708307838.0,0.07661938968479477,1.0,0.07661938968479477,1.0050761235227723,826620.0,0.1048682931493315,
1465804,long,entry,37556.0,17244077.0,37556.0,17244077.0,34334.255180872424,0.0,0.11478909495153905,0.11478909495153905,4.3996768540835065,42.093062624872125,50.35055337903365,10.900636126084907,-4.949759601134787,10.350553379033627,1.0492026539255235,1612710964335.0,1.0,1.0,1.0,1.0050153645165596,2656497.0,0.1061741343767701,18100.0
1468648,long,close,37604.5,-17244077.0,37556.0,0.0,0.0,0.5921920094828778,0.11464104694916831,0.7068330564320461,4.514317901032674,42.68397506004932,51.057386435465695,11.492828135567784,-4.949759601134787,11.057386435465673,1.0522316207245161,1612711182116.0,0.08339326229717486,1.0,0.08339326229717486,1.0052065020811294,217781.0,0.1063801368424255,
1516477,long,entry,37862.5,17669142.0,37862.5,17669142.0,34614.46193588336,0.0,0.11666650379663256,0.11666650379663256,4.630984404829307,42.7815082572233,51.174052939262324,11.492828135567784,-4.949759601134787,11.174052939262307,1.0510500740281798,1612724489115.0,1.0,1.0,1.0,1.005145550836891,13306999.0,0.10984458548160682,18230.5
1517674,long,close,37911.5,-17669142.0,37862.5,0.0,0.0,0.6031582697635832,0.11651571422919167,0.7196739839927749,4.747500119058499,43.38315570784126,51.8937269232551,12.095986405331367,-4.949759601134787,11.893726923255082,1.054005088378663,1612724610558.0,0.08355828130728057,1.0,0.08355828130728057,1.0053267586352668,121443.0,0.1099312890510124,
1594162,long,entry,38103.5,18072879.0,38103.5,18072879.0,34834.78784498834,0.0,0.11857755193092498,0.11857755193092498,4.866077670989424,43.48228654125552,52.01230447518603,12.095986405331367,-4.949759601134787,12.012304475186006,1.0510350455644557,1612752814593.0,1.0,1.0,1.0,1.005265833239156,28204035.0,0.11547162540581182,18360.0
1594439,long,close,38153.0,-18072879.0,38103.5,0.0,0.0,0.6153737656887781,0.11842370848950279,0.7337974741782809,4.984501379478926,44.09574122966856,52.74610194936431,12.711360171020145,-4.949759601134787,12.746101949364288,1.0538217580104963,1612752880610.0,0.08559310561645489,1.0,0.08559310561645489,1.0054384687735913,66017.0,0.11549168964033592,
1594871,long,entry,38081.0,18358886.0,38081.0,18358886.0,34814.21802328628,0.0,0.12052523568183608,0.12052523568183608,5.105026615160763,44.196500326698576,52.86662718504615,12.711360171020145,-4.949759601134787,12.866627185046124,1.0542682535048946,1612752957901.0,1.0,1.0,1.0,1.0053777318205406,77291.0,0.11552298115410636,18309.0
1596420,long,close,38130.5,-18358886.0,38081.0,0.0,0.0,0.6258506094859417,0.12036877302946461,0.7462193825154063,5.225395388190227,44.82033973048146,53.612846567561554,13.337210780506087,-4.949759601134787,13.61284656756153,1.0570312602011043,1612753275213.0,0.08460722488203931,1.0,0.08460722488203931,1.0055418895812436,317312.0,0.11563518151251008,
1750022,long,entry,43062.0,21101371.0,43062.0,21101371.0,39367.9224864444,0.0,0.12250575333240445,0.12250575333240445,5.347901141522632,44.92275454026735,53.73535232089396,13.337210780506087,-4.949759601134787,13.735352320893934,1.053561855883564,1612785804673.0,1.0,1.0,1.0,1.0054814808779486,32529460.0,0.12676119794345217,20700.0
1755556,long,close,43118.0,-21101371.0,43062.0,0.0,0.0,0.6364230424986641,0.12234664757177977,0.7587696900704439,5.470247789094412,45.55708600116624,54.494122010964404,13.973633823004752,-4.949759601134787,14.494122010964379,1.056169422556981,1612785862548.0,0.08125129846452359,1.0,0.08125129846452359,1.0056378950599414,57875.0,0.12716204802957629,
1769886,long,entry,42681.5,21258711.0,42681.5,21258711.0,39020.063572456216,0.0,0.12451946979370453,0.12451946979370453,5.594767258888116,45.661184277913776,54.61864148075811,13.973633823004752,-4.949759601134787,14.618641480758082,1.0565515518773883,1612786232571.0,1.0,1.0,1.0,1.0055779238201397,370023.0,0.12820002810441514,20520.0
1774744,long,close,42737.0,-21258711.0,42681.5,0.0,0.0,0.6468241171397182,0.1243577637644196,0.7711818809041378,5.719125022652536,46.305892330349636,55.389823361662245,14.62045794014447,-4.949759601134787,15.38982336166222,1.0591604673300878,1612786316186.0,0.0778995528350356,1.0,0.0778995528350356,1.005727152329934,83615.0,0.12855191276621328,
1840948,long,entry,43620.5,22083516.0,43620.5,22083516.0,39878.511428817554,0.0,0.12656615582123085,0.12656615582123085,5.845691178473767,46.411701636616186,55.516389517483475,14.62045794014447,-4.949759601134787,15.51638951748345,1.05926440591112,1612788907307.0,1.0,1.0,1.0,1.005667704968691,2591121.0,0.13334733725153305,20996.0
1841522,long,close,43677.0,-22083516.0,43620.5,0.0,0.0,0.6548973422075209,0.12640243148567895,0.7812997736931999,5.972093609959446,47.064868247423696,56.297689291176674,15.275355282351992,-4.949759601134787,16.29768929117665,1.0618652688534251,1612788925926.0,0.08463092518581093,1.0,0.08463092518581093,1.0058095908911093,18619.0,0.13338891440177433,
1842075,long,entry,43578.5,22423864.0,43578.5,22423864.0,39840.11442834903,0.0,0.12864063701137027,0.12864063701137027,6.100734246970816,47.172411819965205,56.426329928188046,15.275355282351992,-4.949759601134787,16.426329928188018,1.0622869668072386,1612788956993.0,1.0,1.0,1.0,1.0057507463889028,31067.0,0.13342897043676288,20996.0
1845132,long,close,43635.0,-22423864.0,43578.5,0.0,0.0,0.666272120191851,0.12847406898132235,0.7947461891731733,6.229208315952139,47.83681963411397,57.221076117361214,15.941627402543842,-4.949759601134787,17.221076117361193,1.0648803732231735,1612789097560.0,0.08054201642397811,1.0,0.08054201642397811,1.0058868143427147,140567.0,0.13365040135712455,
1846703,long,entry,43392.0,22694117.0,43392.0,22694117.0,39669.613322157296,0.0,0.1307505819044985,0.1307505819044985,6.359958897856638,47.946127120586134,57.351826699265715,15.941627402543842,-4.949759601134787,17.35182669926569,1.065298783985782,1612789158909.0,1.0,1.0,1.0,1.005828618108026,61349.0,0.13376419526484065,20880.0
1849396,long,close,43448.0,-22694117.0,43392.0,0.0,0.0,0.6740961689055607,0.13058205786227214,0.8046782267678328,6.4905409557189095,48.61883811816404,58.15650492603355,16.615723571449404,-4.949759601134787,18.156504926033524,1.0678923907382407,1612789265935.0,0.0828471245426376,1.0,0.0828471245426376,1.00595828807281,107026.0,0.13395926018748833,
1926001,long,entry,43930.0,23351087.0,43930.0,23351087.0,40161.46093798937,0.0,0.13288804347826086,0.13288804347826086,6.62342899919717,48.729932522511874,58.28939296951181,16.615723571449404,-4.949759601134787,18.289392969511784,1.0671326808135968,1612797692707.0,1.0,1.0,1.0,1.0059007896600114,8426772.0,0.13950807132726722,21118.5
1926201,long,close,43987.0,-23351087.0,43930.0,0.0,0.0,0.6888051904663827,0.13271584218064428,0.8215210326470269,6.7561448413778145,49.41672410580478,59.110914002158836,17.304528761915787,-4.949759601134787,19.11091400215881,1.0697114862406634,1612797702913.0,0.08523327438611104,1.0,0.08523327438611104,1.006026333776678,10206.0,0.13952255813919798,
1928735,long,entry,43839.0,23685138.0,43839.0,23685138.0,40078.26743343454,0.0,0.13506887702730447,0.13506887702730447,6.891213718405119,49.52964168699961,59.24598287918614,17.304528761915787,-4.949759601134787,19.245982879186116,1.070096711336382,1612797952599.0,1.0,1.0,1.0,1.0059695429479913,249686.0,0.1397061060463607,21118.5
1929498,long,close,43896.0,-23685138.0,43839.0,0.0,0.0,0.7015605969159864,0.13489348687807548,0.8364540837940618,7.0261072052831945,50.228917301051446,60.0824369629802,18.006089358831773,-4.949759601134787,20.08243696298018,1.0726798211682287,1612798002229.0,0.08412419169701338,1.0,0.08412419169701338,1.0060906839073631,49630.0,0.13976137323387655,
1931827,long,entry,43741.5,24020874.0,43741.5,24020874.0,39989.131369011266,0.0,0.13728881039744867,0.13728881039744867,7.163396015680643,50.343690746543714,60.219725773377654,18.006089358831773,-4.949759601134787,20.21972577337763,1.0730608978757483,1612798275137.0,1.0,1.0,1.0,1.006034613521286,272908.0,0.13993007215881023,21060.0
1938231,long,close,43798.0,-24020874.0,43741.5,0.0,0.0,0.7084175339016339,0.13711170601397324,0.8455292399156071,7.300507721694617,51.05055319111317,61.06525501329326,18.714506892733407,-4.949759601134787,21.065255013293235,1.0755087312426066,1612799133384.0,0.07975764885487825,1.0,0.07975764885487825,1.0061501916556943,858247.0,0.14039393987683313,
1943823,long,entry,43374.5,24208967.0,43374.5,24208967.0,39653.61457200266,0.0,0.13953455947618995,0.13953455947618995,7.440042281170807,51.167204082835255,61.20478957276945,18.714506892733407,-4.949759601134787,21.204789572769425,1.0757611672335758,1612800220006.0,1.0,1.0,1.0,1.006094869926776,1086622.0,0.14079899113841715,20880.0
1944362,long,close,43430.5,-24208967.0,43374.5,0.0,0.0,0.7196726107842993,0.13935464132349387,0.8590272521077932,7.5793969224943005,51.885350865597374,62.06381682487724,19.434179503517708,-4.949759601134787,22.063816824877218,1.0783345778090108,1612800244513.0,0.08447643123803379,1.0,0.08447643123803379,1.0062062740430113,24507.0,0.14083803309657053,
1944636,long,entry,43341.5,24586121.0,43341.5,24586121.0,39623.445431189386,0.0,0.14181627885513884,0.14181627885513884,7.721213201349439,52.00390927472027,62.20563310373238,19.434179503517708,-4.949759601134787,22.205633103732357,1.0787544431581872,1612800261520.0,1.0,1.0,1.0,1.006151707087549,17007.0,0.14085788002891567,20880.0
1953431,long,close,43397.5,-24586121.0,43341.5,0.0,0.0,0.7319971533740508,0.14163327956679533,0.8736304329408462,7.862846480916234,52.734264316658816,63.07926353667323,20.166176656891757,-4.949759601134787,23.079263536673203,1.0811675150230384,1612801292679.0,0.07616121633972055,1.0,0.07616121633972055,1.006259407806708,1031159.0,0.1414949375835708,
1974997,long,entry,42805.0,24679066.0,42805.0,24679066.0,39132.96919919097,0.0,0.14413658451115524,0.14413658451115524,8.00698306542739,52.85476250131014,63.22340012118438,20.166176656891757,-4.949759601134787,23.22340012118436,1.0806970226018653,1612806662140.0,1.0,1.0,1.0,1.0062055947872035,5369461.0,0.14305705051406453,20577.0
1977430,long,close,42860.5,-24679066.0,42805.0,0.0,0.0,0.7465690265274388,0.1439499422545234,0.8905189687819622,8.150933007681914,53.599236359211865,64.11391908996634,20.912745683419196,-4.949759601134787,24.11391908996632,1.083211337994165,1612806963330.0,0.08304310989078494,1.0,0.08304310989078494,1.0063102533897603,301190.0,0.14323328258120221,
2164460,long,entry,46536.5,27270534.0,46536.5,27270534.0,42544.36210022746,0.0,0.14650077895845198,0.14650077895845198,8.297433786640365,53.72171101042113,64.2604198689248,20.912745683419196,-4.949759601134787,24.26041986892477,1.0800450504756598,1612828911298.0,1.0,1.0,1.0,1.0062571848149873,21947968.0,0.15678062475825133,22382.0
2164577,long,close,46597.0,-27270534.0,46536.5,0.0,0.0,0.7608470182189644,0.14631056720389726,0.9071575854228616,8.443744353844263,54.48009475183465,65.16757745434766,21.67359270163816,-4.949759601134787,25.167577454347633,1.0825066208322223,1612828914272.0,0.08536252606197013,1.0,0.08536252606197013,1.0063588675289792,2974.0,0.1567890995432308,
2164769,long,entry,46523.5,27710959.0,46523.5,27710959.0,42532.477296387646,0.0,0.14890839575698303,0.14890839575698303,8.592652749601246,54.60458217068748,65.31648585010464,21.67359270163816,-4.949759601134787,25.316485850104616,1.0829062862455952,1612828924924.0,1.0,1.0,1.0,1.0063065339128614,10652.0,0.15680300688268434,22382.0
2165574,long,close,46584.0,-27710959.0,46523.5,0.0,0.0,0.7735667133176661,0.14871500407865362,0.9222817173963198,8.7413677536799,55.3756096864308,66.23876756750096,22.447159414955827,-4.949759601134787,26.238767567500936,1.08536717230414,1612828973967.0,0.08384540018551113,1.0,0.08384540018551113,1.0064050638617048,49043.0,0.15686131630070566,
2173834,long,entry,46344.0,28057784.0,46344.0,28057784.0,42368.375810468584,0.0,0.1513560762989815,0.1513560762989815,8.89272382997888,55.50214336621675,66.39012364379994,22.447159414955827,-4.949759601134787,26.390123643799917,1.0855132197598512,1612830504939.0,1.0,1.0,1.0,1.0063534587731762,1530972.0,0.15745962163344598,22320.0
2173971,long,close,46404.0,-28057784.0,46344.0,0.0,0.0,0.7828087732039282,0.15116037410568056,0.9339691473096088,9.043884204084561,56.28294157336758,67.32409279110955,23.229968188159756,-4.949759601134787,27.324092791109525,1.087971096574454,1612830509154.0,0.08516327534750696,1.0,0.08516327534750696,1.0064483399859576,4215.0,0.15746954509961855,
2174305,long,entry,46324.0,28505205.0,46324.0,28505205.0,42350.09148484702,0.0,0.15383605150677834,0.15383605150677834,9.197720255591339,56.411548512427245,67.47792884261632,23.229968188159756,-4.949759601134787,27.477928842616304,1.0883695696001499,1612830530802.0,1.0,1.0,1.0,1.006397463619108,21648.0,0.15749373807554293,22324.5
2179902,long,close,46384.0,-28505205.0,46324.0,0.0,0.0,0.7959781899281869,0.1536370569592963,0.9496152468874832,9.351357312550634,57.205426858825184,68.42754408950381,24.025946378087944,-4.949759601134787,28.427544089503787,1.0907050652151298,1612831265099.0,0.0797159515228219,1.0,0.0797159515228219,1.0064895930222244,734297.0,0.15789915150742523,
2188353,long,entry,45901.0,28707852.0,45901.0,28707852.0,41963.378505085464,0.0,0.15635744319295874,0.15635744319295874,9.507714755743594,57.336141681334496,68.58390153269677,24.025946378087944,-4.949759601134787,28.583901532696746,1.0908150572529105,1612832913914.0,1.0,1.0,1.0,1.0064394348380874,1648815.0,0.15851129174555942,22082.0
2189394,long,close,45960.5,-28707852.0,45901.0,0.0,0.0,0.8096750792511762,0.15615502442314597,0.9658301036743222,9.66386978016674,58.143575648006234,69.54973163637109,24.83562145733912,-4.949759601134787,29.549731636371067,1.0932482954309624,1612833072190.0,0.08317849914059353,1.0,0.08317849914059353,1.006529017071674,158276.0,0.15858669560165903,
2202098,long,entry,45752.0,29083934.0,45752.0,29083934.0,41827.16058054782,0.0,0.158921653698199,0.158921653698199,9.82279143386494,58.27643415049793,69.7086532900693,24.83562145733912,-4.949759601134787,29.708653290069265,1.0930919649934938,1612836148936.0,1.0,1.0,1.0,1.0064795650044254,3076746.0,0.15950689789550082,22021.0
2202429,long,close,45811.5,-29083934.0,45752.0,0.0,0.0,0.8256301055448994,0.15871524617181276,0.9843453517167121,9.981506680036752,59.099346864533096,70.692998641786,25.66125156288402,-4.949759601134787,30.692998641785977,1.095546971188606,1612836170414.0,0.08454452658026225,1.0,0.08454452658026225,1.0065670679240275,21478.0,0.15953087356924622,
2303691,long,entry,47279.5,30548992.0,47279.5,30548992.0,43223.62383137546,0.0,0.16153402637506742,0.16153402637506742,10.143040706411819,59.23438931058265,70.85453266816107,25.66125156288402,-4.949759601134787,30.854532668161045,1.092561041561383,1612855021028.0,1.0,1.0,1.0,1.0065183055298978,18850614.0,0.16686569131790874,22743.0
2304218,long,close,47340.5,-30548992.0,47279.5,0.0,0.0,0.8325704721224724,0.1613258837570368,0.9938963558795092,10.304366590168856,60.06528666409791,71.84842902404057,26.49382203500649,-4.949759601134787,31.848429024040556,1.094916764545851,1612855039114.0,0.08360455760647363,1.0,0.08360455760647363,1.0066023663775439,18086.0,0.16690386406734628,
2306358,long,entry,47175.5,30979999.0,47175.5,30979999.0,43128.54553119428,0.0,0.1641741952920478,0.1641741952920478,10.468540785460904,60.202536291362065,72.01260321933262,26.49382203500649,-4.949759601134787,32.012603219332604,1.0952526970977703,1612855324996.0,1.0,1.0,1.0,1.0065542937015373,285882.0,0.1670588729550054,22680.0
2306861,long,close,47236.5,-30979999.0,47175.5,0.0,0.0,0.8480413165932975,0.16396218496289944,1.012003501556197,10.632502970423804,61.04857121866304,73.02460672088881,27.341863351599788,-4.949759601134787,33.0246067208888,1.0976145854426083,1612855357260.0,0.0843293482830484,1.0,0.0843293482830484,1.006636396557831,32264.0,0.16709530728701127,
2307486,long,entry,47129.0,31456113.0,47129.0,31456113.0,43086.034476268695,0.0,0.16686176770141525,0.16686176770141525,10.79936473812522,61.188067656461435,73.19146848859023,27.341863351599788,-4.949759601134787,33.19146848859021,1.0979822202955838,1612855466513.0,1.0,1.0,1.0,1.0065889974431999,109253.0,0.1671405785742949,22680.0
2307863,long,close,47190.0,-31456113.0,47129.0,0.0,0.0,0.8627732849998246,0.1666460743801653,1.0294193593799899,10.966010812505386,62.0486622409031,74.22088784797022,28.204636636599613,-4.949759601134787,34.220887847970204,1.1003469492873357,1612855521251.0,0.08568808937550516,1.0,0.08568808937550516,1.0066690879842644,54738.0,0.16716788621478437,
2309940,long,entry,47040.5,31911387.0,47040.5,31911387.0,43005.12647335264,0.0,0.16959527959949405,0.16959527959949405,11.135606092104881,62.190443894648276,74.39048312756971,28.204636636599613,-4.949759601134787,34.390483127569695,1.1006623723631492,1612855908229.0,1.0,1.0,1.0,1.00662234806102,386978.0,0.1673183317566853,22625.0
2310169,long,close,47101.5,-31911387.0,47040.5,0.0,0.0,0.8785547853524082,0.16937564090315596,1.0479304262555642,11.304981733008038,63.066513730997926,75.43841355382527,29.08319142195202,-4.949759601134787,35.43841355382526,1.1030419972128644,1612855924010.0,0.08513356578057224,1.0,0.08513356578057224,1.0067006353146695,15781.0,0.16733491915634602,
2311169,long,entry,46989.5,32399699.0,46989.5,32399699.0,42958.501498602185,0.0,0.17237733429808788,0.17237733429808788,11.477359067306125,63.21062118247113,75.61079088812336,29.08319142195202,-4.949759601134787,35.61079088812335,1.1033987357932336,1612856091324.0,1.0,1.0,1.0,1.0066545390751942,167314.0,0.1674073532159998,22625.0
2312181,long,close,47050.5,-32399699.0,46989.5,0.0,0.0,0.8939345930166761,0.17215385064983368,1.06608844366651,11.649512917955958,64.10187112137633,76.67687933178988,29.977126014968697,-4.949759601134787,36.676879331789856,1.1057645710968773,1612856212733.0,0.08427478046976924,1.0,0.08427478046976924,1.006731013634295,121409.0,0.16748065648436947,
2325947,long,entry,46713.5,32738173.0,46713.5,32738173.0,42706.178156314316,0.0,0.17520723666606014,0.17520723666606014,11.824720154622018,64.24834437122915,76.85208656845593,29.977126014968697,-4.949759601134787,36.85208656845592,1.1055033953717839,1612859495855.0,1.0,1.0,1.0,1.0066855467769564,3283122.0,0.1684777837495636,22500.0
2350289,long,close,46774.0,-32738173.0,46713.5,0.0,0.0,0.9064897437291879,0.17498061423012787,1.0814703579593157,11.999700768852145,65.15245359048313,77.93355692641524,30.883615758697886,-4.949759601134787,37.933556926415235,1.1071264932918738,1612863250423.0,0.07430142289169991,1.0,0.07430142289169991,1.0067598887852434,3754568.0,0.17024097362965623,
2355288,long,entry,46053.5,32804600.0,46053.5,32804600.0,42102.7963626288,0.0,0.17807875622916824,0.17807875622916824,12.177779525081313,65.30132743069072,78.1116356826444,30.883615758697886,-4.949759601134787,38.111635682644405,1.1073303080958665,1612864162271.0,1.0,1.0,1.0,1.006715041224348,911848.0,0.17060307149386555,22140.0
2355382,long,close,46113.0,-32804600.0,46053.5,0.0,0.0,0.9191061952711947,0.17784897968035046,1.0969551749515452,12.355628504761663,66.21838195695021,79.20859085759595,31.80272195396908,-4.949759601134787,39.20859085759595,1.1096837536959794,1612864169642.0,0.08571560558895122,1.0,0.08571560558895122,1.0067873392911586,7371.0,0.17060988029547303,
2355567,long,entry,46042.0,33332975.0,46042.0,33332975.0,42092.282910499205,0.0,0.1809922190608575,0.1809922190608575,12.536620723822521,66.36969145208509,79.3895830766568,31.80272195396908,-4.949759601134787,39.389583076656805,1.110065558772767,1612864189624.0,1.0,1.0,1.0,1.006743100761771,19982.0,0.17062328059650897,22140.0
2361730,long,close,46101.5,-33332975.0,46042.0,0.0,0.0,0.9343762813895775,0.18075862499051007,1.1151349063800875,12.717379348813031,67.30194423381884,80.5047179830369,32.73709823535866,-4.949759601134787,40.50471798303689,1.112276728509495,1612864908275.0,0.07995010031695726,1.0,0.07995010031695726,1.0068137527506456,718651.0,0.1710696917061553,
2394347,long,entry,45970.0,33825439.0,45970.0,33825439.0,42026.45939924282,0.0,0.18395387752882314,0.18395387752882314,12.901333226341855,67.45572967543293,80.68867186056572,32.73709823535866,-4.949759601134787,40.68867186056571,1.1113991861288253,1612871019243.0,1.0,1.0,1.0,1.0067701098374557,6110968.0,0.1734322734298831,22140.0
2395874,long,close,46029.5,-33825439.0,45970.0,0.0,0.0,0.9511513888236479,0.18371608968161723,1.134867478505265,13.085049316023472,68.40447888746333,81.82353933907098,33.688249624182305,-4.949759601134787,41.823539339070976,1.1137134116427576,1612871137152.0,0.08277222551249874,1.0,0.08277222551249874,1.0068393346779723,117909.0,0.17354288023897446,
2396555,long,entry,45871.5,34305899.0,45871.5,34305899.0,41936.409197037836,0.0,0.1869673926076104,0.1869673926076104,13.272016708631082,68.56078362768329,82.01050673167859,33.688249624182305,-4.949759601134787,42.01050673167859,1.1140818205427063,1612871204798.0,1.0,1.0,1.0,1.0067962727785889,67646.0,0.1735922078335987,22082.0
2423561,long,close,45931.0,-34305899.0,45871.5,0.0,0.0,0.9688062406786152,0.18672519104744073,1.1555314317260559,13.458741899678522,69.52680790460629,83.16603816340465,34.65705586486092,-4.949759601134787,43.16603816340464,1.1158459845697497,1612873944712.0,0.06807979562138143,1.0,0.06807979562138143,1.006864195401606,2739914.0,0.17554836204860905,
2495551,long,entry,46154.0,35083504.0,46154.0,35083504.0,42194.67492802946,0.0,0.1900350132166226,0.1900350132166226,13.648776912895144,69.68567717565539,83.35607317662128,34.65705586486092,-4.949759601134787,43.356073176621265,1.1140531314547881,1612884360405.0,1.0,1.0,1.0,1.006821699699537,10415693.0,0.18076289000308568,22201.5
2495717,long,close,46214.0,-35083504.0,46154.0,0.0,0.0,0.9868958145147443,0.18978828926299388,1.1766841037777382,13.838565202158138,70.66938508641357,84.53275728039901,35.64395167937567,-4.949759601134787,44.532757280399004,1.1163513785112569,1612884366381.0,0.08544823183064654,1.0,0.08544823183064654,1.0068883840977438,5976.0,0.18077491405698823,
2600499,long,entry,46659.5,36050619.0,46659.5,36050619.0,42656.81063306328,0.0,0.19315797961829853,0.19315797961829853,14.031723181776437,70.83086515737446,84.7259152600173,35.64395167937567,-4.949759601134787,44.7259152600173,1.1125803952719036,1612904844793.0,1.0,1.0,1.0,1.00684644013604,20478412.0,0.18836469969563208,22444.0
2601613,long,close,46720.0,-36050619.0,46659.5,0.0,0.0,1.0005186444269565,0.1929078499571918,1.1934264943841484,14.22463103173363,71.82856970667962,85.91934175440146,36.64447032380262,-4.949759601134787,45.91934175440145,1.1147752011107903,1612904942146.0,0.08375267134068047,1.0,0.08375267134068047,1.0069114277284936,97353.0,0.1884453912380864,
2602098,long,entry,46591.0,36588161.0,46591.0,36588161.0,42594.18689047433,0.0,0.196326334485201,0.196326334485201,14.42095736621883,71.99269852230925,86.11566808888666,36.64447032380262,-4.949759601134787,46.11566808888665,1.1151228561785937,1612905012199.0,1.0,1.0,1.0,1.0068700260672756,70053.0,0.1884805217570185,22444.0
2602335,long,close,46651.5,-36588161.0,46591.0,0.0,0.0,1.0184232649629121,0.19607172866896028,1.2144949936318725,14.61702909488779,73.00801633698548,87.33016308251852,37.662893588765535,-4.949759601134787,47.330163082518524,1.1173386732909247,1612905039421.0,0.08524516218767207,1.0,0.08524516218767207,1.006933808478844,27222.0,0.18849768862915645,
2616504,long,entry,46394.0,37031704.0,46394.0,37031704.0,42414.08654089582,0.0,0.1995500711298875,0.1995500711298875,14.816579166017679,73.17484019645008,87.52971315364842,37.662893588765535,-4.949759601134787,47.52971315364841,1.117008513648041,1612908445494.0,1.0,1.0,1.0,1.0068929359271312,3406073.0,0.18952400682039106,22320.0
2618221,long,close,46454.0,-37031704.0,46394.0,0.0,0.0,1.0309557211687592,0.1992923321995953,1.2302480533683546,15.015871498217274,74.20332756906602,88.75996120701677,38.69384930993429,-4.949759601134787,48.759961207016765,1.1191688174630234,1612908663129.0,0.08327562753375366,1.0,0.08327562753375366,1.006954997975992,217635.0,0.1896483761008166,
2685750,long,entry,46013.0,37328906.0,46013.0,37328906.0,42065.770676150016,0.0,0.20281717123421644,0.20281717123421644,15.21868866945149,74.37288272421782,88.96277837825099,38.69384930993429,-4.949759601134787,48.96277837825098,1.1159860038441476,1612926334360.0,1.0,1.0,1.0,1.0069146466014929,17671231.0,0.1945397757151777,22140.0
2695340,long,close,46072.5,-37328906.0,46013.0,0.0,0.0,1.0477071301479308,0.2025552444516794,1.2502623745996102,15.421243913903169,75.4181020693831,90.21304075285059,39.74155644008223,-4.949759601134787,50.21304075285059,1.1177382923421022,1612928296444.0,0.08030847469008907,1.0,0.08030847469008907,1.0069754512858622,1962084.0,0.19523441834725758,
2777504,long,entry,46465.0,38312710.0,46465.0,38312710.0,42478.99582111702,0.0,0.2061374690627354,0.2061374690627354,15.627381382965904,75.59043299351954,90.41917822191333,39.74155644008223,-4.949759601134787,50.41917822191333,1.113670503400738,1612951507146.0,1.0,1.0,1.0,1.0069356096857396,23210702.0,0.20118589042465193,22382.0
2777759,long,close,46525.0,-38312710.0,46465.0,0.0,0.0,1.0633636233219483,0.20587162815690488,1.2692352514788532,15.833253011122808,76.65151366375585,91.68841347339217,40.804920063404175,-4.949759601134787,51.68841347339218,1.1157206904951413,1612951512426.0,0.08470166297959442,1.0,0.08470166297959442,1.0069950795054252,5280.0,0.20120436110986364,
2789500,long,entry,46239.0,38749892.0,46239.0,38749892.0,42272.38321242085,0.0,0.2095087047730271,0.2095087047730271,16.042761715895836,76.82666294094611,91.8979221781652,40.804920063404175,-4.949759601134787,51.89792217816521,1.1154162948487205,1612954952877.0,1.0,1.0,1.0,1.006955737591505,3440451.0,0.20205480940425882,22263.0
2789609,long,close,46299.0,-38749892.0,46239.0,0.0,0.0,1.086029701408808,0.2092371973476749,1.295266898756483,16.25199891324351,77.90950606830653,93.19318907692168,41.89094976481298,-4.949759601134787,53.19318907692169,1.117467512664754,1612954956622.0,0.08563677984878601,1.0,0.08563677984878601,1.0070145302345446,3745.0,0.2020627047167611,
2791031,long,entry,46185.0,39339853.0,46185.0,39339853.0,42223.015665087114,0.0,0.212947131103172,0.212947131103172,16.464946044346682,78.08752986990878,93.40613620802486,41.89094976481298,-4.949759601134787,53.40613620802486,1.117769976387696,1612955128474.0,1.0,1.0,1.0,1.0069756730828359,171852.0,0.2021657059495888,22201.5
2791627,long,close,46245.0,-39339853.0,46185.0,0.0,0.0,1.1051424254462006,0.21267084549681048,1.317813270943011,16.677616889843492,79.18922176441714,94.72394947896788,42.99609219025918,-4.949759601134787,54.723949478967874,1.119817572715856,1612955180972.0,0.0854880730975284,1.0,0.0854880730975284,1.0070334601606847,52498.0,0.20220887664914244,
2799754,long,entry,45976.5,39805521.0,45976.5,39805521.0,42032.40182440758,0.0,0.21644492838732832,0.21644492838732832,16.89406181823082,79.37016972454896,94.94039440735521,42.99609219025918,-4.949759601134787,54.9403944073552,1.1198532719134093,1612956737692.0,1.0,1.0,1.0,1.0069950763502125,1556720.0,0.20279754825194884,22140.0
2809334,long,stop_loss_liq_diff,44881.5,-5652384.0,45976.5,34153137.0,41495.88536729842,-2.9994560807566533,0.03148504394906587,-2.9679710368075876,16.925546862179885,76.8889459377778,91.97242337054762,42.99609219025918,-7.94921568189144,51.97242337054761,1.11512138020216,1612957192186.0,0.06329262188628719,1.0,0.06329262188628719,1.0066831076180778,454494.0,0.2034914665434322,24846.0
2850841,long,close,46036.0,-34153137.0,45976.5,0.0,0.0,0.9600947113805153,0.18546972478060647,1.1455644361611217,17.111016586960492,77.84663780640851,93.11798780670874,43.9561869016397,-7.94921568189144,53.11798780670873,1.1159394580940978,1612962528275.0,0.07017230704613929,1.0,0.07017230704613929,1.0067287906104985,5336089.0,0.2064979870574822,
2857510,long,entry,45284.0,38541265.0,45284.0,38541265.0,41399.30792814799,0.0,0.21277529038954157,0.21277529038954157,17.323791877350033,78.02451794917417,93.33076309709828,43.9561869016397,-7.94921568189144,53.33076309709828,1.116053265021665,1612963706155.0,1.0,1.0,1.0,1.0066937233489166,1177880.0,0.20698104980131338,21780.0
2857630,long,close,45342.5,-38541265.0,45284.0,0.0,0.0,1.0980739472052823,0.21250077190274028,1.3105747191080226,17.536292649252772,79.12015841434847,94.6413378162063,45.054260848844976,-7.94921568189144,54.6413378162063,1.1180706459894811,1612963712850.0,0.08572452180499575,1.0,0.08572452180499575,1.006750926881905,6695.0,0.20698974188847183,
2858944,long,entry,45238.5,39132417.0,45238.5,39132417.0,41357.71119955944,0.0,0.21625615902384032,0.21625615902384032,17.75254880827661,79.3009485632924,94.85759397523015,45.054260848844976,-7.94921568189144,54.857593975230145,1.1183818786601751,1612963816827.0,1.0,1.0,1.0,1.006716230935583,103977.0,0.2070849202428569,21780.0
2859107,long,close,45297.0,-39132417.0,45238.5,0.0,0.0,1.1171587789826898,0.21597686932909466,1.3331356483117844,17.968525677605705,80.41544996528104,96.19072962354193,46.17141962782767,-7.94921568189144,56.19072962354193,1.1204043015068859,1612963826137.0,0.08562339130543685,1.0,0.08562339130543685,1.0067724727371308,9310.0,0.20709672699458048,
2860819,long,entry,45173.0,39715475.0,45173.0,39715475.0,41297.83014967806,0.0,0.21979653222057424,0.21979653222057424,18.18832220982628,80.59919986621745,96.4105261557625,46.17141962782767,-7.94921568189144,56.410526155762504,1.1207090473580164,1612963965201.0,1.0,1.0,1.0,1.0067381412914909,139064.0,0.2072207341047078,21720.0
2861194,long,close,45231.5,-39715475.0,45173.0,0.0,0.0,1.137092259589309,0.2195122591556769,1.3566045187449858,18.407834468981957,81.73332124388826,97.76713067450748,47.30851188741698,-7.94921568189144,57.76713067450749,1.1227360370765755,1612963982737.0,0.0851370118145796,1.0,0.0851370118145796,1.0067934943725578,17536.0,0.20724789687707795,
2862042,long,entry,45124.5,40323004.0,45124.5,40323004.0,41253.490708712874,0.0,0.22339861937528394,0.22339861937528394,18.63123308835724,81.920082489686,97.99052929388277,47.30851188741698,-7.94921568189144,57.99052929388277,1.1230448848782943,1612964101191.0,1.0,1.0,1.0,1.0067595204207072,118454.0,0.20730932095966437,21720.0
2862372,long,close,45183.0,-40323004.0,45124.5,0.0,0.0,1.1569678182903629,0.22310937742071132,1.3800771957110742,18.854342465777954,83.07382702530046,99.37060648959385,48.46547970570734,-7.94921568189144,59.37060648959385,1.1250781845198288,1612964114991.0,0.08446630103057348,1.0,0.08446630103057348,1.0068139826937939,13800.0,0.20733322419935013,
2873087,long,entry,44889.5,40770902.0,44889.5,40770902.0,41038.65024756265,0.0,0.2270625758807739,0.2270625758807739,19.081405041658726,83.26365133873679,99.59766906547463,48.46547970570734,-7.94921568189144,59.59766906547462,1.125136685901488,1612965493323.0,1.0,1.0,1.0,1.006780359608599,1378332.0,0.20810935514854054,21600.0
2873314,long,close,44947.5,-40770902.0,44889.5,0.0,0.0,1.1720010591098982,0.22676957561599645,1.3987706347258946,19.308174617274723,84.43302358936764,100.99643970020053,49.637480764817234,-7.94921568189144,60.99643970020051,1.1271652232979454,1612965500066.0,0.08496972658418382,1.0,0.08496972658418382,1.0068335799285402,6743.0,0.20812579768008194,
2877046,long,entry,44772.0,41329501.0,44772.0,41329501.0,40931.22991128808,0.0,0.23077761212364872,0.23077761212364872,19.538952229398372,84.625953673103,101.22721731232417,49.637480764817234,-7.94921568189144,61.22721731232416,1.1274477220391528,1612965747440.0,1.0,1.0,1.0,1.0068003039957931,247374.0,0.2083961215907099,21539.0
2877326,long,close,44830.0,-41329501.0,44772.0,0.0,0.0,1.1942985949740477,0.2304790374749052,1.424777632448953,19.769431266873276,85.81706777383033,102.65199494477312,50.831779359791284,-7.94921568189144,62.65199494477311,1.1294818611521644,1612965764908.0,0.08547869805196776,1.0,0.08547869805196776,1.0068528313417902,17468.0,0.20841640312741297,
2880852,long,entry,44656.5,41898616.0,44656.5,41898616.0,40825.638085479266,0.0,0.23456056789045268,0.23456056789045268,20.003991834763728,86.01316040858674,102.88655551266358,50.831779359791284,-7.94921568189144,62.88655551266356,1.1297299726112575,1612966177337.0,1.0,1.0,1.0,1.0068198950683438,412429.0,0.20867180562175225,21479.5
2881476,long,close,44714.5,-41898616.0,44656.5,0.0,0.0,1.2170112994796582,0.23425631506558275,1.451267614545241,20.23824814982931,87.22642013434657,104.33782312720882,52.04879065927094,-7.94921568189144,64.33782312720881,1.1317707329476894,1612966197271.0,0.0840621888949629,1.0,0.0840621888949629,1.006871749144802,19934.0,0.2087170044749762,
2881808,long,entry,44617.0,42549038.0,44617.0,42549038.0,40789.52665945267,0.0,0.23841270143667212,0.23841270143667212,20.476660851265983,87.42573315274763,104.5762358286455,52.04879065927094,-7.94921568189144,64.57623582864548,1.1321009841866587,1612966213018.0,1.0,1.0,1.0,1.0068391452694536,15747.0,0.20874105258278128,21479.5
2883610,long,close,44675.0,-42549038.0,44617.0,0.0,0.0,1.2380917008016064,0.23810317851147175,1.4761948793130781,20.714764029777456,88.65983207185336,106.05243070795856,53.286882360072546,-7.94921568189144,66.05243070795856,1.13413967021884,1612966268988.0,0.0819269480986131,1.0,0.0819269480986131,1.006890207502865,55970.0,0.20887157875827742,
2893712,long,entry,44494.5,43129514.0,44494.5,43129514.0,40677.53531475738,0.0,0.24233059142141164,0.24233059142141164,20.957094621198866,88.86242044628165,106.29476129937997,53.286882360072546,-7.94921568189144,66.29476129937997,1.1342633811683536,1612967254827.0,1.0,1.0,1.0,1.0068579299525937,985839.0,0.20960330762890003,21420.0
2894417,long,close,44552.0,-43129514.0,44494.5,0.0,0.0,1.2510333099954876,0.24201783309391275,1.4930511430894002,21.19911245429278,90.11061120190439,107.78781244246937,54.53791567006803,-7.94921568189144,67.78781244246937,1.1363019859582295,1612967267210.0,0.08294082457458599,1.0,0.08294082457458599,1.006907673261522,12383.0,0.20965437364095596,
2894755,long,entry,44448.5,43789942.0,44448.5,43789942.0,40635.481390600435,0.0,0.24629594924463144,0.24629594924463144,21.445408403537414,90.3165146154729,108.034108391714,54.53791567006803,-7.94921568189144,68.034108391714,1.1366309364849072,1612967292106.0,1.0,1.0,1.0,1.0068757199087452,24896.0,0.20967885635311895,21420.0
2894946,long,close,44506.0,-43789942.0,44448.5,0.0,0.0,1.2728186834643551,0.24597774457376534,1.5187964280381205,21.691386148111178,91.58622842931277,109.55290481975211,55.81073435353239,-7.94921568189144,69.55290481975211,1.1386757985998146,1612967302678.0,0.08491011596179718,1.0,0.08491011596179718,1.0069247435083784,10572.0,0.2096926912585128,
2896055,long,entry,44401.5,44459968.0,44401.5,44459968.0,40592.51332550323,0.0,0.25032920059007013,0.25032920059007013,21.941715348701248,91.79550364100606,109.80323402034219,55.81073435353239,-7.94921568189144,69.80323402034219,1.1389879820723887,1612967406029.0,1.0,1.0,1.0,1.0068931082326174,103351.0,0.20977302063066888,21358.0
2897919,long,close,44459.0,-44459968.0,44401.5,0.0,0.0,1.2950294908953386,0.2500054432173463,1.5450349341126848,22.191720791918595,93.08715284592428,111.34826895445488,57.10576384442773,-7.94921568189144,71.34826895445487,1.141019028598831,1612967503344.0,0.0827172547510174,1.0,0.0827172547510174,1.0069414362193216,97315.0,0.20990803771786354,
2899902,long,entry,44273.5,45058314.0,44273.5,45058314.0,40475.493863464864,0.0,0.2544316238833614,0.2544316238833614,22.446152415801958,93.29985768349077,111.60270057833824,57.10576384442773,-7.94921568189144,71.60270057833823,1.141319521462167,1612967659493.0,1.0,1.0,1.0,1.0069101130252562,156149.0,0.210051674458157,21299.0
2900002,long,close,44331.0,-45058314.0,44273.5,0.0,0.0,1.3200530891063238,0.2541016106110848,1.5741546997174085,22.70025402641304,94.61585101245453,113.17685527805565,58.42581693353405,-7.94921568189144,73.17685527805564,1.1433801618938728,1612967662231.0,0.0853925846306056,1.0,0.0853925846306056,1.0069579094317662,2738.0,0.2100589178641224,
2900288,long,entry,44258.0,45782237.0,44258.0,45782237.0,40461.32344822927,0.0,0.25860995187310765,0.25860995187310765,22.95886397828615,94.83204893222045,113.43546522992877,58.42581693353405,-7.94921568189144,73.43546522992875,1.143712097842079,1612967681035.0,1.0,1.0,1.0,1.0069268915104503,18804.0,0.21007963400518337,21299.0
2900444,long,close,44315.5,-45782237.0,44258.0,0.0,0.0,1.342200560319031,0.25827440173302796,1.600474962052059,23.21713838001918,96.17004600049597,115.03594019198083,59.76801749385308,-7.94921568189144,75.03594019198081,1.1457739258526238,1612967699508.0,0.08575410508672696,1.0,0.08575410508672696,1.006973976414701,18473.0,0.2100909337184894,
2904179,long,entry,44133.5,46403370.0,44133.5,46403370.0,40347.50371824028,0.0,0.26285797636715874,0.26285797636715874,23.479996356386337,96.38979526873891,115.29879816834799,59.76801749385308,-7.94921568189144,75.29879816834797,1.1460139044365223,1612968115804.0,1.0,1.0,1.0,1.0069432584512914,416296.0,0.21036147493129628,21240.0
2904608,long,close,44190.5,-46403370.0,44133.5,0.0,0.0,1.356210466315449,0.2625189237505799,1.618729390066029,23.742515280136917,97.7430530388341,116.91752755841401,61.124227960168525,-7.94921568189144,76.917527558414,1.1480687023299727,1612968132664.0,0.08484159593902466,1.0,0.08484159593902466,1.0069891769271626,16860.0,0.21039254914288777,
2906353,long,entry,44061.5,47085426.0,44061.5,47085426.0,40281.680227959616,0.0,0.26715741633852685,0.26715741633852685,24.009672696475445,97.96639663889312,117.18468497475253,61.124227960168525,-7.94921568189144,77.18468497475251,1.1483688458438228,1612968289984.0,1.0,1.0,1.0,1.0069587567952252,157320.0,0.21051894657698364,21235.5
2907805,long,close,44118.5,-47085426.0,44061.5,0.0,0.0,1.380642835209365,0.26681225562972455,1.6474550908390895,24.276484952105168,99.3436690948346,118.83214006559163,62.50487079537789,-7.94921568189144,78.8321400655916,1.1504148987543268,1612968370042.0,0.08303804441298863,1.0,0.08303804441298863,1.0070041100699523,80058.0,0.21062412083160095,
2908223,long,entry,43984.0,47772311.0,43984.0,47772311.0,40210.82863402326,0.0,0.27153232425427426,0.27153232425427426,24.54801727635944,99.57067011791118,119.10367238984591,62.50487079537789,-7.94921568189144,79.10367238984588,1.1507445329602581,1612968404612.0,1.0,1.0,1.0,1.0069739818912726,34570.0,0.21065439826853624,21177.0
2911771,long,close,44041.0,-47772311.0,43984.0,0.0,0.0,1.405721258145305,0.271180893939738,1.676902152085043,24.81919817029918,100.97256031705427,120.78057454193096,63.910592053523196,-7.94921568189144,80.78057454193093,1.1527660130570856,1612968612520.0,0.08106337963290693,1.0,0.08106337963290693,1.007018795647674,207908.0,0.2109113943121879,
3000032,long,entry,44415.0,49031408.0,44415.0,49031408.0,40604.85523418789,0.0,0.2759845097377012,0.2759845097377012,25.09518268003688,101.203283367195,121.05655905166866,63.910592053523196,-7.94921568189144,81.05655905166863,1.1486277764233401,1612987466358.0,1.0,1.0,1.0,1.0069889536401933,18853838.0,0.21730449685129144,21358.0
3000374,long,close,44472.5,-49031408.0,44415.0,0.0,0.0,1.4273188428730375,0.27562768002698296,1.7029465229000205,25.370810360063864,102.62694666033941,122.75950557456868,65.33791089639624,-7.94921568189144,82.75950557456865,1.1506296881729683,1612987499080.0,0.08554831861930051,1.0,0.08554831861930051,1.0070330398987326,32722.0,0.217329269299693,
3040732,long,entry,44423.0,49843740.0,44423.0,49843740.0,40612.168953274144,0.0,0.28050638182923265,0.28050638182923265,25.651316741893098,102.86144999554864,123.0400119563979,65.33791089639624,-7.94921568189144,83.04001195639788,1.1479074044365392,1613000786017.0,1.0,1.0,1.0,1.0070034797054817,13286937.0,0.22025256307920085,21358.0
3049847,long,close,44480.5,-49843740.0,44423.0,0.0,0.0,1.4504438533902382,0.2801437708658851,1.7305876242561233,25.93146051275898,104.30822124942677,124.77059958065404,66.78835474978648,-7.94921568189144,84.770599580654,1.1495022414438922,1613002434194.0,0.07908913938153869,1.0,0.07908913938153869,1.0070469196378757,1648177.0,0.22091279953294518,
3311741,long,entry,47353.5,54002262.0,47353.5,54002262.0,43291.27572947771,0.0,0.28510174538312905,0.28510174538312905,26.216562258142112,104.54656630856707,125.05570132603717,66.78835474978648,-7.94921568189144,85.05570132603712,1.1378319210717365,1613059710592.0,1.0,1.0,1.0,1.0070176365887544,57276398.0,0.23988284515191596,22806.0
3312178,long,close,47415.0,-54002262.0,47353.5,0.0,0.0,1.4791738767109874,0.2847319519139513,1.7639058286249387,26.501294210056063,106.02119158129751,126.81960715466211,68.26752862649747,-7.94921568189144,86.81960715466207,1.1396367594521588,1613059720413.0,0.08410236151444023,1.0,0.08410236151444023,1.0070607015404014,9821.0,0.23991449883598467,
3315593,long,entry,47222.5,54737252.0,47222.5,54737252.0,43171.51363985799,0.0,0.2897837471544285,0.2897837471544285,26.79107795721049,106.26345079391862,127.10939090181654,68.26752862649747,-7.94921568189144,87.1093909018165,1.139862769243048,1613060071441.0,1.0,1.0,1.0,1.0070316895116915,351028.0,0.24016186114970237,22743.0
3316983,long,close,47283.5,-54737252.0,47222.5,0.0,0.0,1.495389180278213,0.289409899859359,1.7847990801375722,27.080487857069848,107.75554282491362,128.8941899819541,69.76291780677568,-7.94921568189144,88.89418998195407,1.1416516357143727,1613060132799.0,0.08276470478556117,1.0,0.08276470478556117,1.007073771522754,61358.0,0.24026254449262113,
3378330,long,entry,47878.5,56405504.0,47878.5,56405504.0,43771.238571478694,0.0,0.29452418099982247,0.29452418099982247,27.37501203806967,108.00176504022947,129.18871416295391,69.76291780677568,-7.94921568189144,89.1887141629539,1.1394524780112005,1613072914695.0,1.0,1.0,1.0,1.0070450283047243,12781896.0,0.24470615675020246,23040.0
3378546,long,close,47940.5,-56405504.0,47878.5,0.0,0.0,1.523596893815211,0.2941432817763686,1.8177401755915796,27.669155319846038,109.52139582702402,131.0064543385455,71.28651470059089,-7.94921568189144,91.00645433854548,1.1412259063295498,1613072918605.0,0.08520233716187313,1.0,0.08520233716187313,1.0070867018163285,3910.0,0.24472180250708767,
3378792,long,entry,47858.5,57305906.0,47858.5,57305906.0,43752.954282943596,0.0,0.2993507213974529,0.2993507213974529,27.96850604124349,109.77165303011229,131.30580505994294,71.28651470059089,-7.94921568189144,91.30580505994294,1.1415140145490204,1613072928713.0,1.0,1.0,1.0,1.0070582218763346,10108.0,0.24473962128576252,23040.0
3379399,long,close,47920.5,-57305906.0,47858.5,0.0,0.0,1.549211275061138,0.2989634185786876,1.8481746936398256,28.267469459822177,111.3167270739952,133.15397975358277,72.83572597565202,-7.94921568189144,93.15397975358276,1.1432882068999508,1613072947928.0,0.08386125292215763,1.0,0.08386125292215763,1.0070993567755977,19215.0,0.24478358875997236,
3380330,long,entry,47791.0,58163144.0,47791.0,58163144.0,43691.244748481615,0.0,0.3042578309723588,0.3042578309723588,28.571727290794534,111.57108662068808,133.45823758455512,72.83572597565202,-7.94921568189144,93.45823758455512,1.1435634203194045,1613073025702.0,1.0,1.0,1.0,1.0070711355718818,77774.0,0.24485102486951005,22987.0
3426313,long,close,47853.0,-58163144.0,47791.0,0.0,0.0,1.5768278285821773,0.3038636240152133,1.8806914525973906,28.87559091480975,113.14334467505948,135.3389290371525,74.41255380423421,-7.94921568189144,95.33892903715251,1.1437940742317914,1613080859967.0,0.06341451144210303,1.0,0.06341451144210303,1.0071118136564834,7834265.0,0.24818176023457045,
3477388,long,entry,48125.0,59530713.0,48125.0,59530713.0,43996.59254051204,0.0,0.30925045714285715,0.30925045714285715,29.184841371952604,113.40187805723092,135.64817949429536,74.41255380423421,-7.94921568189144,95.64817949429536,1.1427304771062827,1613087803760.0,1.0,1.0,1.0,1.0070838463564016,6943793.0,0.251881329831388,23168.0
3483392,long,close,48187.5,-59530713.0,48125.0,0.0,0.0,1.6044122290159497,0.30884935408560316,1.913261583101553,29.493690726038206,115.00136474070382,137.56144107739692,76.01696603325016,-7.94921568189144,97.56144107739692,1.1443328592212565,1613088560260.0,0.08098232758181367,1.0,0.08098232758181367,1.0071240562510286,756500.0,0.25231622392554937,
3513256,long,entry,47607.5,59857655.0,47607.5,59857655.0,43523.4863227451,0.0,0.31432891351152653,0.31432891351152653,29.808019639549734,115.26414371239946,137.87576999090845,76.01696603325016,-7.94921568189144,97.87576999090845,1.142863235290428,1613097654634.0,1.0,1.0,1.0,1.007096338280566,9094374.0,0.2544793946830503,22923.5
3513319,long,close,47669.0,-59857655.0,47607.5,0.0,0.0,1.6221215616822993,0.313923383121106,1.9360449448034052,30.12194302267084,116.8826772862551,139.81181493571185,77.63908759493246,-7.94921568189144,99.81181493571185,1.1445834473978225,1613097658735.0,0.08571787407055922,1.0,0.08571787407055922,1.0071356673011311,4101.0,0.25448395802880847,
3513483,long,entry,47597.5,60824091.0,47597.5,60824091.0,43514.34422701516,0.0,0.3194710383948737,0.3194710383948737,30.441414061065714,117.14975507435322,140.13128597410673,77.63908759493246,-7.94921568189144,100.13128597410673,1.144861293937027,1613097679892.0,1.0,1.0,1.0,1.0071081966102815,21157.0,0.2544958372145917,22923.5
3513967,long,close,47659.0,-60824091.0,47597.5,0.0,0.0,1.6490038701009648,0.3190587874273485,1.9680626575283133,30.760472848493063,118.79505545604688,142.09934863163502,79.28809146503343,-7.94921568189144,102.09934863163504,1.1465723496967453,1613097747304.0,0.08472747064173829,1.0,0.08472747064173829,1.007147031330036,67412.0,0.25453089529946415,
3517808,long,entry,47452.0,61630291.0,47452.0,61630291.0,43381.325939405746,0.0,0.3246980685745596,0.3246980685745596,31.08517091706762,119.0665030413752,142.42404670020957,79.28809146503343,-7.94921568189144,102.4240467002096,1.146642106505716,1613098832410.0,1.0,1.0,1.0,1.0071198037787452,1085106.0,0.25480911452259436,22869.0
3520582,long,close,47513.5,-61630291.0,47452.0,0.0,0.0,1.6811164167940034,0.324277789470361,2.0053942062643646,31.409448706537983,120.7430125978122,144.42944090647393,80.96920788182743,-7.94921568189144,104.42944090647397,1.1482697877327952,1613099343386.0,0.08297325020016814,1.0,0.08297325020016814,1.0071583417339625,510976.0,0.255010046604074,
3522168,long,entry,47278.0,62411186.0,47278.0,62411186.0,43222.25254223143,0.0,0.3300223465459622,0.3300223465459622,31.739471053083946,121.01891127952463,144.7594632530199,80.96920788182743,-7.94921568189144,104.75946325301993,1.148449624341128,1613099860310.0,1.0,1.0,1.0,1.0071313522460739,516924.0,0.2551249270226849,22743.0
3522551,long,close,47339.0,-62411186.0,47278.0,0.0,0.0,1.7010383100025963,0.3295970869684615,2.030635396971058,32.06906814005241,122.71652247139242,146.79009864999094,82.67024619183003,-7.94921568189144,106.790098649991,1.150161735453299,1613099914221.0,0.08549494229669237,1.0,0.08549494229669237,1.0071691155696876,53911.0,0.25515266926753233,
3523122,long,entry,47240.0,63380295.0,47240.0,63380295.0,43187.51233388881,0.0,0.33541646380186285,0.33541646380186285,32.40448460385427,122.99693063513078,147.1255151137928,82.67024619183003,-7.94921568189144,107.12551511379286,1.1504236538867336,1613100016815.0,1.0,1.0,1.0,1.007142361887119,102594.0,0.25519402911559463,22743.0
3526828,long,close,47301.0,-63380295.0,47240.0,0.0,0.0,1.730230167811658,0.3349839062599099,2.065214074071568,32.73946851011418,124.72344960105461,149.19072918786438,84.40047635964169,-7.94921568189144,109.19072918786442,1.1520364094313824,1613100577942.0,0.08048092119255212,1.0,0.08048092119255212,1.0071797062481476,561127.0,0.2554624697406716,
3554423,long,entry,46869.5,63911611.0,46869.5,63911611.0,42848.79573637896,0.0,0.34090192449247375,0.34090192449247375,33.08037043460665,125.00844360993032,149.53163111235685,84.40047635964169,-7.94921568189144,109.53163111235689,1.151100100149001,1613106622458.0,1.0,1.0,1.0,1.0071531842668695,6044516.0,0.257461287616818,22562.5
3554611,long,close,46930.0,-63911611.0,46869.5,0.0,0.0,1.7579003990448867,0.34046244939271253,2.098362848437599,33.42083288399936,126.76267495122416,151.62999396079445,86.15837675868657,-7.94921568189144,111.6299939607945,1.1528089638741963,1613106643357.0,0.08554120544680707,1.0,0.08554120544680707,1.0071900469190427,20899.0,0.25747490522003297,
3655402,long,entry,47349.5,65621798.0,47349.5,65621798.0,43287.61892305373,0.0,0.3464756650017424,0.3464756650017424,33.7673085490011,127.05232860716562,151.9764696257962,86.15837675868657,-7.94921568189144,111.97646962579624,1.1472326543960063,1613136661719.0,1.0,1.0,1.0,1.0071637530257733,30018362.0,0.2647756065265985,22806.0
3656106,long,close,47411.0,-65621798.0,47349.5,0.0,0.0,1.7977476448593257,0.3460262280905275,2.143773872949853,34.11333477709163,128.8445235649517,154.12024349874605,87.9561244035459,-7.94921568189144,114.12024349874609,1.1488793145461222,1613136704227.0,0.08395685275518511,1.0,0.08395685275518511,1.0072005536437858,42508.0,0.2648266001045948,
3656369,long,entry,47306.5,66638945.0,47306.5,66638945.0,43248.307662421765,0.0,0.3521659021487533,0.3521659021487533,34.465500679240385,129.13893425914804,154.4724094008948,87.9561244035459,-7.94921568189144,114.47240940089485,1.1491442406973176,1613136730039.0,1.0,1.0,1.0,1.007174482127748,25812.0,0.26484565026228374,22743.0
3657042,long,close,47368.0,-66638945.0,47306.5,0.0,0.0,1.8289311756585438,0.35170866935483874,2.1806398450133826,34.81720934859523,130.96194916957924,156.6530492459082,89.78505557920444,-7.94921568189144,116.65304924590824,1.1507821608838953,1613136837528.0,0.08496302339155035,1.0,0.08496302339155035,1.0072108953989025,107489.0,0.26489439838443074,
3657985,long,entry,47240.5,67639587.0,47240.5,67639587.0,43187.96947894776,0.0,0.3579533821614928,0.3579533821614928,35.17516273075672,131.26119819706625,157.0110026280697,89.78505557920444,-7.94921568189144,117.01100262806973,1.151018925220531,1613137011195.0,1.0,1.0,1.0,1.0071850424704392,173667.0,0.26496270370268427,22743.0
3692002,long,close,47301.5,-67639587.0,47240.5,0.0,0.0,1.8464662906547127,0.3574917655888291,2.203958056243542,35.53265449634554,133.10370713208587,159.21496068431324,91.63152186985916,-7.94921568189144,119.21496068431327,1.1515621520223187,1613142736879.0,0.06442594603899836,1.0,0.06442594603899836,1.0072206093558125,5725684.0,0.2674266931099274,
3731043,long,entry,47185.5,68665730.0,47185.5,68665730.0,43137.6876330959,0.0,0.36380736666984564,0.36380736666984564,35.89646186301539,133.40785009062185,159.5787680509831,91.63152186985916,-7.94921568189144,119.57876805098311,1.150179601336497,1613151407655.0,1.0,1.0,1.0,1.0071949737527712,8670776.0,0.27025459123287116,22680.0
3731388,long,close,47246.5,-68665730.0,47185.5,0.0,0.0,1.8788481150442762,0.36333765464108453,2.242185769685361,36.259799517656475,135.2823173940788,161.82095382066842,93.51036998490343,-7.94921568189144,121.82095382066848,1.1518006715493492,1613151422921.0,0.08472793632437464,1.0,0.08472793632437464,1.0072301931907306,15266.0,0.27027958098345173,
3847367,long,entry,47288.0,69941237.0,47288.0,69941237.0,43231.39466027518,0.0,0.36976208023177126,0.36976208023177126,36.62956159788825,135.59143849315254,162.1907159009002,93.51036998490343,-7.94921568189144,122.19071590090024,1.1436179420043442,1613198286786.0,1.0,1.0,1.0,1.0072047711253465,46863865.0,0.2786804107880391,22743.0
3847713,long,close,47349.5,-69941237.0,47288.0,0.0,0.0,1.921065095450256,0.36928181395790877,2.2903469094081648,36.99884341184616,137.50616850941776,164.48106281030834,95.4314350803537,-7.94921568189144,124.48106281030842,1.1451542503383865,1613198298475.0,0.08491428020500007,1.0,0.08491428020500007,1.0072399396385976,11689.0,0.27870547297267934,
3855626,long,entry,47021.5,70690327.0,47021.5,70690327.0,42987.75640545157,0.0,0.3758404506449177,0.3758404506449177,37.374683862491075,137.8203711261569,164.85690326095326,95.4314350803537,-7.94921568189144,124.85690326095333,1.145141885324063,1613199825323.0,1.0,1.0,1.0,1.0072147259452189,1526848.0,0.2792786436867198,22625.0
3858637,long,close,47082.5,-70690327.0,47021.5,0.0,0.0,1.9477527734796087,0.37535351245154785,2.3231062859311566,37.75003737494262,139.76248798119536,167.1800095468844,97.3791878538333,-7.94921568189144,127.18000954688449,1.1466459471172585,1613200000656.0,0.07949129752780369,1.0,0.07949129752780369,1.0072493404629743,175333.0,0.27949674264033736,
3893720,long,entry,46678.0,71325396.0,46678.0,71325396.0,42673.72356653533,0.0,0.38200756244911954,0.38200756244911954,38.13204493739174,140.08184630340284,167.56201710933354,97.3791878538333,-7.94921568189144,127.56201710933361,1.145074897961712,1613210595483.0,1.0,1.0,1.0,1.0072243326980297,10594827.0,0.2820379467551714,22444.0
3894032,long,close,46738.5,-71325396.0,46678.0,0.0,0.0,1.977937462962742,0.3815130780833788,2.3594505410461206,38.51355801547512,142.05434695571736,169.92146765037964,99.35712531679604,-7.94921568189144,129.92146765037973,1.1465863712808042,1613210617253.0,0.08508927337652722,1.0,0.08508927337652722,1.00725850073907,21770.0,0.2820605461817834,
3894812,long,entry,46636.0,72429778.0,46636.0,72429778.0,42635.32657707406,0.0,0.3882718179089116,0.3882718179089116,38.90182983338403,142.3789421954892,170.30973946828854,99.35712531679604,-7.94921568189144,130.30973946828863,1.1468192042982968,1613210702601.0,1.0,1.0,1.0,1.0072336960068824,85348.0,0.2821170447483134,22444.0
3896004,long,close,46696.5,-72429778.0,46636.0,0.0,0.0,2.012180354715238,0.38776877282023275,2.3999491275354705,39.28959860620426,144.38529966610886,172.70968859582402,101.36930567151128,-7.94921568189144,132.7096885958241,1.1483211274536576,1613210797842.0,0.08382055662123815,1.0,0.08382055662123815,1.0072675318980546,95241.0,0.2822033861474207,
3897456,long,entry,46532.0,73454098.0,46532.0,73454098.0,42540.24822241653,0.0,0.3946429231496605,0.3946429231496605,39.68424152935392,144.715221149862,173.10433151897368,101.36930567151128,-7.94921568189144,133.10433151897377,1.1485330993485054,1613211003879.0,1.0,1.0,1.0,1.0072429268366834,206037.0,0.282308560402038,22382.0
3900081,long,close,46592.5,-73454098.0,46532.0,0.0,0.0,2.049763103551356,0.39413048237377263,2.4438935859251285,40.078372011727694,146.7583161876954,175.54822510489882,103.41906877506264,-7.94921568189144,135.5482251048989,1.1500301524044454,1613211151806.0,0.08074749395128188,1.0,0.08074749395128188,1.0072765144264684,147927.0,0.28249869980862924,
4208478,long,entry,48885.0,78436765.0,48885.0,78436765.0,44691.395924453325,0.0,0.4011290017387747,0.4011290017387747,40.47950101346647,147.09366003314904,175.9493541066376,103.41906877506264,-7.94921568189144,135.94935410663768,1.1350748263904846,1613307152562.0,1.0,1.0,1.0,1.00725210537799,96000756.0,0.3048371465036804,23530.0
4211106,long,close,48948.5,-78436765.0,48885.0,0.0,0.0,2.081509473051306,0.40060862437051187,2.482118097421818,40.88010963783698,149.16871076259366,178.43147220405942,105.50057824811395,-7.94921568189144,138.4314722040595,1.1363955801704844,1613307431042.0,0.08288657156291593,1.0,0.08288657156291593,1.0072852694066603,278480.0,0.30502750321245053,
4229693,long,entry,48500.5,79097960.0,48500.5,79097960.0,44339.880260688136,0.0,0.40771724002845333,0.40771724002845333,41.287826877865434,149.50956237525747,178.83918944408788,105.50057824811395,-7.94921568189144,138.83918944408796,1.1358740793297475,1613312619354.0,1.0,1.0,1.0,1.0072610536876274,5188312.0,0.3063738350792356,23349.0
4230425,long,close,48563.5,-79097960.0,48500.5,0.0,0.0,2.115678328110256,0.4071883204464258,2.5228666485566817,41.69501519831186,151.61867889345086,181.36205609264456,107.6162565762242,-7.94921568189144,141.36205609264465,1.137224001967628,1613312650624.0,0.0848227482081727,1.0,0.0848227482081727,1.0072938556052982,31270.0,0.3064268568109022,
4231201,long,entry,48436.5,80290986.0,48436.5,80290986.0,44281.370492282105,0.0,0.41441364466879316,0.41441364466879316,42.10942884298065,151.96512870039396,181.77646973731336,107.6162565762242,-7.94921568189144,141.77646973731345,1.1374313626832278,1613312743982.0,1.0,1.0,1.0,1.007269830326912,93358.0,0.30648306564119354,23284.5
4234457,long,close,48499.0,-80290986.0,48436.5,0.0,0.0,2.1361968528668402,0.4138795954555764,2.5500764483224168,42.523308438436224,154.0969926111915,184.32654618563578,109.75245342909105,-7.94921568189144,144.32654618563586,1.138737178713763,1613313037994.0,0.08282165508943444,1.0,0.08282165508943444,1.0073019081404062,294012.0,0.30671891093942627,
4235754,long,entry,48256.0,81299302.0,48256.0,81299302.0,44116.354748577185,0.0,0.42118753108421747,0.42118753108421747,42.94449596952044,154.44910538717792,184.74773371672,109.75245342909105,-7.94921568189144,144.7477337167201,1.1389302873291438,1613313229491.0,1.0,1.0,1.0,1.0072780722340378,191497.0,0.3068128579147973,23220.0
4236160,long,close,48318.5,-81299302.0,48256.0,0.0,0.0,2.179224991898576,0.4206427248362429,2.599867716734819,43.36513869435668,156.62259479836823,187.34760143345483,111.93167842098963,-7.94921568189144,147.3476014334549,1.1402792370255146,1613313263557.0,0.08491278264722703,1.0,0.08491278264722703,1.007310014453188,34066.0,0.3068422661430167,
4327019,long,entry,48160.0,82467385.0,48160.0,82467385.0,44028.590081216855,0.0,0.42809066133720935,0.42809066133720935,43.79322935569389,156.98047859124614,187.77569209479205,111.93167842098963,-7.94921568189144,147.77569209479213,1.1353894039751518,1613349212328.0,1.0,1.0,1.0,1.0072863641083494,35948771.0,0.3134235523691008,23168.0
4332036,long,close,48222.5,-82467385.0,48160.0,0.0,0.0,2.2193512433885814,0.42753582352636216,2.6468870669149434,44.22076517922025,159.19327617918705,190.422579161707,114.15102966437821,-7.94921568189144,150.4225791617071,1.1366398131215387,1613349612207.0,0.07845636852006499,1.0,0.07845636852006499,1.0073180782808375,399879.0,0.31378695404638385,
4340358,long,entry,47781.5,83162174.0,47781.5,83162174.0,43682.55977297616,0.0,0.4351170118141959,0.4351170118141959,44.65588219103445,159.5570340010637,190.8576961735212,114.15102966437821,-7.94921568189144,150.85769617352128,1.1365647345173575,1613351695871.0,1.0,1.0,1.0,1.0072946102437152,2083664.0,0.3143897502908227,22987.0
4350102,long,stop_loss_liq_diff,46629.0,-11809029.0,47781.5,71353145.0,43127.03174663974,-6.108565599024441,0.06331375860515988,-6.045251840419281,44.71919594963961,154.50320346247318,184.8124443331019,114.15102966437821,-14.057781280915881,144.812444333102,1.1335218968409775,1613352067201.0,0.06308854296121831,1.0,0.06308854296121831,1.0071106337692899,371330.0,0.31509554776808935,25781.0
4352994,long,stop_loss_liq_diff,46040.5,-10132147.0,47781.5,61220998.0,42579.14502891543,-8.018634945383848,0.055017576915976155,-7.963617368467872,44.77421352655559,147.84561934243405,176.84882696463404,114.15102966437821,-22.076416226299727,136.84882696463413,1.1294340428029959,1613352118386.0,0.06327037909123069,1.0,0.06327037909123069,1.0068733563573447,51185.0,0.3153050270686081,28003.5
4453040,long,close,47843.5,-61220998.0,47781.5,0.0,0.0,1.660387182259547,0.319902379633597,1.980289561893144,45.09411590618919,149.50114141617672,178.82911652652717,115.81141684663775,-22.076416226299727,138.82911652652726,1.12743021983252,1613375761261.0,0.07093290358028735,1.0,0.07093290358028735,1.0068931502427778,23642875.0,0.32255176500073157,
4582070,long,entry,48060.5,78555053.0,48060.5,78555053.0,43937.625720908174,0.0,0.4086258621945257,0.4086258621945257,45.502741768383714,149.84275263697134,179.2377423887217,115.81141684663775,-22.076416226299727,139.23774238872178,1.1219651320826196,1613423024355.0,1.0,1.0,1.0,1.006872060418502,47263094.0,0.33189793171786064,23104.0
4582348,long,close,48122.5,-78555053.0,48060.5,0.0,0.0,2.1058592929345754,0.408099397371292,2.5139586903058673,45.91084116575501,151.94442210206705,181.75170107902758,117.91727613957234,-22.076416226299727,141.75170107902764,1.123161878114264,1613423049918.0,0.08558531278026693,1.0,0.08558531278026693,1.006904463117141,25563.0,0.3319180683864444,
4583895,long,entry,47989.5,79720923.0,47989.5,79720923.0,43872.716448770225,0.0,0.4153039883724565,0.4153039883724565,46.32614515412747,152.2916162363464,182.16700506740003,117.91727613957234,-22.076416226299727,142.16700506740008,1.1233361425381347,1613423243373.0,1.0,1.0,1.0,1.0068835127254816,193455.0,0.3320301238767288,23104.0
4587401,long,close,48051.5,-79720923.0,47989.5,0.0,0.0,2.143437543393411,0.41476812898660814,2.5582056723800193,46.740913283114075,154.4302761784561,184.72521073978004,120.06071368296575,-22.076416226299727,144.7252107397801,1.1244972262105188,1613423596175.0,0.08075687873174042,1.0,0.08075687873174042,1.0069156499094811,352802.0,0.332284077689875,
4612416,long,entry,47648.5,80449438.0,47648.5,80449438.0,43560.9691800872,0.0,0.42209848158913715,0.42209848158913715,47.163011764703214,154.78315050906463,185.14730922136917,120.06071368296575,-22.076416226299727,145.14730922136923,1.1238813870813424,1613430569146.0,1.0,1.0,1.0,1.006894837016907,6972971.0,0.33409601569211467,22923.5
4612759,long,close,47710.0,-80449438.0,47648.5,0.0,0.0,2.1764038245844084,0.421554380632991,2.5979582052173993,47.584566145336204,156.95504356862637,187.74526742658657,122.23711750755017,-22.076416226299727,147.74526742658662,1.1250733616923105,1613430588703.0,0.08535318565306341,1.0,0.08535318565306341,1.0069265867678374,19557.0,0.33412086057457596,
4613406,long,entry,47607.0,81693485.0,47607.0,81693485.0,43523.02925603631,0.0,0.4289993330812696,0.4289993330812696,48.013565478417476,157.3136870110823,188.17426675966783,122.23711750755017,-22.076416226299727,148.1742667596679,1.1252562679571607,1613430698207.0,1.0,1.0,1.0,1.0069059100452642,109504.0,0.33416772541117196,22923.5
4614043,long,close,47668.5,-81693485.0,47607.0,0.0,0.0,2.213911407700884,0.4284458552293443,2.6423572629302283,48.44201133364682,159.522697682892,190.81662402259806,124.45102891525104,-22.076416226299727,150.81662402259812,1.1264480334192881,1613430737829.0,0.08426550126164979,1.0,0.08426550126164979,1.0069373751232567,39622.0,0.3342138659071714,
4619704,long,entry,47433.0,82726454.0,47433.0,82726454.0,43363.95583908446,0.0,0.43601740349545676,0.43601740349545676,48.87802873714227,159.8872082322142,191.25264142609353,124.45102891525104,-22.076416226299727,151.2526414260936,1.1265061063894957,1613431902627.0,1.0,1.0,1.0,1.0069168328278817,1164798.0,0.3346239151188715,22806.0
4620436,long,close,47494.5,-82726454.0,47433.0,0.0,0.0,2.258372680202813,0.4354528103254061,2.693825490528219,49.31348154746768,162.1392463422958,193.94646691662177,126.70940159545385,-22.076416226299727,153.9464669166218,1.1277030003905333,1613431929962.0,0.08327260767637441,1.0,0.08327260767637441,1.0069481619955887,27335.0,0.3346769368505381,
4621000,long,entry,47374.5,83979662.0,47374.5,83979662.0,43310.47429377379,0.0,0.44316912051842233,0.44316912051842233,49.7566506679861,162.50973572704922,194.3896360371402,126.70940159545385,-22.076416226299727,154.38963603714024,1.1278901788689164,1613432003381.0,1.0,1.0,1.0,1.006927751785472,73419.0,0.33471778966018284,22806.0
4624523,long,close,47436.0,-83979662.0,47374.5,0.0,0.0,2.2982461347401473,0.4425945589847373,2.7408406937248846,50.19924522697084,164.80107854700321,197.1304767308651,129.007647730194,-22.076416226299727,157.13047673086513,1.129047073486178,1613432383255.0,0.07987095190622923,1.0,0.07987095190622923,1.0069588242372522,379874.0,0.3349729748523432,
4711731,long,entry,48758.0,87851112.0,48758.0,87851112.0,44575.2905964065,0.0,0.4504446039624267,0.4504446039624267,50.64968983093326,165.17765023591582,197.58092133482754,129.007647730194,-22.076416226299727,157.58092133482756,1.126810525573202,1613452891845.0,1.0,1.0,1.0,1.006938544366625,20508590.0,0.34128980432663125,23465.0
4711818,long,close,48821.0,-87851112.0,48758.0,0.0,0.0,2.325065856875915,0.4498633374982077,2.7749291943741228,51.09955316843147,167.49749104241258,200.35585052920166,131.33271358706992,-22.076416226299727,160.3558505292017,1.1279851125880864,1613452897851.0,0.08571008334892523,1.0,0.08571008334892523,1.0069690664648463,6006.0,0.34129610608982114,
4713603,long,entry,48687.5,89159395.0,48687.5,89159395.0,44510.83845900011,0.0,0.4578146084724005,0.4578146084724005,51.557367776903874,167.8802240550955,200.81366513767406,131.33271358706992,-22.076416226299727,160.8136651376741,1.128149867140134,1613453133209.0,1.0,1.0,1.0,1.006948916506746,235358.0,0.34142540088630313,23465.0
4714950,long,close,48750.5,-89159395.0,48687.5,0.0,0.0,2.3665250886666382,0.45722297720023386,2.823748065866872,52.014590754104105,170.24087743816023,203.63741320354094,133.69923867573655,-22.076416226299727,163.63741320354097,1.1293056748692105,1613453318863.0,0.08466647900386387,1.0,0.08466647900386387,1.00697920591311,185654.0,0.34152296956465683,
4770921,long,entry,48532.5,90331213.0,48532.5,90331213.0,44369.13512888634,0.0,0.4653130015968681,0.4653130015968681,52.479903755700974,170.62987910749519,204.1027262051378,133.69923867573655,-22.076416226299727,164.10272620513783,1.1271682836602235,1613473265678.0,1.0,1.0,1.0,1.0069591840951546,19946815.0,0.3455771763175393,23349.0
4771699,long,close,48595.5,-90331213.0,48532.5,0.0,0.0,2.412957504345384,0.4647097622207818,2.877667266566166,52.94461351792176,173.0356089423445,206.98039347170396,136.11219618008192,-22.076416226299727,166.980393471704,1.12832449622241,1613473296257.0,0.08379343901364245,1.0,0.08379343901364245,1.0069893317250214,30579.0,0.34563353001595,
4807837,long,entry,49704.5,94031319.0,49704.5,94031319.0,45440.59503670343,0.0,0.4729517397821123,0.4729517397821123,53.41756525770387,173.43099659680234,207.45334521148607,136.11219618008192,-22.076416226299727,167.4533452114861,1.1282537654208153,1613475541535.0,1.0,1.0,1.0,1.0069694359420107,2245278.0,0.3482511520637188,23892.0
4807971,long,close,49769.0,-94031319.0,49704.5,0.0,0.0,2.4517580996963906,0.4723388002571882,2.924096899953579,53.88990405796106,175.8755416051635,210.37744211143962,138.5639542797783,-22.076416226299727,170.37744211143968,1.1294118153885502,1613475543754.0,0.0856287218950533,1.0,0.0856287218950533,1.0069992711414206,2219.0,0.3482608582277124,
4809043,long,entry,49661.0,95490956.0,49661.0,95490956.0,45400.826686686894,0.0,0.48071402106280586,0.48071402106280586,54.37061807902387,176.277418526772,210.85815613250242,138.5639542797783,-22.076416226299727,170.85815613250247,1.1295981213076476,1613475566761.0,1.0,1.0,1.0,1.0069795000670416,23007.0,0.3483385075396613,23892.0
4817284,long,close,49725.5,-95490956.0,49661.0,0.0,0.0,2.4941773825140734,0.4800904767171773,2.974267859231251,54.85070855574105,178.76390645708935,213.83242399173366,141.05813166229237,-22.076416226299727,173.83242399173372,1.1307466319195714,1613475668535.0,0.06640290588758185,1.0,0.06640290588758185,1.0070090877626499,101774.0,0.3489354366252682,
4894525,long,entry,48602.5,94990413.0,48602.5,94990413.0,44433.13017778368,0.0,0.48860867753716375,0.48860867753716375,55.339317233278216,179.1723833115104,214.32103266927083,141.05813166229237,-22.076416226299727,174.3210326692709,1.1293352074036183,1613489393607.0,1.0,1.0,1.0,1.0069894398385146,13725072.0,0.3545303158269869,23400.0
4894770,long,close,48665.5,-94990413.0,48602.5,0.0,0.0,2.530116545383459,0.4879761484008178,3.0180926937842765,55.827293381679034,181.69550880351406,217.3391253630551,143.58824820767583,-22.076416226299727,177.33912536305516,1.1304786385457537,1613489406118.0,0.08573806218552103,1.0,0.08573806218552103,1.0070186460884676,12511.0,0.35454806217160206,
4899656,long,entry,48477.0,96298885.0,48477.0,96298885.0,44318.39620801074,0.0,0.49662151638921553,0.49662151638921553,56.32391489806825,182.11068439121544,217.83574687944432,143.58824820767583,-22.076416226299727,177.83574687944437,1.1305413100474742,1613490474577.0,1.0,1.0,1.0,1.0069991203550226,1068459.0,0.35490197498707055,23349.0
4899807,long,close,48540.0,-96298885.0,48477.0,0.0,0.0,2.578257563454434,0.4959769519983519,3.074234515452786,56.819891850066604,184.68074444613396,220.9099813948971,146.16650577113026,-22.076416226299727,180.90998139489716,1.131688231006861,1613490479813.0,0.085398322041197,1.0,0.085398322041197,1.0070281719979717,5236.0,0.35491291253007823,
4903703,long,entry,48361.0,97646846.0,48361.0,97646846.0,44212.347283404975,0.0,0.5047809495254441,0.5047809495254441,57.32467279959205,185.10274131993722,221.41476234442254,146.16650577113026,-22.076416226299727,181.4147623444226,1.1318163884397208,1613490980939.0,1.0,1.0,1.0,1.007008766592852,501126.0,0.3551951156264894,23284.5
4903941,long,close,48423.5,-97646846.0,48361.0,0.0,0.0,2.6060742693394734,0.5041294309581092,3.110203700297583,57.82880223055016,187.702871613386,224.52496604472012,148.77258004046973,-22.076416226299727,184.52496604472017,1.1329586248552175,1613490987663.0,0.08525547176039196,1.0,0.08525547176039196,1.0070372780085803,6724.0,0.35521235493268705,
4905456,long,entry,48290.5,99100068.0,48290.5,99100068.0,44147.895157735446,0.0,0.5130412192874375,0.5130412192874375,58.3418434498376,188.1317740727103,225.03800726400755,148.77258004046973,-22.076416226299727,185.0380072640076,1.1331277133014568,1613491139805.0,1.0,1.0,1.0,1.0070179926908465,152142.0,0.3553220925330625,23220.0
4909107,long,close,48353.0,-99100068.0,48290.5,0.0,0.0,2.652582152541838,0.512378073749302,3.1649602262911403,58.8542215235869,190.77768082188967,228.20296749029868,151.42516219301157,-22.076416226299727,188.20296749029873,1.1342515215969693,1613491321870.0,0.0812092579035287,1.0,0.0812092579035287,1.007046305931412,182065.0,0.35558654928485856,
4926384,long,entry,47896.0,99900610.0,47896.0,99900610.0,43787.23733873333,0.0,0.52144547561383,0.52144547561383,59.37566699920073,191.21360923950286,228.7244129659125,151.42516219301157,-22.076416226299727,188.72441296591256,1.133948360931943,1613495430357.0,1.0,1.0,1.0,1.007027139086588,4108487.0,0.35683799253349713,23040.0
4926784,long,close,47958.0,-99900610.0,47896.0,0.0,0.0,2.696494389929174,0.5207713520163477,3.2172657419455213,59.89643835121708,193.90324339976928,231.94167870785802,154.12165658294074,-22.076416226299727,191.94167870785807,1.1350894138418073,1613495442238.0,0.08471493857162775,1.0,0.08471493857162775,1.007055197466465,11881.0,0.35686696615735863,
5212434,long,entry,50731.5,107548439.0,50731.5,107548439.0,46379.49376260894,0.0,0.5299884637749722,0.5299884637749722,60.42642681499205,194.34631375548517,232.471667171633,154.12165658294074,-22.076416226299727,192.47166717163304,1.127550367536761,1613563612113.0,1.0,1.0,1.0,1.0070361477523417,68169875.0,0.37755775529746494,24435.0
5212600,long,close,50797.0,-107548439.0,50731.5,0.0,0.0,2.7335665001680782,0.5293050721499301,3.262871572318008,60.95573188714198,197.074074389943,235.734538743951,156.85522308310883,-22.076416226299727,195.73453874395105,1.1286224559831035,1613563616221.0,0.08564991399319971,1.0,0.08564991399319971,1.0070638275225008,4108.0,0.3775697793513675,
5415184,long,entry,51402.0,110751813.0,51402.0,110751813.0,46992.474831812295,0.0,0.5386551739231936,0.5386551739231936,61.494387061065176,197.5243901153428,236.27319391787418,156.85522308310883,-22.076416226299727,196.27319391787424,1.122028006264326,1613629795041.0,1.0,1.0,1.0,1.0070448941251777,66178820.0,0.3922437608922717,24728.5
5416075,long,close,51468.5,-110751813.0,51402.0,0.0,0.0,2.783882884940682,0.5379592032019586,3.3218420881426405,62.03234626426713,200.30145010103004,239.5950360060168,159.6391059680495,-22.076416226299727,199.59503600601687,1.1230386756014286,1613629849177.0,0.08450273072643104,1.0,0.08450273072643104,1.0070724146455499,54136.0,0.39230829963942326,
5610285,long,entry,50996.5,111677529.0,50996.5,111677529.0,46621.76069142846,0.0,0.5474764395595777,0.5474764395595777,62.57982270382671,200.75914040450186,240.1425124455764,159.6391059680495,-22.076416226299727,200.14251244557644,1.1169733934515373,1613696880335.0,1.0,1.0,1.0,1.007053595909403,67031158.0,0.40637571836478664,24548.0
5613122,long,close,51062.5,-111677529.0,50996.5,0.0,0.0,2.8305269041612577,0.5467688078335374,3.3772957119947953,63.126591511660244,203.5825596197295,243.51980815757116,162.46963287221075,-22.076416226299727,203.51980815757125,1.1179202418619627,1613697063976.0,0.08014835665242558,1.0,0.08014835665242558,1.007080884686764,183641.0,0.40658121379202444,
5864499,long,entry,54649.5,121637671.0,54649.5,121637671.0,49961.38776847555,0.0,0.5564445740583172,0.5564445740583172,63.68303608571856,204.04774728364222,244.07625273162947,162.46963287221075,-22.076416226299727,204.07625273162955,1.112808059087667,1613758945670.0,1.0,1.0,1.0,1.0070621792846528,61881694.0,0.42478947040561627,26280.0
5865813,long,close,54720.0,-121637671.0,54649.5,0.0,0.0,2.8676419935023243,0.5557276635599415,3.423369657062266,64.2387637492785,206.90968431694628,247.49962238869173,165.33727486571308,-22.076416226299727,207.49962238869182,1.113720509749751,1613758993665.0,0.08379003001117631,1.0,0.08379003001117631,1.0070890776101458,47995.0,0.4248846487600013,
6132254,long,entry,56605.5,128050353.0,56605.5,128050353.0,51749.59211234943,0.0,0.5655384768264567,0.5655384768264567,64.80430222610497,207.3824744835732,248.06516086551818,165.33727486571308,-22.076416226299727,208.06516086551827,1.1083686499955667,1613829356843.0,1.0,1.0,1.0,1.0070704848664727,70363178.0,0.4441840520482179,27255.5
6138204,long,close,56679.0,-128050353.0,56605.5,0.0,0.0,2.9335082162170933,0.5648050997724026,3.498313315989496,65.36910732587737,210.3070644157404,251.56347418150767,168.27078308193018,-22.076416226299727,211.56347418150776,1.109215878479493,1613829733636.0,0.07830313624569099,1.0,0.07830313624569099,1.0070974370550165,376793.0,0.444615034703158,
6145913,long,entry,56130.0,129059577.0,56130.0,129059577.0,51314.88295544751,0.0,0.5748244120791021,0.5748244120791021,65.94393173795646,210.78761762423852,252.13829859358677,168.27078308193018,-22.076416226299727,212.13829859358685,1.1092643466910463,1613830989471.0,1.0,1.0,1.0,1.0070789546020082,1255835.0,0.44517342886902905,27000.0
6148067,long,close,56202.5,-129059577.0,56130.0,0.0,0.0,2.96604385041493,0.5740829011164984,3.5401267515314285,66.51801463907296,213.74716358851882,255.6784253451182,171.2368269323451,-22.076416226299727,215.67842534511828,1.1101282173657072,1613831089753.0,0.08129221015929482,1.0,0.08129221015929482,1.0071054340022083,100282.0,0.44532945183352335,
6239161,long,entry,56026.0,130927631.0,56026.0,130927631.0,51219.80458932465,0.0,0.5842271043801093,0.5842271043801093,67.10224174345306,214.2355774477806,256.2626524494983,171.2368269323451,-22.076416226299727,216.2626524494984,1.1084330142567407,1613855778177.0,1.0,1.0,1.0,1.007087061547012,24688424.0,0.45192776006362606,26969.0
6240272,long,close,56098.5,-130927631.0,56026.0,0.0,0.0,3.0201495631830846,0.5834720669893135,3.6036216301723982,67.68571381044238,217.24820513060473,259.86627407967075,174.2569764955282,-22.076416226299727,219.8662740796708,1.1092762489599408,1613855981879.0,0.08423227567315705,1.0,0.08423227567315705,1.0071133918667319,203702.0,0.45200823430390147,
6243997,long,entry,55837.0,132623232.0,55837.0,132623232.0,51047.01798564478,0.0,0.5937963715815677,0.5937963715815677,68.27951018202394,217.7446188972469,260.4600704512523,174.2569764955282,-22.076416226299727,220.46007045125236,1.1093598808069802,1613856749506.0,1.0,1.0,1.0,1.0070951278970137,767627.0,0.4522780511761118,26894.5
6246348,long,close,55909.5,-132623232.0,55837.0,0.0,0.0,3.079994415236031,0.5930263729777587,3.6730207882137895,68.8725365550017,220.81526427619366,264.1330912394661,177.33697091076422,-22.076416226299727,224.13309123946615,1.1102077798961698,1613856923761.0,0.08162388482936134,1.0,0.08162388482936134,1.007121378834935,174255.0,0.4524483436503579,
6247683,long,entry,55652.0,134354186.0,55652.0,134354186.0,50877.888230776836,0.0,0.6035460810033781,0.6035460810033781,69.47608263600507,221.31982879991253,264.7366373204695,177.33697091076422,-22.076416226299727,224.73663732046953,1.1103385920389564,1613857051872.0,1.0,1.0,1.0,1.0071032216156768,128111.0,0.4525450431199957,26788.0
6254677,long,stop_loss_liq_diff,54310.5,-19078295.0,55652.0,115275891.0,50230.735882079294,-8.467703825376992,0.08782047210023845,-8.379883353276753,69.56390310810531,214.31424631657316,256.3567539671928,177.33697091076422,-30.54412005167672,216.3567539671928,1.1083453602027924,1613857284894.0,0.06302231619195513,1.0,0.06302231619195513,1.0069557610159259,233022.0,0.45305164693321437,30044.0
6274731,long,close,55724.0,-115275891.0,55652.0,0.0,0.0,2.6763809137809145,0.5171734396310387,3.1935543534119533,70.08107654773634,216.98405775602558,259.55030832060476,180.01335182454514,-30.54412005167672,219.55030832060473,1.1090199435526324,1613858447557.0,0.07048971350704489,1.0,0.07048971350704489,1.0069761579698762,1162663.0,0.45450423956551156,
6435500,long,entry,56780.5,134700241.0,56780.5,134700241.0,51909.579752991805,0.0,0.5930743873336798,0.5930743873336798,70.67415093507003,217.47986794383652,260.14338270793843,180.01335182454514,-30.54412005167672,220.1433827079384,1.105618848190508,1613908177636.0,1.0,1.0,1.0,1.0069587428915951,49730079.0,0.46614939090199237,27331.0
6435737,long,close,56854.0,-134700241.0,56780.5,0.0,0.0,3.066870754495478,0.5923076696450558,3.6591784241405336,71.26645860471508,220.53894110641798,263.80256113207895,183.08022257904062,-30.54412005167672,223.80256113207892,1.1064468228414197,1613908184600.0,0.08557572989841361,1.0,0.08557572989841361,1.0069848771739582,6964.0,0.4661665577741303,
6587413,long,entry,56744.0,136819048.0,56744.0,136819048.0,51876.2108933813,0.0,0.6027908148879177,0.6027908148879177,71.869249419603,221.04287422766427,264.40535194696685,183.08022257904062,-30.54412005167672,224.40535194696685,1.1038011816615385,1613949237281.0,1.0,1.0,1.0,1.0069675579414292,41052681.0,0.4771530662061792,27331.0
6587817,long,close,56817.5,-136819048.0,56744.0,0.0,0.0,3.1191182219750844,0.602011035332424,3.721129257307508,72.47126045493542,224.15373828677335,268.12648120427434,186.1993408010157,-30.54412005167672,228.12648120427434,1.1046065154950513,1613949261822.0,0.08531762508364102,1.0,0.08531762508364102,1.0069934962388878,24541.0,0.4771823295662793,
6588006,long,entry,56713.5,138986868.0,56713.5,138986868.0,51848.32733721095,0.0,0.6126710042582454,0.6126710042582454,73.08393145919366,224.66593124633323,268.7391522085326,186.1993408010157,-30.54412005167672,228.73915220853257,1.104737247443372,1613949278511.0,1.0,1.0,1.0,1.0069762718198365,16689.0,0.4771960196035539,27331.0
6588135,long,close,56787.0,-138986868.0,56713.5,0.0,0.0,3.1719456081837003,0.6118780178561994,3.7838236260399,73.69580947704986,227.8292077977026,272.5229758345725,189.3712864091994,-30.54412005167672,232.52297583457246,1.1055445305827936,1613949289061.0,0.08560773621602316,1.0,0.08560773621602316,1.007002012881156,10550.0,0.47720536359724924,
6591498,long,entry,56577.5,140927091.0,56577.5,140927091.0,51723.99413046188,0.0,0.62271702973797,0.62271702973797,74.31852650678783,228.34979923456356,273.1456928643105,189.3712864091994,-30.54412005167672,233.14569286431043,1.1056417225241262,1613949806330.0,1.0,1.0,1.0,1.0069848822740846,517269.0,0.477448959339865,27255.5
6591987,long,close,56650.5,-140927091.0,56577.5,0.0,0.0,3.2097399437513916,0.6219145947520321,3.8316545385034235,74.94044110153986,231.5530624287524,276.9773474028139,192.5810263529508,-30.54412005167672,236.97734740281385,1.106444769173931,1613949841479.0,0.08498453632780432,1.0,0.08498453632780432,1.0070102200672704,35149.0,0.47748437959503565,
6603699,long,entry,56208.5,142296382.0,56208.5,142296382.0,51386.64881677318,0.0,0.6328953005328376,0.6328953005328376,75.5733364020727,232.08216289999785,277.6102427033467,192.5810263529508,-30.54412005167672,237.6102427033467,1.1064303845019257,1613952003731.0,1.0,1.0,1.0,1.0069931830404315,2162252.0,0.4783327273017009,27075.0
6605139,long,close,56281.5,-142296382.0,56208.5,0.0,0.0,3.283591015797125,0.6320744027788883,3.915665418576013,76.20541080485158,235.3556591899274,281.5259081219227,195.86461736874793,-30.54412005167672,241.52590812192273,1.1072297110706875,1613952150394.0,0.08461252809182652,1.0,0.08461252809182652,1.0070185838068682,146663.0,0.4784370323476024,
6636534,long,entry,56292.5,144849338.0,56292.5,144849338.0,51463.44286527705,0.0,0.6432887951325665,0.6432887951325665,76.84869959998414,235.8934486226582,282.1691969170553,195.86461736874793,-30.54412005167672,242.1691969170553,1.1067528603565624,1613961123837.0,1.0,1.0,1.0,1.0070016384614386,8973443.0,0.48071109965043324,27075.0
6637305,long,close,56365.5,-144849338.0,56292.5,0.0,0.0,3.332540794967177,0.6424556599338248,3.9749964549010017,77.49115525991797,239.21654565895545,286.1441933719563,199.1971581637151,-30.54412005167672,246.1441933719563,1.1075528227210376,1613961184983.0,0.08401959872424443,1.0,0.08401959872424443,1.0070267662807872,61146.0,0.4807669463104263,
6638235,long,entry,56208.5,147005825.0,56208.5,147005825.0,51386.648818554815,0.0,0.6538416120337671,0.6538416120337671,78.14499687195175,239.7631572466157,286.7980349839901,199.1971581637151,-30.54412005167672,246.79803498399008,1.107676030880071,1613961303099.0,1.0,1.0,1.0,1.007009911961908,118116.0,0.4808343099859043,27075.0
6640070,long,close,56281.5,-147005825.0,56208.5,0.0,0.0,3.3922647888534816,0.6529935458365538,4.045258334690035,78.7979904177883,243.1449932144166,290.84329331868014,202.58942295256858,-30.54412005167672,250.8432933186801,1.1084717233753545,1613961449056.0,0.08247138551472953,1.0,0.08247138551472953,1.0070348950037202,145957.0,0.48096722648536905,
6645662,long,entry,55916.0,148642418.0,55916.0,148642418.0,51119.24096832918,0.0,0.6645790918520639,0.6645790918520639,79.46256950964036,243.70058133520493,291.50787241053223,202.58942295256858,-30.54412005167672,251.50787241053217,1.1085420353013473,1613962338215.0,1.0,1.0,1.0,1.0070181306192658,889159.0,0.48137227774695307,26894.5
6645871,long,close,55988.5,-148642418.0,55916.0,0.0,0.0,3.442277193300659,0.6637185225537388,4.105995715854398,80.1262880321941,247.13319375365919,295.6138681263866,206.03170014586925,-30.54412005167672,255.61386812638656,1.109345972781171,1613962349585.0,0.08555613451523779,1.0,0.08555613451523779,1.0070428416386479,11370.0,0.4813874164654207,
6646106,long,entry,55893.5,151019741.0,55893.5,151019741.0,51098.671129059636,0.0,0.67547989032714,0.67547989032714,80.80176792252124,247.6978949419727,296.28934801671375,206.03170014586925,-30.54412005167672,256.2893480167137,1.1094751353782273,1613962381457.0,1.0,1.0,1.0,1.0070261665702247,31872.0,0.48140443846943937,26894.5
6646434,long,close,55966.0,-151019741.0,55893.5,0.0,0.0,3.5001459492343536,0.6746048538398314,4.174750803074185,81.47637277636107,251.1879866133427,300.4640988197879,209.53184609510362,-30.54412005167672,260.46409881978786,1.110279820164419,1613962395289.0,0.08499111596276057,1.0,0.08499111596276057,1.007050694002937,13832.0,0.4814281968410058,
6646652,long,entry,55865.0,153419301.0,55865.0,153419301.0,51072.615979371745,0.0,0.6865627002595542,0.6865627002595542,82.16293547662063,251.76195303075968,301.1506615200475,209.53184609510362,-30.54412005167672,261.15066152004744,1.110409834946089,1613962416207.0,1.0,1.0,1.0,1.007034107338678,20918.0,0.4814439874660103,26894.5
6647027,long,close,55937.5,-153419301.0,55865.0,0.0,0.0,3.559386513077293,0.6856728536312849,4.245059366708578,82.84860833025192,255.31082266132807,305.39572088675607,213.09123260818092,-30.54412005167672,265.395720886756,1.1112136538224457,1613962456493.0,0.08552317894014673,1.0,0.08552317894014673,1.0070584584204265,40286.0,0.4814711502383805,
6650021,long,entry,55743.0,155596884.0,55743.0,155596884.0,50961.081768893775,0.0,0.6978314945374307,0.6978314945374307,83.54643982478935,255.89420979076132,306.0935523812935,213.09123260818092,-30.54412005167672,266.0935523812934,1.1113202337456791,1613962811470.0,1.0,1.0,1.0,1.0070419592455129,354977.0,0.4816880178129839,26862.0
6654204,long,close,55815.0,-155596884.0,55743.0,0.0,0.0,3.6007429978816385,0.6969313087879603,4.297674306669599,84.24337113357731,259.48706551113713,310.39122668796307,216.69197560606256,-30.54412005167672,270.391226687963,1.1120931204587794,1613963249458.0,0.08279041469927152,1.0,0.08279041469927152,1.0070659259560717,437988.0,0.4819910094845158,
6668214,long,entry,55318.0,156936339.0,55318.0,156936339.0,50572.540432232396,0.0,0.7092462625185292,0.7092462625185292,84.95261739609585,260.0799953866026,311.1004729504816,216.69197560606256,-30.54412005167672,271.10047295048156,1.1120747089523175,1613965365539.0,1.0,1.0,1.0,1.0070495140933495,2116081.0,0.48300581066026543,26607.0
6669060,long,close,55389.5,-156936339.0,55318.0,0.0,0.0,3.662145913581094,0.708330726040134,4.370476639621228,85.66094812213598,263.73371385732594,315.4709495901028,220.35412151964366,-30.54412005167672,275.4709495901028,1.112875474165183,1613965407012.0,0.08482554411450605,1.0,0.08482554411450605,1.0070733188728949,41473.0,0.4830670898747325,
6729385,long,entry,55585.5,160276002.0,55585.5,160276002.0,50817.09293377342,0.0,0.7208534689802196,0.7208534689802196,86.3818015911162,264.33634735739344,316.19180305908304,220.35412151964366,-30.54412005167672,276.19180305908304,1.1119305802229689,1613980622964.0,1.0,1.0,1.0,1.0070569933892923,15215952.0,0.48743667452334766,26788.0
6730021,long,close,55657.5,-160276002.0,55585.5,0.0,0.0,3.7300597236005064,0.7199209540493194,4.449980677649826,87.10172254516552,268.05653120390866,320.64178373673286,224.08418124324416,-30.54412005167672,280.64178373673286,1.1127262189670175,1613980652948.0,0.08414567758040911,1.0,0.08414567758040911,1.007080696550173,29984.0,0.4874827425852875,
6737834,long,entry,55326.0,162142550.0,55326.0,162142550.0,50579.85415906873,0.0,0.7326688627408452,0.7326688627408452,87.83439140790637,268.66904237316004,321.3744525994737,224.08418124324416,-30.54412005167672,281.3744525994737,1.1126889235653488,1613983028233.0,1.0,1.0,1.0,1.007064456329931,2375285.0,0.4880486698933626,26607.0
6738010,long,close,55397.5,-162142550.0,55326.0,0.0,0.0,3.7825406334924128,0.7317232275824721,4.514263861074885,88.56611463548884,272.4429669610186,325.8887164605486,227.86672187673656,-30.54412005167672,285.8887164605486,1.1134839569309491,1613983036845.0,0.08557022473796881,1.0,0.08557022473796881,1.0070878848560454,8612.0,0.48806141828786165,
6738277,long,entry,55304.0,164730296.0,55304.0,164730296.0,50559.74143783403,0.0,0.7446581440763779,0.7446581440763779,89.31077277956523,273.0655011694665,326.633374604625,227.86672187673656,-30.54412005167672,286.633374604625,1.1136124535772494,1613983061381.0,1.0,1.0,1.0,1.0070717293930351,24536.0,0.4880807581817892,26607.0
6740926,long,close,55375.5,-164730296.0,55304.0,0.0,0.0,3.8459648979397487,0.743696652851893,4.589661550791642,90.05446943241712,276.9024582259283,331.2230361554166,231.7126867746763,-30.54412005167672,291.2230361554166,1.1143979477050712,1613983215852.0,0.0811579824293458,1.0,0.0811579824293458,1.0070949925754122,154471.0,0.4882726360058121,
6745867,long,entry,55024.0,166579020.0,55024.0,166579020.0,50303.76125463215,0.0,0.7568471030822914,0.7568471030822914,90.81131653549942,277.53518240410506,331.9798832584989,231.7126867746763,-30.54412005167672,291.9798832584989,1.1144699511076461,1613984030151.0,1.0,1.0,1.0,1.0070789210092543,814299.0,0.4886305326945615,26460.0
6754707,long,close,55095.0,-166579020.0,55024.0,0.0,0.0,3.9013445371697197,0.755871766947999,4.657216304117719,91.56718830244742,281.4286152343475,336.63709956261664,235.61403131184602,-30.54412005167672,296.6370995626166,1.11523093361038,1613984507854.0,0.07671567989148738,1.0,0.07671567989148738,1.0071019306388314,477703.0,0.48927084978190105,
6757339,long,entry,54520.0,167751122.0,54520.0,167751122.0,49842.99693586423,0.0,0.7692182776962583,0.7692182776962583,92.33640658014367,282.0716817145016,337.4063178403129,235.61403131184602,-30.54412005167672,297.40631784031285,1.1153451072203313,1613984731794.0,1.0,1.0,1.0,1.0070859424226157,223940.0,0.4894614962269098,26245.0
6757534,long,close,54590.5,-167751122.0,54520.0,0.0,0.0,3.97357698336428,0.7682248834504173,4.741801866814697,93.10463146359409,286.0358280751587,342.14811970712765,239.5876082952103,-30.54412005167672,302.14811970712753,1.1161412025976611,1613984746032.0,0.08544959750707841,1.0,0.08544959750707841,1.0071088593452493,14238.0,0.48947562086854235,
6759510,long,entry,54441.5,170251854.0,54441.5,170251854.0,49771.23106042803,0.0,0.7818109989621889,0.7818109989621889,93.88644246255627,286.68942207029113,342.92993070608986,239.5876082952103,-30.54412005167672,302.92993070608975,1.1162622190829263,1613984875289.0,1.0,1.0,1.0,1.0070929534130408,129257.0,0.4896187505704182,26172.5
6760297,long,close,54512.0,-170251854.0,54441.5,0.0,0.0,4.044443456621335,0.7807998880980335,4.825243344719368,94.6672423506543,290.7233255064765,347.7551740508092,243.63205175183163,-30.54412005167672,307.7551740508091,1.117059615382664,1613984892724.0,0.08306501362512844,1.0,0.08306501362512844,1.0071157524393801,17435.0,0.48967575617536574,
6760671,long,entry,54379.5,172844841.0,54379.5,172844841.0,49714.54975078218,0.0,0.7946231622210576,0.7946231622210576,95.46186551287536,291.3876304700933,348.5497972130303,243.63205175183163,-30.54412005167672,308.54979721303016,1.117188522649908,1613984914645.0,1.0,1.0,1.0,1.0070999278323893,21921.0,0.4897028465136763,26172.5
6771680,long,close,54450.0,-172844841.0,54379.5,0.0,0.0,4.115403705166852,0.7935943112947659,4.908998016461617,96.25545982417013,295.49155281185523,353.4587952294919,247.74745545699847,-30.54412005167672,313.4587952294918,1.1179492776332014,1613985447098.0,0.07171039584012365,1.0,0.07171039584012365,1.0071225991997925,532453.0,0.49050027307640487,
6812064,long,entry,54251.0,175264578.0,54251.0,175264578.0,49597.07313230499,0.0,0.8076559786916371,0.8076559786916371,97.06311580286177,296.1667532100414,354.2664512081835,247.74745545699847,-30.54412005167672,314.2664512081834,1.1176075884359133,1613991862550.0,1.0,1.0,1.0,1.0071068550128313,6415452.0,0.4934254501414637,26100.0
6812252,long,close,54321.0,-175264578.0,54251.0,0.0,0.0,4.163098507643023,0.8066152040647263,4.969713711707749,97.8697310069265,300.3214338730291,359.2361649198913,251.91055396464148,-30.54412005167672,319.23616491989117,1.1184008616676238,1613991871733.0,0.08552381498640206,1.0,0.08552381498640206,1.007129177753803,9183.0,0.4934390677446786,
6812381,long,entry,54235.0,178076785.0,54235.0,178076785.0,49582.44568967907,0.0,0.8208573107771735,0.8208573107771735,98.69058831770367,301.0076705848388,360.05702223066845,251.91055396464148,-30.54412005167672,320.05702223066834,1.118530530462957,1613991878022.0,1.0,1.0,1.0,1.007113513818387,6289.0,0.49344841173837395,26136.0
6813126,long,close,54305.0,-178076785.0,54235.0,0.0,0.0,4.23239199001217,0.8197992127796704,5.05219120279184,99.51038753048334,305.2313024303728,365.1092134334603,256.14294595465367,-30.54412005167672,325.1092134334602,1.1193218270605143,1613991925009.0,0.08424010842152664,1.0,0.08424010842152664,1.0071356827926867,46987.0,0.493502375112816,
6813524,long,entry,54177.5,180796227.0,54177.5,180796227.0,49529.87832527679,0.0,0.8342772691615523,0.8342772691615523,100.34466479964489,305.9287582273918,365.94349070262183,256.14294595465367,-30.54412005167672,325.9434907026217,1.1194492099640814,1613991963303.0,1.0,1.0,1.0,1.0071200983165738,38294.0,0.49353120386855825,26064.0
6817681,long,close,54247.5,-180796227.0,54177.5,0.0,0.0,4.306145635563591,0.8332007327526615,5.139346368316253,101.17786553239755,310.2252517913043,371.0828370709381,260.4490915902173,-30.54412005167672,331.08283707093796,1.1202301117686813,1613992165962.0,0.07923337438138033,1.0,0.07923337438138033,1.007142144267543,202659.0,0.4938323122545391,
6820100,long,entry,53860.0,182677403.0,53860.0,182677403.0,49239.615110601975,0.0,0.8479270469736354,0.8479270469736354,102.02579257937118,310.9341188025742,371.93076411791174,260.4490915902173,-30.54412005167672,331.93076411791156,1.1203459769831567,1613992358478.0,1.0,1.0,1.0,1.0071266383778317,192516.0,0.4940075302448416,25954.5
6847451,long,close,53929.5,-182677403.0,53860.0,0.0,0.0,4.37096058852192,0.846834306826505,5.217794895348425,102.8726268861977,315.2961953350855,377.1485590132602,264.8200521787392,-30.54412005167672,337.14855901326,1.1210296026511484,1613993842053.0,0.06521850762976791,1.0,0.06521850762976791,1.0071484759422205,1483575.0,0.4959886742104325,
6857560,long,entry,52951.5,182531713.0,52951.5,182531713.0,48409.0508418582,0.0,0.8617872628726287,0.8617872628726287,103.73441414907032,316.01664948684703,378.0103462761328,264.8200521787392,-30.54412005167672,338.0103462761326,1.1210933295296435,1613994723400.0,1.0,1.0,1.0,1.0071330480567013,881347.0,0.4967209101194727,25521.0
6857707,long,close,53020.0,-182531713.0,52951.5,0.0,0.0,4.45359694506014,0.8606738636363637,5.314270808696503,104.59508801270668,320.4593798829173,383.3246170848293,269.2736491237994,-30.54412005167672,343.32461708482913,1.1218896652209907,1613994729430.0,0.08545693398463698,1.0,0.08545693398463698,1.0071548204747065,6030.0,0.49673155792624185,
6875751,long,entry,53024.0,185774802.0,53024.0,185774802.0,48475.33142597018,0.0,0.8758996020669886,0.8758996020669886,105.47098761477368,321.19163195024527,384.20051668689626,269.2736491237994,-30.54412005167672,344.2005166868961,1.1218894965102488,1613996446214.0,1.0,1.0,1.0,1.0071394695714844,1716784.0,0.4980385580986349,25521.0
6876114,long,close,53092.5,-185774802.0,53024.0,0.0,0.0,4.520346394808271,0.8747695154682865,5.395115910276558,106.34575713024196,325.70194885123647,389.5956325971728,273.79399551860763,-30.54412005167672,349.59563259717265,1.1226841492142383,1613996459206.0,0.08455929926594942,1.0,0.08455929926594942,1.0071610354125833,12992.0,0.49806485166228925,
6876553,long,entry,52987.0,188682239.0,52987.0,188682239.0,48441.50547529064,0.0,0.8902289193575783,0.8902289193575783,107.23598604959955,326.4461802278194,390.4858615165304,273.79399551860763,-30.54412005167672,350.48586151653024,1.1228132484651001,1613996474627.0,1.0,1.0,1.0,1.0071457609361996,15421.0,0.49809665021447724,25521.0
6878843,long,close,53055.5,-188682239.0,52987.0,0.0,0.0,4.597501180913509,0.8890795440623498,5.486580724975859,108.1250655936619,331.0329617138992,395.97244224150626,278.39149669952116,-30.54412005167672,355.9724422415061,1.1236028128884756,1613996567883.0,0.08196477925785027,1.0,0.08196477925785027,1.0071671983247736,93256.0,0.4982625242110844,
6880057,long,entry,52823.5,191178807.0,52823.5,191178807.0,48292.031354879764,0.0,0.9047999801224834,0.9047999801224834,109.02986557378439,331.78937449728164,396.87724222162876,278.39149669952116,-30.54412005167672,356.8772422216286,1.1237268323753218,1613996650321.0,1.0,1.0,1.0,1.0071519994880909,82438.0,0.49835045915950416,25450.5
6880800,long,close,52892.0,-191178807.0,52823.5,0.0,0.0,4.687196448490813,0.9036281810103608,5.590824629501173,109.93349375479475,336.46330388754455,402.4680668511299,283.07869314801195,-30.54412005167672,362.4680668511298,1.1245229161522912,1613996692602.0,0.08415533325975472,1.0,0.08415533325975472,1.0071733968377792,42281.0,0.4984042776658269,
6880909,long,entry,52780.0,194154931.0,52780.0,194154931.0,48252.26300400952,0.0,0.9196425303145132,0.9196425303145132,110.85313628510927,337.2321250428875,403.3877093814444,283.07869314801195,-30.54412005167672,363.38770938144427,1.1246529501758094,1613996698274.0,1.0,1.0,1.0,1.0071582725964219,5672.0,0.4984121729783292,25380.0
6881032,long,close,52848.5,-194154931.0,52780.0,0.0,0.0,4.768007669209216,0.9184505283972109,5.686458197606427,111.77158681350649,341.98600409608645,409.0741675790508,287.8467008172212,-30.54412005167672,369.0741675790507,1.1254530768074047,1613996703700.0,0.08490085144778932,1.0,0.08490085144778932,1.0071795487984574,5426.0,0.4984210823676666,
6896836,long,entry,52574.5,196573431.0,52574.5,196573431.0,48064.391841904995,0.0,0.9347375200905382,0.9347375200905382,112.70632433359702,342.76744466288216,410.0089050991414,287.8467008172212,-30.54412005167672,370.00890509914126,1.1254529573410146,1613998373784.0,1.0,1.0,1.0,1.0071644983805323,1670084.0,0.49956583024643514,25270.0
6897495,long,close,52642.5,-196573431.0,52574.5,0.0,0.0,4.829721336650445,0.9335300897563755,5.76325142640682,113.6398544233534,347.5855228553583,415.7721565255482,292.6764221538716,-30.54412005167672,375.7721565255481,1.1262502199705549,1613998383861.0,0.0843744112717766,1.0,0.0843744112717766,1.007185502984526,10077.0,0.499613564291747,
6900202,long,entry,52444.5,199298010.0,52444.5,199298010.0,47945.54389713947,0.0,0.9500424734719561,0.9500424734719561,114.58989689682535,348.3797583631809,416.7221989990202,292.6764221538716,-30.54412005167672,376.72219899902007,1.1263701726789674,1613998518317.0,1.0,1.0,1.0,1.0071705260955295,134456.0,0.49980964329122984,25270.0
6900834,long,close,52512.5,-199298010.0,52444.5,0.0,0.0,4.920953159426267,0.9488122351820995,5.8697653946083665,115.53870913200745,353.28688223307347,422.5919643936286,297.5973753132979,-30.54412005167672,382.5919643936284,1.1271690687351312,1613998535816.0,0.08372346904265585,1.0,0.08372346904265585,1.007191472827134,17499.0,0.49985542161693103,
6901117,long,entry,52397.5,202385508.0,52397.5,202385508.0,47902.57578860277,0.0,0.9656257836728852,0.9656257836728852,116.50433491568035,354.094145388224,423.55759017730145,297.5973753132979,-30.54412005167672,383.5575901773013,1.1272977403246156,1613998560615.0,1.0,1.0,1.0,1.0071765685280278,24799.0,0.499875920455813,25200.0
6901299,long,close,52465.5,-202385508.0,52397.5,0.0,0.0,5.006150959373746,0.9643742459330418,5.970525205306787,117.46870916161339,359.0855044598605,429.52811538260823,302.6035262726717,-30.54412005167672,389.52811538260806,1.1280982695161357,1613998573017.0,0.08563675984266217,1.0,0.08563675984266217,1.0071974022955126,12402.0,0.49988910345467,
6901400,long,entry,52384.0,205654333.0,52384.0,205654333.0,47890.23388518011,0.0,0.9814749398671351,0.9814749398671351,118.45018410148053,359.9060175095894,430.5095903224754,302.6035262726717,-30.54412005167672,390.5095903224752,1.1282286275875364,1613998577855.0,1.0,1.0,1.0,1.0071825698338281,4838.0,0.4998964192946951,25200.0
6904324,long,close,52452.0,-205654333.0,52384.0,0.0,0.0,5.089628300996306,0.980202532791886,6.069830833788192,119.43038663427242,364.98039608663635,436.5794211562636,307.693154573668,-30.54412005167672,396.57942115626344,1.1290184886092154,1613998732915.0,0.08183260858383369,1.0,0.08183260858383369,1.0072032696441495,155060.0,0.5001082164851227,
6905137,long,entry,52204.0,208312174.0,52204.0,208312174.0,47725.67519687562,0.0,0.9975872251168493,0.9975872251168493,120.42797385938927,365.81437900683403,437.57700838138044,307.693154573668,-30.54412005167672,397.57700838138027,1.129146014884484,1613998774025.0,1.0,1.0,1.0,1.0071885083463505,41110.0,0.5001671053756213,25159.0
6905925,long,close,52271.5,-208312174.0,52204.0,0.0,0.0,5.152875865079688,0.9962990061505792,6.149174871230267,121.42427286553985,370.95508919918257,443.7261832526107,312.8460304387477,-30.54412005167672,403.72618325261055,1.1299433524118263,1613998810314.0,0.08415353386280014,1.0,0.08415353386280014,1.00720892941812,36289.0,0.5002241834146285,
6913845,long,entry,51945.0,210671806.0,51945.0,210671806.0,47488.89355543637,0.0,1.0139176340359997,1.0139176340359997,122.43819049957585,371.8027243412366,444.7401008866467,312.8460304387477,-30.54412005167672,404.74010088664653,1.1300358243426059,1613999284201.0,1.0,1.0,1.0,1.0071942390577566,473887.0,0.5007978611670866,24978.0
6925181,long,stop_loss_liq_diff,50700.5,-29915397.0,51945.0,180756409.0,46883.76762914307,-14.136232475139941,0.14751036478930188,-13.98872211035064,122.58570086436515,360.1081526569835,430.75137877629606,312.8460304387477,-44.68035252681666,390.7513787762959,1.1281759352679661,1613999639059.0,0.06333543283162978,1.0,0.06333543283162978,1.0070773052862352,354858.0,0.501618973667322,28014.0
6934003,long,stop_loss_liq_diff,50100.0,-25667411.0,51945.0,155088998.0,46281.239969974544,-18.196881161154433,0.12808089321357286,-18.068800267940862,122.71378175757873,345.00263563298495,412.6825785083552,312.8460304387477,-62.8772336879711,372.68257850835505,1.1257159111714896,1613999759689.0,0.06336431302967568,1.0,0.06336431302967568,1.0069286241810498,120630.0,0.5022579869415877,30498.0
6937163,long,stop_loss_liq_diff,49573.0,-22022638.0,51945.0,133066360.0,45671.30949202605,-20.285936997152476,0.11106165654691061,-20.174875340605563,122.82484341412564,328.1364398482387,392.50770316774964,312.8460304387477,-83.16317068512357,352.50770316774947,1.1228551062046839,1613999778627.0,0.06327500946264142,1.0,0.06327500946264142,1.0067592507824574,18938.0,0.5024868785700937,32568.0
6939782,long,stop_loss_liq_diff,48872.5,-18895424.0,51945.0,114170936.0,45077.34280984654,-22.868634178736055,0.09665672924446264,-22.771977449491594,122.9215001433701,309.0990667004637,369.73572571825804,312.8460304387477,-106.03180486385963,329.73572571825787,1.11945412796421,1613999791124.0,0.06307574996869388,1.0,0.06307574996869388,1.00656234740738,12497.0,0.502676583372327,34293.0
6944025,long,stop_loss_liq_diff,48199.0,-16212273.0,51945.0,97958663.0,44497.68286159226,-24.2565986714395,0.084090297516546,-24.172508373922955,123.00559044088664,288.8908496998641,345.56321734433504,312.8460304387477,-130.28840353529912,305.56321734433493,1.115618495289805,1613999815184.0,0.06284110582439631,1.0,0.06284110582439631,1.0063434843206807,24060.0,0.5029839210874381,35673.0
6998492,long,close,52012.5,-97958663.0,51945.0,0.0,0.0,2.4473446992735433,0.47084192742129294,2.918186626694836,123.47643236830793,291.330453719781,348.4814039710299,315.29337513802125,-130.28840353529912,308.48140397102975,1.1160089925650354,1614001005341.0,0.06468349213678913,1.0,0.06468349213678913,1.006349621915022,1190157.0,0.5069291870146012,
7052907,long,entry,52742.5,167991741.0,52742.5,167991741.0,48217.97994858566,0.0,0.7962826041617292,0.7962826041617292,124.27271497246966,291.9961459768602,349.27768657519164,315.29337513802125,-130.28840353529912,309.27768657519147,1.1159642948266126,1614003424696.0,1.0,1.0,1.0,1.0063377478012272,2419355.0,0.5108706863706625,25380.0
7053468,long,close,52811.0,-167991741.0,52742.5,0.0,0.0,4.131363419369408,0.7952497633068869,4.926613182676295,125.06796473577654,296.1147945975776,354.20429975786794,319.42473855739064,-130.28840353529912,314.2042997578678,1.1167542949249576,1614003448246.0,0.08444845394830285,1.0,0.08444845394830285,1.006360241007526,23550.0,0.5109113218781283,
7112461,long,entry,52858.5,171126108.0,52858.5,171126108.0,48324.028854527736,0.0,0.8093594596895486,0.8093594596895486,125.87732419546609,296.79141910587805,355.0136592175575,319.42473855739064,-130.28840353529912,315.01365921755735,1.1164315669256792,1614009716909.0,1.0,1.0,1.0,1.0063484048243876,6268663.0,0.5151844243592846,25450.5
7112617,long,close,52927.0,-171126108.0,52858.5,0.0,0.0,4.19000683875833,0.808311957979859,4.998318796738189,126.68563615344594,300.9700136199512,360.0119780142957,323.614745396149,-130.28840353529912,320.01197801429555,1.1172189144503648,1614009721539.0,0.08538711936997405,1.0,0.08538711936997405,1.0063706631098521,4630.0,0.5151957240725905,
7113044,long,entry,52832.5,173846408.0,52832.5,173846408.0,48300.259267359936,0.0,0.822630047792552,0.822630047792552,127.5082662012385,301.65773233990575,360.83460806208825,323.614745396149,-130.28840353529912,320.8346080620881,1.117344613244467,1614009762190.0,1.0,1.0,1.0,1.0063588649898385,40651.0,0.5152266534160627,25450.5
7113353,long,close,52901.0,-173846408.0,52832.5,0.0,0.0,4.260800988548064,0.821564847545415,5.082365836093479,128.32983104878392,305.9065901788799,365.9169738981817,327.87554638469703,-130.28840353529912,325.91697389818154,1.1181314819274013,1614009786328.0,0.08505774206798694,1.0,0.08505774206798694,1.0063809820618923,24138.0,0.5152490355404957,
7116292,long,entry,52718.5,176316603.0,52718.5,176316603.0,48196.03876634021,0.0,0.8361230071037682,0.8361230071037682,129.16595405588768,306.60558901281865,366.7530969052855,327.87554638469703,-130.28840353529912,326.7530969052853,1.1182341506018616,1614010143687.0,1.0,1.0,1.0,1.0063692218652014,357359.0,0.5154619192418182,25340.0
7122441,long,close,52787.0,-176316603.0,52718.5,0.0,0.0,4.340040236165061,0.8350379970447269,5.1750782332097875,130.00099205293242,310.931954415782,371.92817513849525,332.2155866208621,-130.28840353529912,331.9281751384951,1.118988347887251,1614010638029.0,0.07802009074519685,1.0,0.07802009074519685,1.0063912554758896,494342.0,0.5159073162746294,
7138801,long,entry,52150.5,177282214.0,52150.5,177282214.0,47676.764712998054,0.0,0.8498586494856234,0.8498586494856234,130.85085070241803,311.64243624675197,372.77803378798086,332.2155866208621,-130.28840353529912,332.7780337879807,1.118939193490389,1614013062612.0,1.0,1.0,1.0,1.0063795329003369,2424583.0,0.5170923374905655,25089.5
7140832,long,close,52218.0,-177282214.0,52150.5,0.0,0.0,4.3943053230903075,0.8487600731548508,5.243065396245158,131.6996107755729,316.02563891801293,378.021099184226,336.6098919439524,-130.28840353529912,338.0210991842259,1.1197133202715976,1614013238616.0,0.08296278682442673,1.0,0.08296278682442673,1.0064012834654654,176004.0,0.5172394510657223,
7143025,long,entry,51986.0,179618082.0,51986.0,179618082.0,47526.37636722967,0.0,0.8637810275843497,0.8637810275843497,132.56339180315723,316.74775985707345,378.88488021181035,336.6098919439524,-130.28840353529912,338.88488021181024,1.1198306094100752,1614013392652.0,1.0,1.0,1.0,1.0063895987825364,154036.0,0.5173982989585431,25020.0
7147696,long,close,52053.5,-179618082.0,51986.0,0.0,0.0,4.480407224255424,0.8626609257782858,5.34306815003371,133.4260527289355,321.2145648305016,384.2279483618441,341.0902991682078,-130.28840353529912,344.22794836184397,1.1205956526203522,1614013723793.0,0.07907112664503517,1.0,0.07907112664503517,1.0064113026536217,331141.0,0.517736638451186,
7241057,long,entry,53899.5,189287223.0,53899.5,189287223.0,49275.72659936233,0.0,0.8779637241532853,0.8779637241532853,134.3040164530888,321.9485425038938,385.1059120859974,341.0902991682078,-130.28840353529912,345.10591208599726,1.1195571846019257,1614029563681.0,1.0,1.0,1.0,1.0063996554609616,15839888.0,0.5244991546945238,25920.0
7241839,long,close,53969.5,-189287223.0,53899.5,0.0,0.0,4.554977214221154,0.87682497984973,5.431802194070884,135.18084143293854,326.4895291381371,390.53771428006826,345.64527638242896,-130.28840353529912,350.53771428006814,1.1203353701483996,1614029618851.0,0.08377072573283632,1.0,0.08377072573283632,1.0064212166360982,55170.0,0.5245557981291731,
7256200,long,entry,53532.0,191083884.0,53532.0,191083884.0,48939.75261169406,0.0,0.892381584846447,0.892381584846447,136.07322301778498,327.23556014306865,391.4300958649147,345.64527638242896,-130.28840353529912,351.43009586491456,1.1202636035687106,1614032332666.0,1.0,1.0,1.0,1.0064096068092638,2713815.0,0.5255960236598612,25740.0
7260654,long,close,53601.5,-191083884.0,53532.0,0.0,0.0,4.628267503471106,0.8912245179705792,5.519492021441685,136.96444753575557,331.84985547299385,396.9495878863563,350.27354388590004,-130.28840353529912,356.94958788635626,1.1210038495833057,1614032888644.0,0.0814610996303668,1.0,0.0814610996303668,1.0064310092436517,555978.0,0.5259186449615593,
7273976,long,entry,53264.0,193248772.0,53264.0,193248772.0,48694.743002493975,0.0,0.9070327613397418,0.9070327613397418,137.8714802970953,332.6081348614739,397.85662064769605,350.27354388590004,-130.28840353529912,357.856620647696,1.1209474806180417,1614035380361.0,1.0,1.0,1.0,1.0064194367055164,2491717.0,0.5268836115042671,25631.0
7275720,long,close,53333.0,-193248772.0,53264.0,0.0,0.0,4.693923876957346,0.9058592803705023,5.599783157327848,138.7773395774658,337.28955358099995,403.4564038050239,354.9674677628574,-130.28840353529912,363.45640380502385,1.1217124489851003,1614035569010.0,0.0834793336628275,1.0,0.0834793336628275,1.0064406215716089,188649.0,0.5270099365043033,
7276405,long,entry,53149.5,195994285.0,53149.5,195994285.0,48590.06541598244,0.0,0.9219008880610354,0.9219008880610354,139.69924046552683,338.060262723419,404.37830469308494,354.9674677628574,-130.28840353529912,364.3783046930849,1.1218300878065521,1614035698419.0,1.0,1.0,1.0,1.0064290864102334,129409.0,0.5270595538351661,25560.0
7276534,long,close,53218.5,-195994285.0,53149.5,0.0,0.0,4.781131469411071,0.9207056051936827,5.701837074604754,140.61994607072052,342.8269985177886,410.0801417676897,359.7485992322685,-130.28840353529912,370.0801417676896,1.1226098641639721,1614035712346.0,0.08563025534230125,1.0,0.08563025534230125,1.00645019735128,13927.0,0.5270688978288615,
7277310,long,entry,53109.0,199060217.0,53109.0,199060217.0,48553.03969631359,0.0,0.9370361756011222,0.9370361756011222,141.55698224632164,343.6103607605911,411.01717794329085,359.7485992322685,-130.28840353529912,371.01717794329073,1.1227248004101718,1614035878149.0,1.0,1.0,1.0,1.0064386992556007,165803.0,0.5271251066591528,25560.0
7277512,long,close,53178.0,-199060217.0,53109.0,0.0,0.0,4.863326647597079,0.935820343939223,5.799146991536302,142.49280259026085,348.4584476455155,416.81632493482715,364.61192587986557,-130.28840353529912,376.81632493482704,1.1235062056603375,1614035884111.0,0.08511325237773519,1.0,0.08511325237773519,1.0064596925374332,5962.0,0.5271397383392029,
7295473,long,entry,52987.0,201865296.0,52987.0,201865296.0,48441.505490932526,0.0,0.9524284069677468,0.9524284069677468,143.4452309972286,349.2546777937405,417.7687533417949,364.61192587986557,-130.28840353529912,377.76875334179476,1.1233298295270857,1614039927235.0,1.0,1.0,1.0,1.0064482313227598,4043124.0,0.5284407264846447,25521.0
7300414,long,close,53055.5,-201865296.0,52987.0,0.0,0.0,4.918724420826144,0.9511987258625402,5.869923146688684,144.39642972309116,354.16193354437223,423.63867648848355,369.5306503006917,-130.28840353529912,383.63867648848344,1.124059657256154,1614040555808.0,0.08045737488738561,1.0,0.08045737488738561,1.006468925116587,628573.0,0.5287986231733941,
7303827,long,entry,52639.0,203821899.0,52639.0,203821899.0,48123.358695417875,0.0,0.9680175297783014,0.9680175297783014,145.36444725286947,354.9711961992669,424.60669401826186,369.5306503006917,-130.28840353529912,384.60669401826175,1.1241311472091624,1614041293458.0,1.0,1.0,1.0,1.006457501099201,737650.0,0.5290458406189925,25340.0
7304222,long,close,52707.0,-203821899.0,52639.0,0.0,0.0,4.995555962200422,0.9667686407877512,5.962324602988173,146.33121589365723,359.955699567365,430.56901862125,374.5262062628921,-130.28840353529912,390.56901862124994,1.1249065887590017,1614041310118.0,0.08441098372492627,1.0,0.08441098372492627,1.006478034074491,16660.0,0.5290744520725558,
7304401,long,entry,52610.5,207044080.0,52610.5,207044080.0,48097.30357115933,0.0,0.9838534132920235,0.9838534132920235,147.31506930694925,360.77820102087713,431.552872034542,374.5262062628921,-130.28840353529912,391.55287203454196,1.1250319530484099,1614041334023.0,1.0,1.0,1.0,1.0064666471873627,23905.0,0.5290874177692337,25340.0
7305215,long,close,52678.5,-207044080.0,52610.5,0.0,0.0,5.0800255970740595,0.9825834068927551,6.062609003966815,148.297652713842,365.84654214819335,437.6154810385088,379.60623185996616,-130.28840353529912,397.6154810385088,1.125802527674382,1614041426674.0,0.0843143667677087,1.0,0.0843143667677087,1.0064870617088983,92651.0,0.5291463790937919,
7307284,long,entry,52485.0,209930475.0,52485.0,209930475.0,47982.56958792193,0.0,0.9999546298942555,0.9999546298942555,149.29760734373627,366.6825042187849,438.61543566840305,379.60623185996616,-130.28840353529912,398.61543566840305,1.1259032123918515,1614041774062.0,1.0,1.0,1.0,1.0064757117715797,347388.0,0.5292962451632157,25270.0
7307550,long,close,52553.0,-209930475.0,52485.0,0.0,0.0,5.175492537652621,0.9986607567598424,6.174153294412464,150.29626810049612,371.8440963729138,444.7895889628155,384.7817243976188,-130.28840353529912,404.7895889628155,1.1266803794890106,1614041805812.0,0.08541043605703151,1.0,0.08541043605703151,1.006496067336456,31750.0,0.5293155126230836,
7307941,long,entry,52455.5,213252070.0,52455.5,213252070.0,47955.60026345057,0.0,1.0163475231386603,1.0163475231386603,151.31261562363477,372.6937629022577,445.8059364859542,384.7817243976188,-130.28840353529912,405.8059364859542,1.126804178510646,1614041851805.0,1.0,1.0,1.0,1.006484754011768,45993.0,0.5293438343404082,25270.0
7309213,long,close,52523.5,-213252070.0,52455.5,0.0,0.0,5.263292170051316,1.0150317000961475,6.278323870147464,152.32764732373093,377.94244165770095,452.08426035610165,390.04501656767013,-130.28840353529912,412.08426035610165,1.1275733729786879,1614041998367.0,0.08332982388510807,1.0,0.08332982388510807,1.0065049943098456,146562.0,0.5294359704642878,
7320190,long,entry,52174.0,215586286.0,52174.0,215586286.0,47698.24875275068,0.0,1.0330158987235023,1.0330158987235023,153.36066322245443,378.8060429490338,453.11727625482513,390.04501656767013,-130.28840353529912,413.11727625482513,1.127598828783098,1614043312419.0,1.0,1.0,1.0,1.0064937174176267,1314052.0,0.5302310791371075,25089.5
7320567,long,close,52241.5,-215586286.0,52174.0,0.0,0.0,5.338941122581394,1.0316811634428569,6.3706222860242505,154.3923443858973,384.13188318015006,459.48789854084936,395.3839576902515,-130.28840353529912,419.48789854084936,1.1283745698938668,1614043356321.0,0.08548711097742044,1.0,0.08548711097742044,1.0065137642451523,43902.0,0.5302583867775971,
7321840,long,entry,52108.5,218841791.0,52108.5,218841791.0,47638.36768507987,0.0,1.0499332690443979,1.0499332690443979,155.4422776549417,385.0096273930712,460.53783180989376,395.3839576902515,-130.28840353529912,420.53783180989376,1.1284911966810676,1614043494537.0,1.0,1.0,1.0,1.0065025238169665,138216.0,0.5303505953355363,25089.5
7321913,long,close,52176.0,-218841791.0,52108.5,0.0,0.0,5.433187339810744,1.0485749722094448,6.481762312020189,156.49085262715116,390.42838068592005,467.01959412191394,400.81714503006225,-130.28840353529912,427.01959412191394,1.129271555319671,1614043496554.0,0.08571490590870515,1.0,0.08571490590870515,1.006522480282564,2017.0,0.5303558830218911,
7322220,long,entry,52092.0,222358505.0,52092.0,222358505.0,47623.28314726819,0.0,1.0671432513629733,1.0671432513629733,157.55799587851413,391.3205124440595,468.0867373732769,400.81714503006225,-130.28840353529912,428.0867373732769,1.1293966056427474,1614043527868.0,1.0,1.0,1.0,1.0065112760761747,31314.0,0.5303781202782047,25089.5
7322860,long,close,52159.5,-222358505.0,52092.0,0.0,0.0,5.523992328684798,1.065762253280802,6.5897545819656,158.62375813179494,396.82954727458275,474.6764919552425,406.34113735874706,-130.28840353529912,434.6764919552425,1.1301731987638841,1614043587741.0,0.08462531912374223,1.0,0.08462531912374223,1.006531114392082,59873.0,0.5304244780763832,
7323148,long,entry,52048.0,225813229.0,52048.0,225813229.0,47583.05768489308,0.0,1.0846393185136798,1.0846393185136798,159.7083974503086,397.73630574486015,475.7611312737562,406.34113735874706,-130.28840353529912,435.7611312737562,1.1302980514231813,1614043622522.0,1.0,1.0,1.0,1.006519946242933,34781.0,0.5304453390855635,25020.0
7323996,long,close,52115.5,-225813229.0,52048.0,0.0,0.0,5.619299747650269,1.0832344935767668,6.702534241227036,160.79163194388536,403.33962437052594,482.4636655149832,411.9604371063973,-130.28840353529912,442.46366551498323,1.1310727408396886,1614043720010.0,0.08435130930709053,1.0,0.08435130930709053,1.006539684046931,97488.0,0.5305067631681498,
7328456,long,entry,51853.0,228657847.0,51853.0,228657847.0,47404.785766553,0.0,1.102433065589262,1.102433065589262,161.89406500947462,404.2612584133585,483.56609858057243,411.9604371063973,-130.28840353529912,443.5660985805725,1.1311543814250504,1614044297147.0,1.0,1.0,1.0,1.0065285517472478,577137.0,0.5308298190742058,24978.0
7328656,long,close,51920.0,-228657847.0,51853.0,0.0,0.0,5.690525068912251,1.101010434322034,6.791535503234285,162.99507544379665,409.9389820940624,490.3576340838067,417.6509621753096,-130.28840353529912,450.3576340838068,1.131933562876343,1614044311871.0,0.08544115742612397,1.0,0.08544115742612397,1.0065480524916406,14724.0,0.5308443058861365,
7329162,long,entry,51820.0,232251197.0,51820.0,232251197.0,47374.61669010225,0.0,1.120470846198379,1.120470846198379,164.11554628999502,410.87569572148425,491.4781049300051,417.6509621753096,-130.28840353529912,451.47810493000514,1.1320557375597478,1614044381316.0,1.0,1.0,1.0,1.0065369561936421,69445.0,0.5308809575203214,24909.0
7346011,long,close,51887.0,-232251197.0,51820.0,0.0,0.0,5.787310632358208,1.1190240185402895,6.906334650898498,165.23457030853533,416.6493914896354,498.3844395809036,423.4382728076678,-130.28840353529912,458.38443958090363,1.1327207471932401,1614045821505.0,0.0698548728198645,1.0,0.0698548728198645,1.006556353526695,1440189.0,0.5321013989914282,
7362220,long,entry,51425.5,234255938.0,51425.5,234255938.0,47013.958903170875,0.0,1.1388121554481727,1.1388121554481727,166.3733824639835,417.60143845159007,499.52325173635177,423.4382728076678,-130.28840353529912,459.5232517363518,1.1327021306847498,1614047634756.0,1.0,1.0,1.0,1.0065452930329912,1813251.0,0.5332754826643565,24728.5
7364035,long,close,51492.0,-234255938.0,51425.5,0.0,0.0,5.882933918845934,1.1373414219684612,7.020275340814395,167.51072388595196,423.4703886365109,506.5435270771662,429.3212067265137,-130.28840353529912,466.54352707716623,1.133471021861331,1614047777275.0,0.08192896038487245,1.0,0.08192896038487245,1.0065645736039643,142519.0,0.5334069504826281,
7366114,long,entry,51286.0,237445098.0,51286.0,237445098.0,46886.425913087114,0.0,1.1574557286588933,1.1574557286588933,168.66817961461086,424.4380216256697,507.70098280582505,429.3212067265137,-130.28840353529912,467.7009828058251,1.1335896529294063,1614047888679.0,1.0,1.0,1.0,1.006553548755208,111404.0,0.5335575408926484,24660.0
7366318,long,close,51352.5,-237445098.0,51286.0,0.0,0.0,5.99548656488578,1.1559568570176721,7.151443421903451,169.82413647162855,430.41662832638104,514.8524262277285,435.3166932913995,-130.28840353529912,474.85242622772853,1.1343715121638527,1614047899164.0,0.08514290901293435,1.0,0.08514290901293435,1.0065727908444841,10485.0,0.5335723174408178,
7397671,long,entry,51214.0,241001126.0,51214.0,241001126.0,46820.602448436264,0.0,1.176441627289413,1.176441627289413,171.00057809891797,431.40013352679495,516.0288678550179,435.3166932913995,-130.28840353529912,476.02886785501795,1.134218089144831,1614051345347.0,1.0,1.0,1.0,1.0065618012831603,3446183.0,0.5358433425131431,24684.0
7397761,long,close,51280.5,-241001126.0,51214.0,0.0,0.0,6.10238731796712,1.1749160304599213,7.277303348427042,172.17549412937788,437.4839591260799,523.3061712034449,441.4190806093666,-130.28840353529912,483.306171203445,1.1349999876866501,1614051352929.0,0.0856601158350174,1.0,0.0856601158350174,1.0065809662749818,7582.0,0.535849861578512,
7397924,long,entry,51202.5,244903298.0,51202.5,244903298.0,46810.08897938057,0.0,1.195758498120209,1.195758498120209,173.37125262749808,438.4836132305084,524.5019297015651,441.4190806093666,-130.28840353529912,484.5019297015652,1.1351259102625864,1614051373228.0,1.0,1.0,1.0,1.006570011748594,20299.0,0.5358616683302355,24616.0
7412746,long,stop_loss_liq_diff,49911.5,-34776269.0,51202.5,210127029.0,46222.71534423554,-17.567802506750542,0.174189660699438,-17.393612846051106,173.5454422881975,423.9425528912097,507.10831685551403,441.4190806093666,-147.85620604204968,467.1083168555141,1.133161847994511,1614052368066.0,0.06203484592272334,1.0,0.06203484592272334,1.0064671296948713,994838.0,0.5369352859624241,27608.0
7439745,long,stop_loss_liq_diff,49262.0,-29838039.0,51202.5,180288990.0,45647.28811863313,-22.955180826104687,0.15142523141569567,-22.80375559468899,173.6968675196132,404.8786132140497,484.30456126082504,441.4190806093666,-170.81138686815436,444.3045612608251,1.1305016598397348,1614053594264.0,0.06167728336340023,1.0,0.06167728336340023,1.0063334772801602,1226198.0,0.5388909331390169,29988.0
7455502,long,stop_loss_liq_diff,48723.5,-25601037.0,51202.5,154687953.0,45069.67045456988,-25.439258006428023,0.1313587745133252,-25.307899231914696,173.82822629412652,383.72120945616905,458.99666202891035,441.4190806093666,-196.25064487458238,418.9966620289104,1.1274613901127157,1614054371403.0,0.06301110251794798,1.0,0.06301110251794798,1.006181053355953,777139.0,0.5400322766169817,31960.0
7498760,long,close,51269.0,-154687953.0,51202.5,0.0,0.0,3.9186107438391478,0.7542957391406113,4.672906482979759,174.58252203326714,387.62775927594015,463.66956851189013,445.33769135320574,-196.25064487458238,423.6695685118902,1.127783195028428,1614057478478.0,0.07193397330128119,1.0,0.07193397330128119,1.0061911081074182,3107075.0,0.5431656291694855,
7511300,long,entry,50109.5,212361739.0,50109.5,212361739.0,45810.852075190225,0.0,1.059488415370339,1.059488415370339,175.64201044863748,388.51349159118973,464.72905692726044,445.33769135320574,-196.25064487458238,424.72905692726056,1.1278086778692857,1614058787302.0,1.0,1.0,1.0,1.0061812747328192,1308824.0,0.5440739522775442,24120.0
7511454,long,close,50174.5,-212361739.0,50109.5,0.0,0.0,5.490179035093664,1.0581158706115656,6.54829490570523,176.70012631924905,393.9878661323593,471.2773518329657,450.8278703882994,-196.25064487458238,431.2773518329658,1.1285825052690972,1614058791566.0,0.08519176318089691,1.0,0.08519176318089691,1.006201020204177,4264.0,0.5440851071227308,
7513318,long,entry,50042.0,215555366.0,50042.0,215555366.0,45749.14257047598,0.0,1.0768722573038647,1.0768722573038647,177.77699857655293,394.8881313394653,472.35422409026955,450.8278703882994,-196.25064487458238,432.35422409026967,1.1286909243255743,1614059022509.0,1.0,1.0,1.0,1.0061912111197062,230943.0,0.5442201242099255,24073.0
7514018,long,close,50107.0,-215555366.0,50042.0,0.0,0.0,5.587777893288705,1.0754753128305428,6.663253206119248,178.85247388938348,400.458611019781,479.0174772963888,456.4156482815881,-196.25064487458238,439.0174772963889,1.1294626550535447,1614059071180.0,0.08393619329857267,1.0,0.08393619329857267,1.0062108728917731,48671.0,0.5442708280516831,
7515523,long,entry,49962.5,218747517.0,49962.5,218747517.0,45676.46249452743,0.0,1.0945585038779084,1.0945585038779084,179.9470323932614,401.37366192902294,480.1120358002667,456.4156482815881,-196.25064487458238,440.1120358002668,1.1295781544906864,1614059210847.0,1.0,1.0,1.0,1.0062010880038654,139667.0,0.5443798413114621,24073.0
7515778,long,close,50027.0,-218747517.0,49962.5,0.0,0.0,5.644873648240044,1.0931472854658484,6.738020933705893,181.04017967872724,407.0066474296011,486.8500567339726,462.06052192982816,-196.25064487458238,446.85005673397274,1.1303493100423985,1614059222982.0,0.0848326004642824,1.0,0.0848326004642824,1.006220450093236,12135.0,0.5443983119966739,
7516041,long,entry,49938.5,222217537.0,49938.5,222217537.0,45654.521335220605,0.0,1.1124560058872415,1.1124560058872415,182.1526356846145,407.9366606505228,487.96251273985985,462.06052192982816,-196.25064487458238,447.96251273985996,1.1304741282115802,1614059244321.0,1.0,1.0,1.0,1.0062106898466314,21339.0,0.5444173621543628,24006.5
7516590,long,close,50003.0,-222217537.0,49938.5,0.0,0.0,5.739928594661983,1.1110210237385756,6.850949618400558,183.26365670835307,413.6640545315057,494.81346235826044,467.80045052449015,-196.25064487458238,454.8134623582605,1.1312433434414888,1614059292329.0,0.08439165033400642,1.0,0.08439165033400642,1.0062299466179894,48008.0,0.5444571284531127,
7516814,long,entry,49902.5,225689535.0,49902.5,225689535.0,45621.60959930569,0.0,1.1306524472721808,1.1306524472721808,184.39430915562525,414.6092799774252,495.9441148055326,467.80045052449015,-196.25064487458238,455.94411480553265,1.131367324802504,1614059325276.0,1.0,1.0,1.0,1.0062202109691853,32947.0,0.5444733536824752,24006.5
7517037,long,close,49967.0,-225689535.0,49902.5,0.0,0.0,5.838019720939697,1.1291929423419456,6.967212663281643,185.5235020979672,420.43386976392867,502.91132746881425,473.63847024542986,-196.25064487458238,462.9113274688143,1.1321392316566845,1614059352214.0,0.0855193714058353,1.0,0.0855193714058353,1.006239370556761,26938.0,0.5444895064777779,
7518943,long,entry,49828.5,229042904.0,49828.5,229042904.0,45553.95768059761,0.0,1.149156125510501,1.149156125510501,186.6726582234777,421.39456428485545,504.06048359432475,473.63847024542986,-196.25064487458238,464.0604835943248,1.1322448805287673,1614059615876.0,1.0,1.0,1.0,1.0062296594429692,263662.0,0.5446275657954781,24006.5
7520351,long,close,49893.0,-229042904.0,49828.5,0.0,0.0,5.94236226287656,1.1476705349447818,7.090032797821341,187.82032875842248,427.3218317038341,511.1505163921461,479.5808325083064,-196.25064487458238,471.15051639214613,1.1330128423701622,1614059709573.0,0.08186960495409525,1.0,0.08186960495409525,1.0062487447650064,93697.0,0.5447295529514706,
7521079,long,entry,49725.0,232311766.0,49725.0,232311766.0,45459.336443299035,0.0,1.167982735042735,1.167982735042735,188.9883114934652,428.29826527032986,512.3184991271888,479.5808325083064,-196.25064487458238,472.3184991271889,1.1331322485588848,1614059801101.0,1.0,1.0,1.0,1.0062390580684437,91528.0,0.5447822849468986,23940.0
7522125,long,close,49789.5,-232311766.0,49725.0,0.0,0.0,6.052270973619544,1.1664696672993302,7.218740640918874,190.15478116076454,434.33313244613805,519.5372397681077,485.63310348192596,-196.25064487458238,479.5372397681078,1.133903322603719,1614059878768.0,0.08228772409082305,1.0,0.08228772409082305,1.0062580869778102,77667.0,0.5448580509732964,
7523030,long,entry,49635.0,235696058.0,49635.0,235696058.0,45377.05709659395,0.0,1.1871464591518082,1.1871464591518082,191.34192761991636,435.3255868859889,520.7243862272595,485.63310348192596,-196.25064487458238,480.7243862272596,1.1340223714925834,1614059975159.0,1.0,1.0,1.0,1.0062484245391574,96391.0,0.5449236037972831,23892.0
7523708,long,close,49699.5,-235696058.0,49635.0,0.0,0.0,6.1627136381892615,1.185605780742261,7.348319418931522,192.52753340065863,441.4687819202157,528.072705646191,491.7958171201152,-196.25064487458238,488.0727056461911,1.1347977191396739,1614060020753.0,0.08427225200101007,1.0,0.08427225200101007,1.0062673901802797,45594.0,0.5449727140897284,
7523863,long,entry,49596.0,239380066.0,49596.0,239380066.0,45341.402716210556,0.0,1.2066500625050407,1.2066500625050407,193.73418346316367,442.47754137246983,529.279355708696,491.7958171201152,-196.25064487458238,489.27935570869613,1.1349232414758652,1614060038120.0,1.0,1.0,1.0,1.0062577518595592,17367.0,0.5449839413689748,23892.0
7524820,long,close,49660.0,-239380066.0,49596.0,0.0,0.0,6.22034667743234,1.2050949758356826,7.425441653268022,194.93927843899937,448.68521059460187,536.704797361964,498.01616379754756,-196.25064487458238,496.70479736196415,1.1356933228269062,1614060099695.0,0.08217641917753576,1.0,0.08217641917753576,1.006276406812755,61575.0,0.5450532607640635,
7533724,long,entry,49507.5,242858934.0,49507.5,242858934.0,45260.49470433864,0.0,1.2263744584153917,1.2263744584153917,196.16565289741476,449.7104596418372,537.9311718203794,498.01616379754756,-196.25064487458238,497.9311718203795,1.1357480138522194,1614060981894.0,1.0,1.0,1.0,1.006266793069467,882199.0,0.5456982136312208,23826.0
7533928,long,close,49571.5,-242858934.0,49507.5,0.0,0.0,6.333313725716196,1.2247911299839624,7.558104855700158,197.39044402739873,456.02903530120244,545.4892766760795,504.3494775232638,-196.25064487458238,505.48927667607967,1.1365224835323804,1614061005646.0,0.08567427846956877,1.0,0.08567427846956877,1.0062853869530455,23752.0,0.5457129901793902,
7556342,long,entry,49483.0,246711759.0,49483.0,246711759.0,45238.09643363574,0.0,1.246447057575329,1.246447057575329,198.63689108497405,457.07106504133543,546.7357237336548,504.3494775232638,-196.25064487458238,506.735723733655,1.1364223137114013,1614063763446.0,1.0,1.0,1.0,1.0062757976394399,2757800.0,0.5473365271924704,23826.0
7572896,long,stop_loss_liq_diff,48260.5,-35033070.0,49483.0,211678689.0,44666.88474132776,-17.934085086639545,0.1814790045689539,-17.752606082070592,198.818370089543,442.22988635672436,528.9831176515842,504.3494775232638,-214.18472996122193,488.9831176515844,1.1345270999443038,1614064531383.0,0.06261714808048606,1.0,0.06261714808048606,1.00618150220622,767937.0,0.5485356006159793,26664.0
7588868,long,stop_loss_liq_diff,47640.0,-30058374.0,49483.0,181620315.0,44105.709088432326,-23.499739312043218,0.15773705919395464,-23.342002252849262,198.97610714873696,422.71597247334233,505.6411153987349,504.3494775232638,-237.68446927326517,465.6411153987351,1.1319652871546189,1614065310024.0,0.0622308005011912,1.0,0.0622308005011912,1.006058631390552,778641.0,0.5496925174167696,28974.0
7622001,long,stop_loss_liq_diff,47077.5,-25790085.0,49483.0,155830230.0,43547.69242612882,-26.63107643114236,0.13695547235940736,-26.494120958782954,199.11306262109636,400.56688735179983,479.146994439952,504.3494775232638,-264.31554570440755,439.14699443995215,1.128859097785059,1614067034558.0,0.06311555348827823,1.0,0.06311555348827823,1.0059155946396687,1724534.0,0.5520924751152788,30888.0
7638997,long,stop_loss_liq_diff,46477.0,-22127893.0,49483.0,133702337.0,42998.614776965755,-28.922440072216958,0.11902603976160252,-28.803414032455354,199.23208866085795,376.4872332206672,450.34358040749663,504.3494775232638,-293.2379857766245,410.3435804074968,1.12540755945542,1614067574275.0,0.062169455337543804,1.0,0.062169455337543804,1.0057537677791315,539717.0,0.5533235643931547,32472.0
7645772,long,stop_loss_liq_diff,45900.5,-18985732.0,49483.0,114716605.0,42456.26863478223,-29.946088735673097,0.1034069999237481,-29.84268173574935,199.3354956607817,351.5387512895807,420.5008986717473,504.3494775232638,-323.18407451229757,380.50089867174745,1.1216338322760904,1614067776043.0,0.0616675626146329,1.0,0.0616675626146329,1.0055771190426661,201768.0,0.5538143051473091,33858.0
7650253,long,stop_loss_liq_diff,45321.0,-16289758.0,49483.0,98426847.0,41921.96696512812,-30.231604876281285,0.08985767083691887,-30.141747205444364,199.42535333161862,326.34025062582924,390.35915146630293,504.3494775232638,-353.41567938857884,350.3591514663031,1.1175635526554495,1614067877477.0,0.0631271126777538,1.0,0.0631271126777538,1.0053875452513474,101434.0,0.5541388821686178,34980.0
7910653,long,close,49547.0,-98426847.0,49483.0,0.0,0.0,2.5693316206259413,0.49663373665408606,3.065965357280027,199.9219870682727,328.9033976645153,393.4251168235829,506.9188091438897,-353.41567938857884,353.42511682358315,1.1169658173716657,1614082553252.0,0.06655458651270019,1.0,0.06655458651270019,1.005393342092609,14675775.0,0.5730007113024658,
7927470,long,entry,48326.5,173778097.0,48326.5,173778097.0,44180.80690162391,0.0,0.8989793229387604,0.8989793229387604,200.82096639121147,329.65494437849213,394.3240961465217,506.9188091438897,-353.41567938857884,354.3240961465219,1.1169827672875154,1614084090829.0,1.0,1.0,1.0,1.0053860342564298,1537577.0,0.5742188348836637,23284.5
7928608,long,close,48389.0,-173778097.0,48326.5,0.0,0.0,4.644543816460012,0.8978181869846453,5.542362003444658,201.7187845781961,334.2883590133718,399.8664581499663,511.5633529603497,-353.41567938857884,359.8664581499666,1.1177300319926602,1614084187442.0,0.0839843898360219,1.0,0.0839843898360219,1.0054062502654286,96613.0,0.5743012648435497,
7929174,long,entry,48253.5,176356474.0,48253.5,176356474.0,44114.069210859394,0.0,0.913697835390179,0.913697835390179,202.63248241358627,335.052210403758,400.7801559853565,511.5633529603497,-353.41567938857884,360.78015598535677,1.1178482511846677,1614084260893.0,1.0,1.0,1.0,1.0053989463252466,73451.0,0.5743422625213137,23220.0
7930099,long,close,48316.0,-176356474.0,48253.5,0.0,0.0,4.7277187442574915,0.9125159057041147,5.640234649961606,203.54499831929039,339.76744657112596,406.42039063531814,516.2910717046071,-353.41567938857884,366.42039063531837,1.1185989627738941,1614084328462.0,0.08338210960875612,1.0,0.08338210960875612,1.0054190793642344,67569.0,0.5744092640264935,
7948982,long,entry,48234.5,179176430.0,48234.5,179176430.0,44096.69910581442,0.0,0.9286736153583016,0.9286736153583016,204.47367193464868,340.5438177135655,407.34906425067646,516.2910717046071,-353.41567938857884,367.3490642506767,1.1185116131646118,1614087335412.0,1.0,1.0,1.0,1.0054117794678648,3006950.0,0.575777036374936,23220.0
7955758,long,stop_loss_liq_diff,47055.5,-25443054.0,48234.5,153733376.0,43538.10776707895,-13.216451643712679,0.13517577116383844,-13.08127587254884,204.6088477058125,329.6078710841147,394.26778837812765,516.2910717046071,-366.6321310322915,354.2677883781279,1.1167231568434046,1614087741863.0,0.06283912767776213,1.0,0.06283912767776213,1.005323052146081,406451.0,0.5762678495631501,25993.5
7963664,long,stop_loss_liq_diff,46487.5,-21830140.0,48234.5,131903236.0,42983.84116935924,-17.00808640707576,0.11739790266200592,-16.890688504413752,204.7262456084745,315.4872554944248,377.37709987371386,516.2910717046071,-383.6402174393673,337.37709987371414,1.1143390490100178,1614088149427.0,0.06260802292815414,1.0,0.06260802292815414,1.0052088094285252,407564.0,0.5768405132387731,28315.5
7988627,long,close,48297.0,-131903236.0,48234.5,0.0,0.0,3.538812328122003,0.6827713729631241,4.221583701085127,205.40901698143762,319.01649946853195,381.598683574799,519.8298840327292,-383.6402174393673,341.5986835747993,1.1148644225257511,1614089224437.0,0.06345125567894278,1.0,0.06345125567894278,1.0052225742599392,1075010.0,0.5786486846699107,
8046516,long,entry,48192.5,168086926.0,48192.5,168086926.0,44058.30209604908,0.0,0.8719558333765628,0.8719558333765628,206.2809728148142,319.74545454523474,382.47063940817554,519.8298840327292,-383.6402174393673,342.4706394081758,1.1147014828628106,1614093452920.0,1.0,1.0,1.0,1.0052157957864176,4228483.0,0.5828418199492092,23168.0
8056050,long,close,48255.0,-168086926.0,48192.5,0.0,0.0,4.517437744153922,0.8708264739405244,5.388264218094446,207.15179928875472,324.25004343156166,387.85890362627,524.3473217768831,-383.6402174393673,347.85890362627026,1.1154031308555041,1614094169742.0,0.07486215637134853,1.0,0.07486215637134853,1.0052361024870688,716822.0,0.5835324062739485,
8064657,long,entry,47650.5,168923020.0,47650.5,168923020.0,43562.79760028621,0.0,0.8862604799529911,0.8862604799529911,208.0380597687077,324.99095719280234,388.74516410622294,524.3473217768831,-383.6402174393673,348.7451641062232,1.1154820544155648,1614094810621.0,1.0,1.0,1.0,1.0052293239884913,640879.0,0.5841558462253887,22923.5
8065196,long,close,47712.0,-168923020.0,47650.5,0.0,0.0,4.569501971588519,0.885118104460094,5.454620076048613,208.92317787316782,329.551019576379,394.19978418227157,528.9168237484715,-383.6402174393673,354.19978418227186,1.1162271093754164,1614094842283.0,0.08380466690601583,1.0,0.08380466690601583,1.0052493784557253,31662.0,0.5841948881835421,
8066139,long,entry,47592.0,171473870.0,47592.0,171473870.0,43509.3160472872,0.0,0.9007494431837283,0.9007494431837283,209.82392731635156,330.3040461108806,395.1005336254553,528.9168237484715,-383.6402174393673,355.10053362545557,1.116343592619805,1614094929470.0,1.0,1.0,1.0,1.005242600509575,87187.0,0.5842631935017957,22923.5
8066240,long,close,47653.5,-171473870.0,47592.0,0.0,0.0,4.649907415472469,0.8995869663298605,5.5494943818023295,210.7235142826814,334.94342341406735,400.6500280072576,533.566731163944,-383.6402174393673,360.6500280072579,1.1170915915064268,1614094936868.0,0.08547763478881795,1.0,0.08547763478881795,1.0052625662093762,7398.0,0.5842705093418207,
8066830,long,entry,47564.5,174178972.0,47564.5,174178972.0,43484.175120480206,0.0,0.9154882948417412,0.9154882948417412,211.63900257752314,335.70877162855504,401.56551630209935,533.566731163944,-383.6402174393673,361.56551630209964,1.11720791304746,1614095027015.0,1.0,1.0,1.0,1.0052557890112712,90147.0,0.5843132454370165,22923.5
8068578,long,close,47626.0,-174178972.0,47564.5,0.0,0.0,4.728722137720157,0.9143061143073111,5.643028252027468,212.55330869183047,340.42634324725003,407.20854455412683,538.2954533016642,-383.6402174393673,367.2085445541271,1.1179516277052286,1614095109120.0,0.08133318290277167,1.0,0.08133318290277167,1.0052756497890272,82105.0,0.5844398601732912,
8072047,long,entry,47407.5,176445890.0,47407.5,176445890.0,43340.643387724536,0.0,0.9304745557137584,0.9304745557137584,213.48378324754424,341.20421997582673,408.1390191098406,538.2954533016642,-383.6402174393673,368.1390191098409,1.118054369956683,1614095395491.0,1.0,1.0,1.0,1.0052688735682247,286371.0,0.5846911339262303,22806.0
8072944,long,close,47469.0,-176445890.0,47407.5,0.0,0.0,4.822025757980586,0.9292690492742632,5.751294807254849,214.4130522968185,346.0123024346918,413.89031391709545,543.1174790596448,-383.6402174393673,373.89031391709574,1.1188005296384629,1614095477467.0,0.08324216541745207,1.0,0.08324216541745207,1.0052887025343649,81976.0,0.5847561072777397,
8073853,long,entry,47334.5,179064984.0,47334.5,179064984.0,43273.90570636612,0.0,0.945742450010035,0.945742450010035,215.35879474682855,346.80294312290016,414.83605636710547,543.1174790596448,-383.6402174393673,374.83605636710575,1.1189170888685362,1614095565032.0,1.0,1.0,1.0,1.0052819273513296,87565.0,0.584821949837965,22806.0
8074218,long,close,47396.0,-179064984.0,47334.5,0.0,0.0,4.908697837421982,0.9445152755506794,5.853213112972661,216.30331002237924,351.6962292853453,420.6892694800781,548.0261768970668,-383.6402174393673,380.6892694800784,1.119667607047851,1614095605400.0,0.08451827399847434,1.0,0.08451827399847434,1.005301678646372,40368.0,0.5848483882697386,
8083485,long,entry,47139.5,181256678.0,47139.5,181256678.0,43095.63378349287,0.0,0.9612781107139448,0.9612781107139448,217.26458813309318,352.4998577859021,421.65054759079203,548.0261768970668,-383.6402174393673,381.6505475907923,1.1197254105908834,1614096528146.0,1.0,1.0,1.0,1.0052949046637287,922746.0,0.5855196347005504,22680.0
8083738,long,close,47200.5,-181256678.0,47139.5,0.0,0.0,4.969266406377035,0.9600357941123505,5.929302200489386,218.22462392720553,357.45675442551124,427.5798497912814,552.9954433034438,-383.6402174393673,387.5798497912817,1.1204750136258637,1614096547521.0,0.08559110995251656,1.0,0.08559110995251656,1.0053144332881196,19375.0,0.5855379605176427,
8083929,long,entry,47120.5,184151275.0,47120.5,184151275.0,43078.26369797084,0.0,0.9770231374879299,0.9770231374879299,219.20164706469345,358.27354576845113,428.55687292876934,552.9954433034438,-383.6402174393673,388.5568729287696,1.1205969438258876,1614096559662.0,1.0,1.0,1.0,1.0053076609906344,12141.0,0.5855517954230366,22680.0
8088349,long,close,47181.5,-184151275.0,47120.5,0.0,0.0,5.052693228215552,0.975759964180876,6.0284531923964275,220.1774070288743,363.3133326372946,434.5853261211658,558.0481365316593,-383.6402174393673,394.5853261211661,1.1213193149454999,1614096972099.0,0.08119305325859356,1.0,0.08119305325859356,1.005327084938728,412437.0,0.5858719539667064,
8106214,long,entry,47124.0,187182316.0,47124.0,187182316.0,43081.463464065346,0.0,0.9930307062218827,0.9930307062218827,221.1704377350962,364.1435063076961,435.57835682738767,558.0481365316593,-383.6402174393673,395.57835682738795,1.1213099531378765,1614098825652.0,1.0,1.0,1.0,1.0053203145406417,1853553.0,0.5871659884424214,22680.0
8106345,long,close,47185.0,-187182316.0,47124.0,0.0,0.0,5.135095736317552,0.9917469322878034,6.126842668605355,222.162184667384,369.26554677865016,441.70519949599304,563.1832322679769,-383.6402174393673,401.7051994959933,1.1220606889407694,1614098833298.0,0.08531924704744488,1.0,0.08531924704744488,1.0053396226148568,7646.0,0.5871754773042361,
8106558,long,entry,47109.0,190188392.0,47109.0,190188392.0,43067.75022688367,0.0,1.0092996667303489,1.0092996667303489,223.17148433411435,370.1093213000367,442.71449916272337,563.1832322679769,-383.6402174393673,402.71449916272365,1.1221815992512125,1614098859742.0,1.0,1.0,1.0,1.0053328543518982,26444.0,0.5871909057589424,22680.0
8107673,long,close,47170.0,-190188392.0,47109.0,0.0,0.0,5.22088443252522,1.0079944456222176,6.228878878147437,224.17947877973657,375.316664042168,448.9433780408708,568.4041167005021,-383.6402174393673,408.9433780408711,1.122925146436424,1614098977465.0,0.08366488878970918,1.0,0.08366488878970918,1.0053520579398205,117723.0,0.5872716697354563,
8118533,long,entry,46878.0,192357115.0,46878.0,192357115.0,42856.56658706587,0.0,1.0258389596399162,1.0258389596399162,225.20531773937648,376.17426541242696,449.96921700051075,568.4041167005021,-383.6402174393673,409.96921700051104,1.1229584360186735,1614100217301.0,1.0,1.0,1.0,1.005345292018985,1239836.0,0.5880583036232966,22562.5
8123899,long,close,46938.5,-192357115.0,46878.0,0.0,0.0,5.288899905895035,1.0245167346634425,6.3134166405584775,226.22983447403993,381.4522817239339,456.28263364106925,573.6930166063971,-383.6402174393673,416.28263364106954,1.1236776507438662,1614100640108.0,0.07905649263323977,1.0,0.07905649263323977,1.0053642991854193,422807.0,0.5884469847873988,
8124541,long,entry,46620.5,194427852.0,46620.5,194427852.0,42621.15626255333,0.0,1.042609216975365,1.042609216975365,227.2724436910153,382.3239030293253,457.32524285804465,573.6930166063971,-383.6402174393673,417.32524285804493,1.1237970921741722,1614100687153.0,1.0,1.0,1.0,1.0053575360127522,47045.0,0.5884934874536966,22444.0
8124658,long,close,46681.0,-194427852.0,46620.5,0.0,0.0,5.405013399627848,1.041257963625458,6.446271363253306,228.31370165464077,387.7129858890051,463.771514221298,579.0980300060249,-383.6402174393673,423.7715142212982,1.1245504876552872,1614100691937.0,0.08497056049822166,1.0,0.08497056049822166,1.0053765740575715,4784.0,0.588501962238676,
8126009,long,entry,46568.5,197398537.0,46568.5,197398537.0,42573.61707589122,0.0,1.0597213620795174,1.0597213620795174,229.3734230167203,388.5989129477036,464.8312355833775,579.0980300060249,-383.6402174393673,424.83123558337775,1.124661916216496,1614100849278.0,1.0,1.0,1.0,1.0053698135350693,157341.0,0.5885998206532683,22444.0
8126232,long,close,46629.0,-197398537.0,46568.5,0.0,0.0,5.4998513719627615,1.0583463992365267,6.558197771199288,230.4317694159568,394.0815662844262,471.3894333545768,584.5978813779877,-383.6402174393673,431.389433354577,1.1254154766057074,1614100868241.0,0.08502864655295037,1.0,0.08502864655295037,1.0053887705679636,18963.0,0.5886159734485711,
8146917,long,entry,46812.0,201690132.0,46812.0,201690132.0,42796.22840874354,0.0,1.0771283645219176,1.0771283645219176,231.50889778047872,394.9820455971665,472.4665617190987,584.5978813779877,-383.6402174393673,432.46656171909893,1.1253684229692604,1614103176428.0,1.0,1.0,1.0,1.005382012843148,2308187.0,0.5901142719725099,22500.0
8147080,long,close,46872.5,-201690132.0,46812.0,0.0,0.0,5.561151297974402,1.0757380766974238,6.636889374671826,232.58463585717615,400.53048511439215,479.1034510937705,590.1590326759622,-383.6402174393673,439.1034510937708,1.1261183355274484,1614103193739.0,0.08531614070395101,1.0,0.08531614070395101,1.00540072923944,17311.0,0.5901260787242334,
8147323,long,entry,46795.0,204916232.0,46795.0,204916232.0,42780.686755135,0.0,1.0947549524521851,1.0947549524521851,233.67939080962833,401.4457002546422,480.1982060462227,590.1590326759622,-383.6402174393673,440.198206046223,1.1262396100602161,1614103216413.0,1.0,1.0,1.0,1.0053939748041638,22674.0,0.5901436802007293,22500.0
8147593,long,close,46855.5,-204916232.0,46795.0,0.0,0.0,5.65420705132678,1.0933414006893534,6.747548452016133,234.77273221031768,407.0866507605277,486.94575449823884,595.813239727289,-383.6402174393673,446.9457544982391,1.1269903850353726,1614103232653.0,0.08480721456551502,1.0,0.08480721456551502,1.0054125938794303,16240.0,0.5901632373968357,
8148413,long,entry,46752.5,208081291.0,46752.5,208081291.0,42741.83262540493,0.0,1.1126746751510614,1.1126746751510614,235.88540688546874,408.01684678895396,488.0584291733899,595.813239727289,-383.6402174393673,448.0584291733902,1.1271066288579714,1614103323781.0,1.0,1.0,1.0,1.005405842908317,91128.0,0.5902226333257519,22500.0
8148548,long,close,46813.0,-208081291.0,46752.5,0.0,0.0,5.751976403703091,1.1112366810501357,6.863213084753227,236.99664356651888,413.75449292780763,494.92164225814315,601.5652161309921,-383.6402174393673,454.92164225814344,1.1278579083645048,1614103347868.0,0.08574597864397318,1.0,0.08574597864397318,1.0054243793838755,24087.0,0.5902324119238052,
8155220,long,entry,46635.0,210958018.0,46635.0,210958018.0,42634.412363533425,0.0,1.1308996354669238,1.1308996354669238,238.12754320198582,414.699925023058,496.05254189361006,601.5652161309921,-383.6402174393673,456.05254189361034,1.127905942263891,1614104347105.0,1.0,1.0,1.0,1.0054176320172226,999237.0,0.5907156919698153,22444.0
8155504,long,close,46695.5,-210958018.0,46635.0,0.0,0.0,5.8609011956825166,1.1294344101680034,6.99033560585052,239.25697761215383,420.54384558954905,503.0428774994606,607.4261173266747,-383.6402174393673,463.0428774994609,1.128658331630171,1614104378653.0,0.08536341696003463,1.0,0.08536341696003463,1.005436127023827,31548.0,0.590736263242757,
8155698,long,entry,46615.0,214327700.0,46615.0,214327700.0,42616.12807092573,0.0,1.1494567199399335,1.1494567199399335,240.40643433209377,421.5047914074188,504.1923342194005,607.4261173266747,-383.6402174393673,464.1923342194008,1.1287796171034734,1614104403323.0,1.0,1.0,1.0,1.00542938331171,24670.0,0.5907503154503297,22444.0
8156005,long,close,46675.5,-214327700.0,46615.0,0.0,0.0,5.9596260613268335,1.1479668134246017,7.107592874751435,241.55440114551837,427.446739050711,511.29992709415194,613.3857433880015,-383.6402174393673,471.2999270941522,1.1295339936113789,1614104419454.0,0.08474446821601878,1.0,0.08474446821601878,1.0054477853060877,16131.0,0.5907725527066435,
8158304,long,entry,46531.0,217453162.0,46531.0,217453162.0,42539.3340148217,0.0,1.1683241387462122,1.1683241387462122,242.72272528426458,428.4234580307029,512.4682512328982,613.3857433880015,-383.6402174393673,472.4682512328984,1.1296377404924778,1614104675377.0,1.0,1.0,1.0,1.0054410454078222,255923.0,0.5909390786097876,22382.0
8158432,long,close,46591.5,-217453162.0,46531.0,0.0,0.0,6.068369586225281,1.166807046349656,7.235176632574937,243.88953233061423,434.47206569553543,519.703427865473,619.4541129742267,-383.6402174393673,479.7034278654734,1.1303943460485737,1614104683134.0,0.08566718936439112,1.0,0.08566718936439112,1.005459389561353,7757.0,0.5909483501694233,
8163131,long,entry,46433.5,220563992.0,46433.5,220563992.0,42450.19807384396,0.0,1.1875262041414065,1.1875262041414065,245.07705853475565,435.46483760219763,520.8909540696144,619.4541129742267,-383.6402174393673,480.8909540696148,1.130480304909326,1614105170257.0,1.0,1.0,1.0,1.0054526535591755,487123.0,0.5912887178157364,22320.0
8166770,long,close,46493.5,-220563992.0,46433.5,0.0,0.0,6.130024390375809,1.1859936980438126,7.3160180884196215,246.26305223279945,441.5810287241164,528.206972158034,625.5841373646026,-383.6402174393673,488.20697215803443,1.131217124824831,1614105388595.0,0.07866177443392854,1.0,0.07866177443392854,1.0054707426001952,218338.0,0.5915523053588166,
8168351,long,entry,46199.5,223043215.0,46199.5,223043215.0,42236.27178542053,0.0,1.2069568664163033,1.2069568664163033,247.47000909921576,442.59004466444037,529.4139290244502,625.5841373646026,-383.6402174393673,489.41392902445074,1.1313298714394473,1614105526110.0,1.0,1.0,1.0,1.0054640109926019,137515.0,0.5916668236071293,22263.0
8192906,long,close,46259.5,-223043215.0,46199.5,0.0,0.0,6.261841306972844,1.20539140608956,7.467232713062404,248.6754005053053,448.83265121256056,536.8811617375127,631.8459786715755,-383.6402174393673,496.88116173751314,1.1319659382823397,1614107088024.0,0.0672510454507794,1.0,0.0672510454507794,1.0054821243927696,1561914.0,0.5934454419419282,
8300273,long,entry,48070.5,235887222.0,48070.5,235887222.0,43946.76787564535,0.0,1.2267774518675694,1.2267774518675694,249.90217795717288,449.8582371623218,538.1079391893802,631.8459786715755,-383.6402174393673,498.1079391893807,1.1309344509743189,1614122101923.0,1.0,1.0,1.0,1.0054753970819532,15013899.0,0.6012224696247771,23168.0
8322571,long,close,48133.0,-235887222.0,48070.5,0.0,0.0,6.371810669746901,1.2251844992001328,7.596995168947034,251.12736245637302,456.20932512356154,545.7049343583273,638.2177893413224,-383.6402174393673,505.70493435832776,1.1315058745523898,1614124443731.0,0.06543960795242103,1.0,0.06543960795242103,1.0054934384326104,2341808.0,0.6028376042869373,
8422455,long,entry,50164.0,250205960.0,50164.0,250205960.0,45860.67678920821,0.0,1.246939837333546,1.246939837333546,252.37430229370656,457.25176682757245,546.9518741956608,638.2177893413224,-383.6402174393673,506.95187419566133,1.1304051868437874,1614140562219.0,1.0,1.0,1.0,1.0054867155245457,16118488.0,0.610072607901397,24120.0
8423420,long,close,50229.0,-250205960.0,50164.0,0.0,0.0,6.45452542767531,1.245326205976627,7.699851633651937,253.6196284996832,463.68884279330547,554.6517258293128,644.6723147689977,-383.6402174393673,514.6517258293132,1.1311398848403977,1614140643464.0,0.08340974558883532,1.0,0.08340974558883532,1.0055045748489755,81245.0,0.6101425067689629,
8423686,long,entry,50105.5,254011500.0,50105.5,254011500.0,45807.195212392035,0.0,1.2673833211922843,1.2673833211922843,254.88701182087547,464.74837524982223,555.919109150505,644.6723147689977,-383.6402174393673,515.9191091505055,1.1312585857421926,1614140673776.0,1.0,1.0,1.0,1.0054978566779387,30312.0,0.6101617742288308,24120.0
8423899,long,close,50170.5,-254011500.0,50105.5,0.0,0.0,6.567996402467785,1.2657413220916673,7.833737724559453,256.15275314296713,471.2973799875539,563.7528468750645,651.2403111714655,-383.6402174393673,523.752846875065,1.1319986224347225,1614140700548.0,0.08514603983599056,1.0,0.08514603983599056,1.0055156471351065,26772.0,0.610177202683537,
8437788,long,entry,49951.5,257385984.0,49951.5,257385984.0,45666.40612874062,0.0,1.2881794540704485,1.2881794540704485,257.4409325970376,472.37429801115684,565.041026329135,651.2403111714655,-383.6402174393673,525.0410263291354,1.1319019108372106,1614143563535.0,1.0,1.0,1.0,1.0055089337950258,2862987.0,0.6111832393380686,24073.0
8444953,long,close,50016.0,-257385984.0,49951.5,0.0,0.0,6.644879621524786,1.2865182341650674,7.931397855689854,258.72745083120265,479.00494661851354,572.9724241848248,657.8851907929902,-383.6402174393673,532.9724241848253,1.1325916871640065,1614144201254.0,0.07753951865992077,1.0,0.07753951865992077,1.0055265156443038,637719.0,0.611702229375488,
8527432,long,entry,50289.5,263365358.0,50289.5,263365358.0,45975.410759179336,0.0,1.3092462541882501,1.3092462541882501,260.03669708539087,480.0994764870149,574.281670439013,657.8851907929902,-383.6402174393673,534.2816704390135,1.1316139488246957,1614158698717.0,1.0,1.0,1.0,1.0055198075173626,14497463.0,0.6176765181816734,24187.0
8527979,long,close,50354.5,-263365358.0,50289.5,0.0,0.0,6.760151050828758,1.307556216425543,8.0677072672543,261.3442533018164,486.84407976243943,582.3493777062673,664.645341843819,-383.6402174393673,542.3493777062678,1.1323438401042374,1614158738276.0,0.08436492119973837,1.0,0.08436492119973837,1.005537318129157,39559.0,0.617716139612304,
8585924,long,entry,50282.5,267638193.0,50282.5,267638193.0,45969.01126054773,0.0,1.3306726644458808,1.3306726644458808,262.6749259662623,487.9565221099162,583.6800503707132,664.645341843819,-383.6402174393673,543.6800503707136,1.13169750446046,1614168924097.0,1.0,1.0,1.0,1.0055306153085144,10185821.0,0.621913331198943,24187.0
8602901,long,stop_loss_liq_diff,49070.0,-38004624.0,50282.5,229633569.0,45384.35963382034,-18.676060287903947,0.19362453637660484,-18.482435751527344,262.8685505026389,472.5052058216394,565.1976146191859,664.645341843819,-402.31627772727126,525.1976146191863,1.1299429270389576,1614169941913.0,0.06310928736999045,1.0,0.06310928736999045,1.0054527920655811,1017816.0,0.6231430442296855,27135.0
8754485,long,stop_loss_liq_diff,48440.5,-32607967.0,50282.5,197025602.0,44809.185267476314,-24.65970455949601,0.16828876147025734,-24.491415798025752,263.0368392641092,452.03038221448986,540.7061988211601,664.645341843819,-426.97598228676725,500.70619882116057,1.1256492388817763,1614197849482.0,0.06211284079726509,1.0,0.06211284079726509,1.0053503207375212,27907569.0,0.6341228887282463,29480.0
8816972,long,close,50347.5,-197025602.0,50282.5,0.0,0.0,5.058727047635644,0.9783286260489596,6.037055673684604,264.0151678901581,457.0773607576902,546.7432544948448,669.7040688914547,-426.97598228676725,506.7432544948452,1.1254220666783163,1614209215442.0,0.06851293488252128,1.0,0.06851293488252128,1.0053621777788668,11365960.0,0.6386490758138329,
8876363,long,entry,49661.0,248168414.0,49661.0,248168414.0,45400.82669467511,0.0,1.2493124081271016,1.2493124081271016,265.2644802982852,458.1217859308845,547.9925669029719,669.7040688914547,-426.97598228676725,507.99256690297227,1.1244139732197629,1614225510872.0,1.0,1.0,1.0,1.0053558882287446,16295430.0,0.6429510070507314,23892.0
8876914,long,close,49725.5,-248168414.0,49661.0,0.0,0.0,6.482038416844302,1.2476918985228906,7.729730315367193,266.5121721968081,464.5838404745315,555.7222972183391,676.1861073082989,-426.97598228676725,515.7222972183395,1.1251129378151217,1614225610627.0,0.08523248182234672,1.0,0.08523248182234672,1.0053736313498687,99755.0,0.6429909182176006,
8924841,long,entry,49694.0,252411646.0,49694.0,252411646.0,45430.99578479078,0.0,1.2698295870728862,1.2698295870728862,267.78200178388096,465.64541800932443,556.992126805412,676.1861073082989,-426.97598228676725,516.9921268054123,1.1242557930445136,1614239844059.0,1.0,1.0,1.0,1.0053673440159763,14233432.0,0.646462465394628,23892.0
8925645,long,close,49758.5,-252411646.0,49694.0,0.0,0.0,6.584121978452168,1.268183556578273,7.852305535030441,269.0501853404592,472.2099454366098,564.8444323404424,682.770229286751,-426.97598228676725,524.8444323404428,1.1249519357215954,1614239902560.0,0.08367378080071847,1.0,0.08367378080071847,1.0053849763484572,58501.0,0.6465207023785896,
8928277,long,entry,49574.0,255935439.0,49574.0,255935439.0,45321.29000064796,0.0,1.2906737352241093,1.2906737352241093,270.34085907568334,473.28894867925715,566.1351060756665,682.770229286751,-426.97598228676725,526.135106075667,1.1250260169323683,1614240490455.0,1.0,1.0,1.0,1.0053786914330523,587895.0,0.6467113488235985,23892.0
8962269,long,close,49638.0,-255935439.0,49574.0,0.0,0.0,6.656442165626499,1.2890096246827027,7.945451790309202,271.62986870036605,479.93134637595557,574.0805578659756,689.4266714523775,-426.97598228676725,534.0805578659762,1.1253115724697422,1614246512112.0,0.06884266106492519,1.0,0.06884266106492519,1.005396103321464,6021657.0,0.6491735273793502,
9050056,long,entry,50763.5,266361841.0,50763.5,266361841.0,46408.74863294573,0.0,1.3117783496015838,1.3117783496015838,272.9416470499676,481.0279930762225,575.3923362155772,689.4266714523775,-426.97598228676725,535.3923362155778,1.1244691009533534,1614260639222.0,1.0,1.0,1.0,1.005389821245702,14127110.0,0.6555322961741779,24435.0
9050467,long,close,50829.0,-266361841.0,50763.5,0.0,0.0,6.761611040855021,1.31008794684137,8.07169898769639,274.251734996809,487.77593342993663,583.4640352032735,696.1882824932325,-426.97598228676725,543.4640352032742,1.1251573767557124,1614260656617.0,0.08521744396148917,1.0,0.08521744396148917,1.005407128125252,17395.0,0.6555620665726956,
9050647,long,entry,50736.0,270568932.0,50736.0,270568932.0,46383.607727476534,0.0,1.3332196665089877,1.3332196665089877,275.58495466331794,488.89050507113814,584.7972548697825,696.1882824932325,-426.97598228676725,544.7972548697832,1.125268881923812,1614260678701.0,1.0,1.0,1.0,1.005400849071882,22084.0,0.6555751047034333,24435.0
9050828,long,close,50801.5,-270568932.0,50736.0,0.0,0.0,6.875851158437651,1.3315007037193785,8.20735186215703,276.9164553670373,495.7518512279014,593.0046067319395,703.0641336516701,-426.97598228676725,553.0046067319402,1.1259578632172833,1614260697181.0,0.0856499260282379,1.0,0.0856499260282379,1.0054180773098833,18480.0,0.6555882152682305,
9093436,long,entry,50416.0,273258742.0,50416.0,273258742.0,46091.05895780144,0.0,1.355019944065376,1.355019944065376,278.2714753111027,496.88464790114,594.3596266760048,703.0641336516701,-426.97598228676725,554.3596266760055,1.1255084628695293,1614268995268.0,1.0,1.0,1.0,1.0054118014061912,8298087.0,0.6586744856819594,24254.0
9094577,long,close,50481.5,-273258742.0,50416.0,0.0,0.0,7.032580754238951,1.3532617988768163,8.385842553115767,279.6247371099795,503.89521227554485,602.7454692291207,710.0967144059091,-426.97598228676725,562.7454692291213,1.1261938834194698,1614269078926.0,0.08418655702985534,1.0,0.08418655702985534,1.0054290866540572,83658.0,0.6587571329440244,
9096521,long,entry,50286.0,277031183.0,50286.0,277031183.0,45972.2110128782,0.0,1.3772778854949688,1.3772778854949688,281.00201499547444,505.0466165878187,604.1227471146157,710.0967144059091,-426.97598228676725,564.1227471146163,1.1262864746274757,1614269373807.0,1.0,1.0,1.0,1.005422813754486,294881.0,0.6588979447559914,24187.0
9104659,long,close,50351.0,-277031183.0,50286.0,0.0,0.0,7.111919330871469,1.375499905662251,8.48741923653372,282.3775149011367,512.1420990695608,612.6101663511494,717.2086337367806,-426.97598228676725,572.61016635115,1.1269282006931716,1614270059301.0,0.07688176918378746,1.0,0.07688176918378746,1.0054398905471567,685494.0,0.6594874131334539,
9107966,long,entry,49814.0,278922293.0,49814.0,278922293.0,45540.70157173638,0.0,1.399818790902156,1.399818790902156,283.77733369203884,513.3123475787551,614.0099851420515,717.2086337367806,-426.97598228676725,574.0099851420522,1.1270052140446958,1614270580916.0,1.0,1.0,1.0,1.0054336210365478,521615.0,0.659726952568729,24006.5
9110557,long,close,49878.5,-278922293.0,49814.0,0.0,0.0,7.240659764281814,1.3980086259610855,8.638668390242898,285.17534231799993,520.5342743529981,622.6486535322944,724.4492935010624,-426.97598228676725,582.648653532295,1.1276812477891642,1614270777410.0,0.08185920502134265,1.0,0.08185920502134265,1.0054506484440866,196494.0,0.659914629217292,
9118689,long,entry,49468.5,281526581.0,49468.5,281526581.0,45224.84032333305,0.0,1.4227568098891215,1.4227568098891215,286.59809912788904,521.7236990460655,624.0714103421835,724.4492935010624,-426.97598228676725,584.0714103421842,1.1276991259210312,1614272157909.0,1.0,1.0,1.0,1.0054443823866144,1380499.0,0.6605036629903966,23826.0
9120415,long,close,49532.5,-281526581.0,49468.5,0.0,0.0,7.353267921700413,1.4209184929086964,8.774186414609108,288.01901762079774,529.0589188886786,632.8455967567926,731.8025614227628,-426.97598228676725,592.8455967567933,1.1283734767539209,1614272369172.0,0.08382192305225533,1.0,0.08382192305225533,1.0054613026559844,211263.0,0.6606286841773591,
9162362,long,entry,49068.5,283823372.0,49068.5,283823372.0,44859.15435571729,0.0,1.4460569000478922,1.4460569000478922,289.46507452084563,530.2678224571187,634.2916536568405,731.8025614227628,-426.97598228676725,594.2916536568412,1.1279550594173575,1614280091637.0,1.0,1.0,1.0,1.0054550402289744,7722465.0,0.6636670756776568,23645.5
9163916,long,close,49132.0,-283823372.0,49068.5,0.0,0.0,7.475748038186664,1.4441879630383458,8.91993600122501,290.909262483884,537.7248889541427,643.2115896580655,739.2783094609495,-426.97598228676725,603.2115896580661,1.1286324290263565,1614280223976.0,0.08346894225669295,1.0,0.08346894225669295,1.0054718795707247,132339.0,0.6637796382063589,
9164733,long,entry,48961.0,287840401.0,48961.0,287840401.0,44760.87625021667,0.0,1.469743270153796,1.469743270153796,292.3790057540378,538.9535943279913,644.6813329282193,739.2783094609495,-426.97598228676725,604.68133292822,1.1287396238219487,1614280297021.0,1.0,1.0,1.0,1.0054656208975254,73045.0,0.663838816833096,23595.0
9165908,long,close,49024.5,-287840401.0,48961.0,0.0,0.0,7.614861765425355,1.4678395547124397,9.082701320137796,293.84684530875023,546.5467326316265,653.764034248357,746.8931712263748,-426.97598228676725,613.7640342483577,1.1294176902287727,1614280442423.0,0.08441997524511799,1.0,0.08441997524511799,1.0054824239359212,145402.0,0.6639239268531892,
9166632,long,entry,48875.5,292051774.0,48875.5,292051774.0,44682.710874592776,0.0,1.493855684340825,1.493855684340825,295.34070099309105,547.7955959837353,655.2578899326978,746.8931712263748,-426.97598228676725,615.2578899326985,1.1295227988343401,1614280546035.0,1.0,1.0,1.0,1.005476169050766,103612.0,0.6639763691123786,23530.0
9167110,long,close,48939.0,-292051774.0,48875.5,0.0,0.0,7.753312160497046,1.4919173563007009,9.245229516797746,296.83261834939174,555.5246078597784,664.5031194494957,754.6464833868718,-426.97598228676725,624.5031194494962,1.1302100826961936,1614280578327.0,0.08475515665360298,1.0,0.08475515665360298,1.0054929260681256,32292.0,0.6640109925928931,
9175271,long,entry,48748.5,296077832.0,48748.5,296077832.0,44566.6055876198,0.0,1.5183945762433717,1.5183945762433717,298.35101292563513,556.7939857255178,666.0215140257391,754.6464833868718,-426.97598228676725,626.0215140257396,1.1302486817853112,1614281635656.0,1.0,1.0,1.0,1.0054866750237554,1057329.0,0.6646021269537277,23465.0
9179239,long,close,48811.5,-296077832.0,48748.5,0.0,0.0,7.839042709471335,1.516434815566004,9.355477525037339,299.86744774120115,564.615164936449,675.3769915507763,762.485526096343,-426.97598228676725,635.376991550777,1.1309164707043238,1614281903498.0,0.08172572089877402,1.0,0.08172572089877402,1.0055032264264572,267842.0,0.6648895453024339,
9179704,long,entry,48553.5,299719096.0,48553.5,299719096.0,44388.33368093863,0.0,1.5432414553018834,1.5432414553018834,301.41068919650303,565.9053147930814,676.9202330060782,762.485526096343,-426.97598228676725,636.9202330060789,1.1310269222344782,1614281930719.0,1.0,1.0,1.0,1.0054969795851658,27221.0,0.6649232271401729,23349.0
9179863,long,close,48616.5,-299719096.0,48553.5,0.0,0.0,7.999276927300274,1.5412416360700587,9.540518563370332,302.9519308325731,573.8811883120588,686.4607515694485,770.4848030236433,-426.97598228676725,646.4607515694493,1.131715697052551,1614281937166.0,0.08514445365391995,1.0,0.08514445365391995,1.0055135377161746,6447.0,0.6649347441556579,
9180347,long,entry,48525.5,304462172.0,48525.5,304462172.0,44362.735659801634,0.0,1.5685679282026976,1.5685679282026976,304.5204987607758,575.1925111000363,688.0293194976512,770.4848030236433,-426.97598228676725,648.029319497652,1.1318252915113343,1614281977449.0,1.0,1.0,1.0,1.0055072950241268,40283.0,0.6649698022405304,23349.0
9180567,long,close,48588.5,-304462172.0,48525.5,0.0,0.0,8.135240188668377,1.5665341181555308,9.701774306823907,306.0870328789313,583.3031944205412,697.7310938044751,778.6200432123117,-426.97598228676725,657.7310938044759,1.132513412734841,1614282004346.0,0.0856814579595706,1.0,0.0856814579595706,1.005523782646868,26897.0,0.6649857377336542,
9205968,long,entry,48341.0,308284237.0,48341.0,308284237.0,44194.063017820336,0.0,1.5943207473986887,1.5943207473986887,307.68135362633,584.6360465653664,699.3254145518738,778.6200432123117,-426.97598228676725,659.3254145518746,1.1323426066392777,1614285999903.0,1.0,1.0,1.0,1.0055175441999802,3995557.0,0.6668256352829202,23284.5
9206153,long,close,48403.5,-308284237.0,48341.0,0.0,0.0,8.234532355091302,1.5922621143099156,9.826794469401218,309.2736157406399,592.851246741786,709.1522090212751,786.854575567403,-426.97598228676725,669.1522090212758,1.1330284684735301,1614286009881.0,0.08571889283019735,1.0,0.08571889283019735,1.0055338557752658,9978.0,0.6668390355839562,
9206990,long,entry,48298.5,313055050.0,48298.5,313055050.0,44155.20887432155,0.0,1.6204180771659575,1.6204180771659575,310.89403381780585,594.2059162542967,710.772627098441,786.854575567403,-426.97598228676725,670.7726270984417,1.1331351254433215,1614286089675.0,1.0,1.0,1.0,1.0055276218709757,79794.0,0.6668996628918864,23220.0
9207674,long,close,48361.0,-313055050.0,48298.5,0.0,0.0,8.376677886964194,1.6183239076942164,9.99500179465841,312.51235772550007,602.561737754631,720.7676288930994,795.2312534543672,-426.97598228676725,680.7676288931001,1.1338185137649937,1614286147440.0,0.08486613731976063,1.0,0.08486613731976063,1.0055438715769156,57765.0,0.6669492077886896,
9208298,long,entry,48243.5,317820343.0,48243.5,317820343.0,44104.9270559,0.0,1.6469593986754691,1.6469593986754691,314.1593171241755,603.9385958119237,722.4145882917749,795.2312534543672,-426.97598228676725,682.4145882917755,1.1339261025127363,1614286214721.0,1.0,1.0,1.0,1.0055376422901223,67281.0,0.6669944066419136,23220.0
9208868,long,close,48306.0,-317820343.0,48243.5,0.0,0.0,8.52357573942973,1.644828504740612,10.168404244170341,315.8041456289161,612.4393817600502,732.5829925359452,803.7548291937969,-426.97598228676725,692.5829925359459,1.1346107121174516,1614286270288.0,0.08533954674616342,1.0,0.08533954674616342,1.0055538365043566,55567.0,0.6670356940559162,
9212663,long,entry,48095.5,322039310.0,48095.5,322039310.0,43969.62325488761,0.0,1.673957594785375,1.673957594785375,317.47810322370145,613.8388103092908,734.2569501307306,803.7548291937969,-426.97598228676725,694.2569501307313,1.1346875594815875,1614286764679.0,1.0,1.0,1.0,1.005547611896794,494391.0,0.6673105813123024,23168.0
9213181,long,close,48158.0,-322039310.0,48095.5,0.0,0.0,8.689924803695023,1.6717851135844513,10.361709917279475,319.1498883372859,622.5011998001364,744.61866004801,812.444753997492,-426.97598228676725,704.6186600480107,1.1353763483315564,1614286790321.0,0.08490986888755124,1.0,0.08490986888755124,1.0055637941032256,25642.0,0.667348102155203,
9213403,long,entry,48062.0,327102125.0,48062.0,327102125.0,43938.997050796104,0.0,1.7014591829303816,1.7014591829303816,320.8513475202163,623.9236196770662,746.3201192309405,812.444753997492,-426.97598228676725,706.3201192309411,1.1354878882820205,1614286803939.0,1.0,1.0,1.0,1.0055575741531728,13618.0,0.6673641825164461,23104.0
9214246,long,close,48124.0,-327102125.0,48062.0,0.0,0.0,8.768221207021833,1.699267127628626,10.46748833465046,322.5506146478449,632.674439924834,756.787607565591,821.2129752045138,-426.97598228676725,716.7876075655917,1.1361708544861466,1614286858157.0,0.08447071342078837,1.0,0.08447071342078837,1.0055735146150175,54218.0,0.6674252444287343,
9216525,long,entry,47944.0,331631586.0,47944.0,331631586.0,43831.119694681314,0.0,1.729265319956616,1.729265319956616,324.2798799678015,634.1201057323178,758.5168728855476,821.2129752045138,-426.97598228676725,718.5168728855483,1.1362623315180467,1614287147759.0,1.0,1.0,1.0,1.005567299735942,289602.0,0.6675903216506853,23104.0
9222709,long,close,48006.0,-331631586.0,47944.0,0.0,0.0,8.933420808840902,1.7270319647544057,10.660452773595308,326.0069119325559,643.0322442510434,769.1773256591429,830.1463960133547,-426.97598228676725,729.1773256591437,1.1369143885086446,1614287647266.0,0.0763840253143688,1.0,0.0763840253143688,1.00558321591341,499507.0,0.6680382538755844,
9223886,long,entry,47602.0,334656515.0,47602.0,334656515.0,43518.45818977908,0.0,1.757575915927902,1.757575915927902,327.76448784848384,644.5015777167591,770.9349015750707,830.1463960133547,-426.97598228676725,730.9349015750715,1.1370201715056953,1614287740636.0,1.0,1.0,1.0,1.0055770061032328,93370.0,0.6681235087637969,22923.5
9224190,long,close,47663.5,-334656515.0,47602.0,0.0,0.0,9.071169245193467,1.7553081236166042,10.826477368810071,329.51979597210044,653.5525127970843,781.7613789438808,839.2175652585481,-426.97598228676725,741.7613789438816,1.1377072168888458,1614287758879.0,0.08532392723992017,1.0,0.08532392723992017,1.005592823979484,18243.0,0.6681455287179316,
9268998,long,entry,47538.0,339674331.0,47538.0,339674331.0,43459.948437930965,0.0,1.786330572384198,1.786330572384198,331.30612654448464,655.0458851555975,783.547709516265,839.2175652585481,-426.97598228676725,743.5477095162657,1.137438247653868,1614292945291.0,1.0,1.0,1.0,1.0055866193752347,5186412.0,0.6713911540628988,22860.0
9272587,long,close,47599.5,-339674331.0,47538.0,0.0,0.0,9.231973462042632,1.7840225790186872,11.01599604106132,333.09014912350335,664.2552578459248,794.5637055573263,848.4495387205908,-426.97598228676725,754.563705557327,1.1381102145809008,1614293157427.0,0.07995959866352721,1.0,0.07995959866352721,1.005602389617859,212136.0,0.6716511199029963,
9273220,long,entry,47336.0,343769934.0,47336.0,343769934.0,43275.27702752163,0.0,1.815583984705087,1.815583984705087,334.90573310820844,665.7730860571382,796.3792895420314,848.4495387205908,-426.97598228676725,756.3792895420321,1.1382199659150194,1614293193828.0,1.0,1.0,1.0,1.0055961902599324,36401.0,0.6716969706627571,22806.0
9279307,long,close,47397.5,-343769934.0,47336.0,0.0,0.0,9.42314806134088,1.8132281976897517,11.236376259030632,336.7189613058982,675.1666966096878,807.615665801062,857.8726867819316,-426.97598228676725,767.6156658010627,1.138881526672524,1614293583098.0,0.07702052771007366,1.0,0.07702052771007366,1.0056119767978131,389270.0,0.6721378767838698,
9282875,long,entry,46964.5,346674620.0,46964.5,346674620.0,42935.64618100979,0.0,1.8454078080252105,1.8454078080252105,338.56436911392336,676.709457537197,809.4610736090873,857.8726867819316,-426.97598228676725,769.461073609088,1.1389747272526523,1614293842955.0,1.0,1.0,1.0,1.005605782606853,259857.0,0.6723963215087145,22625.0
9285653,long,close,47025.5,-346674620.0,46964.5,0.0,0.0,9.575219937228566,1.8430140030409035,11.418233940269468,340.40738311696424,686.2551011112622,820.8793075493568,867.4479067191602,-426.97598228676725,780.8793075493575,1.1396553865008374,1614293975025.0,0.08060714815824861,1.0,0.08060714815824861,1.0056214867438562,132070.0,0.6725975433264327,
9287417,long,entry,46782.5,351002610.0,46782.5,351002610.0,42769.25907506568,0.0,1.8757153315876662,1.8757153315876662,342.2830984485519,687.8231991284696,822.7550228809445,867.4479067191602,-426.97598228676725,782.7550228809451,1.1397602416157075,1614294078020.0,1.0,1.0,1.0,1.0056152978249346,102995.0,0.672725317007662,22500.0
9287979,long,close,46843.0,-351002610.0,46782.5,0.0,0.0,9.690308268987792,1.8732927545204194,11.56360102350821,344.15639120307236,697.4903695841224,834.3186239044527,877.138214988148,-426.97598228676725,794.3186239044534,1.1404462984342165,1614294109439.0,0.08375802662726961,1.0,0.08375802662726961,1.0056308325429049,31419.0,0.6727660249491875,
9288180,long,entry,46748.0,356486087.0,46748.0,356486087.0,42737.718660486404,0.0,1.9064242694874647,1.9064242694874647,346.0628154725598,699.0841402734139,836.2250481739402,877.138214988148,-426.97598228676725,796.2250481739409,1.1405582568976886,1614294118188.0,1.0,1.0,1.0,1.0056246491608016,8749.0,0.6727805841951779,22500.0
9289001,long,close,46808.5,-356486087.0,46748.0,0.0,0.0,9.856215713298711,1.90396021555914,11.760175928857851,347.96677568811896,708.9156473499391,847.985224102798,886.9944307014467,-426.97598228676725,807.9852241027987,1.1412444058859936,1614294159996.0,0.08361900486761932,1.0,0.08361900486761932,1.0056401254322977,41808.0,0.6728400525581537,
9289333,long,entry,46696.5,361926370.0,46696.5,361926370.0,42690.63659594389,0.0,1.9376525542599552,1.9376525542599552,349.9044282423789,710.5355248853004,849.9228766570579,886.9944307014467,-426.97598228676725,809.9228766570586,1.1413558942231843,1614294175920.0,1.0,1.0,1.0,1.0056339476437295,15924.0,0.6728641006659587,22506.0
9290740,long,close,46757.0,-361926370.0,46696.5,0.0,0.0,10.028699833841511,1.935145379301495,11.963845213143006,351.8395736216804,720.537299483488,861.886721870201,897.0231305352883,-426.97598228676725,821.8867218702017,1.1420413406771655,1614294241141.0,0.08292761496114172,1.0,0.08292761496114172,1.0056493738187615,65221.0,0.6729660153878916,
9310075,long,entry,46537.0,366603143.0,46537.0,366603143.0,42544.81930924128,0.0,1.9694175763371082,1.9694175763371082,353.8089911980175,722.1837325773058,863.8561394465381,897.0231305352883,-426.97598228676725,823.8561394465388,1.1420310023104616,1614295862122.0,1.0,1.0,1.0,1.005643201664361,1620981.0,0.6743665279312977,22382.0
9326933,long,close,46597.5,-366603143.0,46537.0,0.0,0.0,10.227996211675274,1.9668605772841892,12.194856788959463,355.7758517753017,732.378632852876,876.0509962354976,907.2511267469636,-426.97598228676725,836.0509962354982,1.1426319400539409,1614297059337.0,0.07511262371214616,1.0,0.07511262371214616,1.0056586278640316,1197215.0,0.6755876213089415,
9361492,long,entry,46453.5,371959316.0,46453.5,371959316.0,42468.48237086417,0.0,2.0017830518690736,2.0017830518690736,357.7776348271708,734.0521234842385,878.0527792873667,907.2511267469636,-426.97598228676725,838.0527792873673,1.1424677417831473,1614300697981.0,1.0,1.0,1.0,1.0056524612921722,3638644.0,0.6780908699765169,22382.0
9362699,long,close,46513.5,-371959316.0,46453.5,0.0,0.0,10.32878481405451,1.9992008556655594,12.32798566972007,359.77683568283635,744.3583195041244,890.3807649570867,917.5799115610181,-426.97598228676725,850.3807649570874,1.1431472834029772,1614300796488.0,0.08308092427398076,1.0,0.08308092427398076,1.005667676152399,98507.0,0.678178297886519,
9363272,long,entry,46378.0,377429113.0,46378.0,377429113.0,42399.45913962819,0.0,2.034526677519514,2.034526677519514,361.8113623603559,746.0591838065308,892.4152916346062,917.5799115610181,-426.97598228676725,852.4152916346069,1.1432550018494534,1614300859160.0,1.0,1.0,1.0,1.0056615154976756,62672.0,0.6782198026027006,22320.0
9363787,long,close,46438.0,-377429113.0,46378.0,0.0,0.0,10.514802588498082,2.031897976872389,12.546700565370472,363.8432603372283,756.5482254791806,904.9619921999767,928.0947141495162,-426.97598228676725,864.9619921999773,1.1439384258350245,1614300924089.0,0.08489717610281677,1.0,0.08489717610281677,1.0056766932494146,64929.0,0.6782571061434224,
9365671,long,entry,46288.0,382865617.0,46288.0,382865617.0,42317.179796141914,0.0,2.067844889604217,2.067844889604217,365.9111052268325,758.2769438068897,907.029837089581,928.0947141495162,-426.97598228676725,867.0298370895815,1.1440322106641048,1614301168707.0,1.0,1.0,1.0,1.0056705385255023,244618.0,0.67839357191181,22263.0
9365712,long,close,46348.0,-382865617.0,46288.0,0.0,0.0,10.707749493074406,2.0651679522309485,12.772917445305355,367.9762731790634,768.9551027911649,919.8027545348863,938.8024636425906,-426.97598228676725,879.8027545348868,1.1447218021099903,1614301172486.0,0.0857752136939365,1.0,0.0857752136939365,1.0056856862242407,3779.0,0.6783965417082559,
9366662,long,entry,46257.5,388887939.0,46257.5,388887939.0,42289.296241798584,0.0,2.1017561422472033,2.1017561422472033,370.0780293213106,770.7121709260836,921.9045106771334,938.8024636425906,-426.97598228676725,881.904510677134,1.1448293404425687,1614301238510.0,1.0,1.0,1.0,1.005679537431863,66024.0,0.678465354064927,22263.0
9366809,long,close,46317.5,-388887939.0,46257.5,0.0,0.0,10.890515985088257,2.0990335132509315,12.989549498339189,372.1770628345616,781.5714343066951,934.8940601754726,949.6929796276788,-426.97598228676725,894.8940601754732,1.1455191836163134,1614301249780.0,0.08565660760202842,1.0,0.08565660760202842,1.0056946283517925,11270.0,0.6784760018716961,
9367362,long,entry,46229.5,395029208.0,46229.5,395029208.0,42263.698228483765,0.0,2.1362398901134556,2.1362398901134556,374.31330272467505,783.3573308548299,937.0303000655861,949.6929796276788,-426.97598228676725,897.0303000655866,1.1456271452521896,1614301310929.0,1.0,1.0,1.0,1.005688485539897,61149.0,0.6785160579066847,22263.0
9368047,long,close,46289.5,-395029208.0,46229.5,0.0,0.0,11.075893531519815,2.133470916730576,13.20936444825039,376.4467736414056,794.4003595335673,950.2396645138365,960.7688731591986,-426.97598228676725,910.239664513837,1.146313394749389,1614301378451.0,0.08421022256806576,1.0,0.08421022256806576,1.0057035190610615,67522.0,0.6785656752375475,
9401183,long,entry,46759.0,406112148.0,46759.0,406112148.0,42747.775025987394,0.0,2.171304711392459,2.171304711392459,378.6180783527981,796.2155702722914,952.410969225229,960.7688731591986,-426.97598228676725,912.4109692252296,1.146089222047015,1614305699618.0,1.0,1.0,1.0,1.0056973822790938,4321167.0,0.6809658502382356,22500.0
9401275,long,close,46819.5,-406112148.0,46759.0,0.0,0.0,11.22301050111536,2.1684989587671804,13.39150945988254,380.7865773115653,807.4108721807532,965.8024786851115,971.991883660314,-426.97598228676725,925.8024786851121,1.146777436611048,1614305703508.0,0.0854036729963437,1.0,0.0854036729963437,1.0057122816330195,3890.0,0.6809725141717238,
9435371,long,entry,46744.0,412630950.0,46744.0,412630950.0,42734.06179602342,0.0,2.206865854441212,2.206865854441212,382.9934431660065,809.255812035066,968.0093445395527,971.991883660314,-426.97598228676725,928.0093445395532,1.1463700385460658,1614312372080.0,1.0,1.0,1.0,1.0057061510673568,6668572.0,0.6834422258696795,22500.0
9437395,long,close,46804.5,-412630950.0,46744.0,0.0,0.0,11.410474137631562,2.204013235906804,13.614487373538367,385.1974564019133,820.637523479344,981.6238319130911,983.4023577979456,-426.97598228676725,941.6238319130916,1.1470431537753303,1614312544653.0,0.08194545912277683,1.0,0.08194545912277683,1.0057209884769085,172573.0,0.6835888324064188,
9441438,long,entry,46513.5,417322427.0,46513.5,417322427.0,42523.33525772792,0.0,2.243017763660013,2.243017763660013,387.44047416557333,822.5126863297638,983.866849676751,983.4023577979456,-426.97598228676725,943.8668496767516,1.1471052176003305,1614313186919.0,1.0,1.0,1.0,1.0057148641826745,642266.0,0.6838816833095991,22382.0
9441602,long,close,46574.0,-417322427.0,46513.5,0.0,0.0,11.65479234778494,2.2401040655730666,13.894896413358008,389.6805782311464,834.1288197313311,997.761746090109,995.0571501457305,-426.97598228676725,957.7617460901096,1.1477934956630664,1614313203525.0,0.08571629202907069,1.0,0.08571629202907069,1.0057297362745983,16606.0,0.6838935624953824,
9448117,long,entry,46391.0,423066068.0,46391.0,423066068.0,42411.34393179161,0.0,2.2798930180422925,2.2798930180422925,391.9604712491887,836.0348102944145,1000.0416391081513,995.0571501457305,-426.97598228676725,960.0416391081519,1.1478307581230172,1614314159075.0,1.0,1.0,1.0,1.0057236181343212,955550.0,0.6843654703940268,22320.0
9449122,long,close,46451.0,-423066068.0,46391.0,0.0,0.0,11.77960268519819,2.2769481173709933,14.056550802569184,394.23741936655966,847.7860867653624,1014.0981899107205,1006.8367528309286,-426.97598228676725,974.0981899107211,1.148508884577557,1614314264595.0,0.08449247322119324,1.0,0.08449247322119324,1.0057383050033464,105520.0,0.6844382666239789,
9450143,long,entry,46306.5,429209747.0,46306.5,429209747.0,42334.092779660634,0.0,2.317221918089253,2.317221918089253,396.55464128464894,849.7232842888849,1016.4154118288097,1006.8367528309286,-426.97598228676725,976.4154118288103,1.1486091839286687,1614314416442.0,1.0,1.0,1.0,1.0057321932908705,151847.0,0.6845122217988854,22263.0
9451492,long,close,46366.5,-429209747.0,46306.5,0.0,0.0,11.994290281590978,2.3142233455188554,14.308513627109832,398.8688646301678,861.6852016811488,1030.7239254559197,1018.8310431125196,-426.97598228676725,990.7239254559202,1.1492776610536486,1614314661047.0,0.08466826422355386,1.0,0.08466826422355386,1.0057468508948992,244605.0,0.6846099353453583,
9451774,long,entry,46238.0,435601141.0,46238.0,435601141.0,42271.46905196803,0.0,2.3552118441541587,2.3552118441541587,401.224076474322,863.6541587828617,1033.0791373000739,1018.8310431125196,-426.97598228676725,993.0791373000743,1.1493862182036654,1614314708637.0,1.0,1.0,1.0,1.005740745605161,47590.0,0.6846303617501808,22263.0
9453427,long,close,46298.0,-435601141.0,46238.0,0.0,0.0,12.20896891003898,2.352159601926649,14.561128511965629,403.5762360762486,875.8272622188649,1047.6402658120394,1031.0400120225586,-426.97598228676725,1007.64026581204,1.1500651729945,1614314835665.0,0.08205278931665516,1.0,0.08205278931665516,1.005755367206535,127028.0,0.6847500952507884,
9454748,long,entry,46117.5,441596426.0,46117.5,441596426.0,42161.306159312946,0.0,2.3938658101588337,2.3938658101588337,405.97010188640746,877.8285340361576,1050.0341316221982,1031.0400120225586,-426.97598228676725,1010.0341316221987,1.1501652935099336,1614314989633.0,1.0,1.0,1.0,1.0057492683464184,153968.0,0.6848457806435911,22201.5
9467453,long,close,46177.0,-441596426.0,46117.5,0.0,0.0,12.338178374901254,2.390781265565108,14.728959640466362,408.3608831519726,890.1419442955873,1064.7630912626644,1043.3781903974598,-426.97598228676725,1024.763091262665,1.1507713229180987,1614315990164.0,0.07436455296413831,1.0,0.07436455296413831,1.0057637062372036,1000531.0,0.6857660553714926,
9495733,long,entry,45680.5,444561090.0,45680.5,444561090.0,41761.79424309736,0.0,2.4329915937872832,2.4329915937872832,410.79387474575987,892.1759252679936,1067.1960828564518,1043.3781903974598,-426.97598228676725,1027.1960828564524,1.150540105536143,1614320289518.0,1.0,1.0,1.0,1.0057576140726205,4299354.0,0.6878144905785019,21960.0
9512782,long,stop_loss_liq_diff,44538.0,-63127675.0,45680.5,381433415.0,41236.452456697974,-35.449853392039714,0.35434727086981904,-35.0955061211699,411.1482220166297,862.8360821506955,1032.1005767352817,1043.3781903974598,-462.42583567880695,992.1005767352825,1.1488151449977944,1614321346464.0,0.062017513575065394,1.0,0.062017513575065394,1.0056888462853095,1056946.0,0.6890494188615394,24644.0
9549751,long,close,45739.5,-381433415.0,45680.5,0.0,0.0,10.770813007545673,2.0848140830135877,12.85562709055926,413.2330360996433,873.583386398403,1044.956203825841,1054.1490034050055,-462.42583567880695,1004.9562038258417,1.149187028399111,1614324326116.0,0.0653357406854649,1.0,0.0653357406854649,1.0057005959674654,2979652.0,0.6917272336128805,
9626790,long,entry,45858.5,437991362.0,45858.5,437991362.0,41924.52450064388,0.0,2.3877327104026516,2.3877327104026516,415.62076881004594,875.5795309442996,1047.3439365362435,1054.1490034050055,-462.42583567880695,1007.3439365362444,1.1483735709899126,1614336128098.0,1.0,1.0,1.0,1.0056946457211684,11801982.0,0.6973074811345492,22082.0
9627274,long,close,45918.0,-437991362.0,45858.5,0.0,0.0,12.375982949514764,2.384638714665273,14.760621664180038,418.00540752471125,887.919410655554,1062.1045582004235,1066.5249863545203,-462.42583567880695,1022.1045582004244,1.1490508465178184,1614336177782.0,0.0848371679150449,1.0,0.0848371679150449,1.0057091664231017,49684.0,0.6973425392194216,
9627540,long,entry,45827.0,444873269.0,45827.0,444873269.0,41895.72672258023,0.0,2.4269168230519127,2.4269168230519127,420.43232434776314,889.9483131196254,1064.5314750234754,1066.5249863545203,-462.42583567880695,1024.5314750234763,1.1491599236981827,1614336203911.0,1.0,1.0,1.0,1.0057032218975235,26129.0,0.6973618066792895,22082.0
9629287,long,close,45886.5,-444873269.0,45827.0,0.0,0.0,12.587715425807994,2.4237698941954604,15.011485320003455,422.8560942419586,902.4979148471483,1079.5429603434789,1079.1127017803283,-462.42583567880695,1039.5429603434798,1.1498252119246655,1614336416152.0,0.0829234147058001,1.0,0.0829234147058001,1.0057176915546182,212241.0,0.6974883489815047,
9664977,long,entry,46146.0,455325112.0,46146.0,455325112.0,42187.3612872237,0.0,2.466763706496771,2.466763706496771,425.32285794845535,904.5601293057796,1082.0097240499756,1079.1127017803283,-462.42583567880695,1042.0097240499765,1.1494652104378937,1614342416485.0,1.0,1.0,1.0,1.0057117527886739,6000333.0,0.7000735205705486,22201.5
9665087,long,close,46206.0,-455325112.0,46146.0,0.0,0.0,12.812692930771824,2.4635605332640784,15.276253464035904,427.7864184817194,917.3310772017137,1097.2859775140116,1091.9253947111001,-462.42583567880695,1057.2859775140123,1.1501458071907948,1614342420528.0,0.08538868995309155,1.0,0.08538868995309155,1.0057261868808245,4043.0,0.7000814883171105,
9676322,long,entry,45972.0,461063602.0,45972.0,461063602.0,42028.28789167006,0.0,2.5073066322979205,2.5073066322979205,430.2937251140173,919.4271855463148,1099.7932841463096,1091.9253947111001,-462.42583567880695,1059.7932841463103,1.1501036574214931,1614344366586.0,1.0,1.0,1.0,1.0057202538862036,1946058.0,0.7008952849773209,22140.0
9677591,long,close,46031.5,-461063602.0,45972.0,0.0,0.0,12.96370916626408,2.5040657050063544,15.467774871270434,432.7977908190237,932.3582453386969,1115.26105901758,1104.8891038773643,-462.42583567880695,1075.2610590175807,1.150774274622291,1614344460758.0,0.08368225411422155,1.0,0.08368225411422155,1.005734531615912,94172.0,0.7009872037990216,
9794553,long,entry,47113.5,480252372.0,47113.5,480252372.0,43071.864212669185,0.0,2.5483798274379956,2.5483798274379956,435.3461706464617,934.488690874435,1117.809438845018,1104.8891038773643,-462.42583567880695,1077.8094388450186,1.1494329574427875,1614363022530.0,1.0,1.0,1.0,1.0057286046120846,18561772.0,0.7094592362842487,22680.0
9795010,long,close,47174.5,-480252372.0,47113.5,0.0,0.0,13.180948985041823,2.545084590191735,15.726033575233558,437.8912552366534,947.6356549433301,1133.5354724202514,1118.070052862406,-462.42583567880695,1093.535472420252,1.1500978586627146,1614363110392.0,0.08563953185010009,1.0,0.08563953185010009,1.0057428266701556,87862.0,0.7094923386495104,
9801995,long,entry,46922.0,486137633.0,46922.0,486137633.0,42896.79205793894,0.0,2.590136998636034,2.590136998636034,440.48139223528943,949.8010094741899,1136.1256094188875,1118.070052862406,-462.42583567880695,1096.1256094188882,1.150087052611348,1614364659419.0,1.0,1.0,1.0,1.005736905701258,1549027.0,0.7099982905561921,22562.5
9802178,long,close,46983.0,-486137633.0,46922.0,0.0,0.0,13.451534122283038,2.586774115105464,16.038308237388502,443.0681663503949,963.2090351606467,1152.163917656276,1131.521586984689,-462.42583567880695,1112.1639176562767,1.150759020744496,1614364683750.0,0.08544399667539491,1.0,0.08544399667539491,1.0057511464936337,24331.0,0.7100115459891088,
9802401,long,entry,46905.0,493947762.0,46905.0,493947762.0,42881.25040318591,0.0,2.632703133994244,2.632703133994244,445.70086948438916,965.4099749806659,1154.7966207902703,1131.521586984689,-462.42583567880695,1114.796620790271,1.1508663091418179,1614364715291.0,1.0,1.0,1.0,1.0057452314760817,31541.0,0.7100276987844116,22562.5
9806372,long,close,46966.0,-493947762.0,46905.0,0.0,0.0,13.67754470669312,2.62928374781757,16.30682845451069,448.3301532322067,979.042483568637,1171.1034492447811,1145.1991316913823,-462.42583567880695,1131.1034492447816,1.1514958450347228,1614365287806.0,0.08103401225425312,1.0,0.08103401225425312,1.0057594170143245,572515.0,0.7103153344352968,
9817898,long,entry,46534.5,498101585.0,46534.5,498101585.0,42542.5337808769,0.0,2.675980106157797,2.675980106157797,451.0061333383645,981.2796029373849,1173.779429350939,1145.1991316913823,-462.42583567880695,1133.7794293509394,1.1514443494095625,1614367342145.0,1.0,1.0,1.0,1.0057535079915834,2054339.0,0.7111502094068665,22382.0
9826453,long,close,46595.0,-498101585.0,46534.5,0.0,0.0,13.898211947423249,2.672505553170941,16.570717500594192,453.67863889153546,995.1327227678818,1190.3501468515333,1159.0973436388056,-462.42583567880695,1150.3501468515335,1.1520261840757584,1614368510252.0,0.07792852354074942,1.0,0.07792852354074942,1.005767625564503,1168107.0,0.7117698827872047,
9851923,long,entry,46097.0,501527791.0,46097.0,501527791.0,42142.564752800616,0.0,2.719958950690934,2.719958950690934,456.39859784222637,997.4066084506593,1193.0701058022241,1159.0973436388056,-462.42583567880695,1153.0701058022244,1.151826646812891,1614372443979.0,1.0,1.0,1.0,1.0057617226010973,3933727.0,0.7136147782865868,22201.5
9853042,long,close,46156.5,-501527791.0,46097.0,0.0,0.0,14.02511521160646,2.716452671888033,16.741567883494493,459.1150505141144,1011.4025592012606,1209.8116736857185,1173.122458850412,-462.42583567880695,1169.811673685719,1.152490971550316,1614372495272.0,0.08222124759787848,1.0,0.08222124759787848,1.0057756362094081,51293.0,0.7136958319993394,
9857192,long,entry,45921.0,507781319.0,45921.0,507781319.0,41981.6629328101,0.0,2.7644286873108164,2.7644286873108164,461.8794792014252,1013.7136215838524,1212.5761023730292,1173.122458850412,-462.42583567880695,1172.5761023730297,1.1525660674045124,1614372931673.0,1.0,1.0,1.0,1.0057697395992549,436401.0,0.7139964333469027,22082.0
9857365,long,close,45980.5,-507781319.0,45921.0,0.0,0.0,14.308979406052723,2.7608514424593036,17.069830848512026,464.6403306438845,1027.9840001732084,1229.6459332215413,1187.4314382564646,-462.42583567880695,1189.6459332215418,1.153236218597523,1614372939465.0,0.0852372790741587,1.0,0.0852372790741587,1.005783668088915,7792.0,0.7140089644392228,
9857688,long,entry,45901.0,515881360.0,45901.0,515881360.0,41963.37862901089,0.0,2.8097501143765933,2.8097501143765933,467.4500807582611,1030.3329512688274,1232.455683335918,1187.4314382564646,-462.42583567880695,1192.4556833359184,1.1533436119015112,1614372966726.0,1.0,1.0,1.0,1.0057777777533745,27261.0,0.7140323606404909,22082.0
9878120,long,close,45960.5,-515881360.0,45901.0,0.0,0.0,14.549896698722169,2.8061126402019125,17.356009338924082,470.256193398463,1044.842575076168,1249.811692674842,1201.9813349551869,-462.42583567880695,1209.8116926748426,1.1538411145334846,1614375153675.0,0.06981626961162213,1.0,0.06981626961162213,1.0057916546699557,2186949.0,0.7155123333473372,
10007670,long,entry,47402.0,541488030.0,47402.0,541488030.0,43335.615212371995,0.0,2.8558290262014263,2.8558290262014263,473.1120224246644,1047.2300481420723,1252.6675217010436,1201.9813349551869,-462.42583567880695,1212.667521701044,1.1515627243389923,1614405658372.0,1.0,1.0,1.0,1.0057857706430275,30504697.0,0.7248961657754863,22806.0
10008045,long,close,47463.5,-541488030.0,47402.0,0.0,0.0,14.801562051800286,2.8521286356884765,17.653690687488762,475.9641510603529,1061.988533556813,1270.3212123885326,1216.7828970069872,-462.42583567880695,1230.3212123885328,1.1522192276800332,1614405710046.0,0.08556324131688851,1.0,0.08556324131688851,1.00579960516904,51674.0,0.7249233285478565,
10008313,long,entry,47374.5,550054600.0,47374.5,550054600.0,43310.47430324514,0.0,2.9026934321206554,2.9026934321206554,478.86684449247355,1064.4151852660661,1273.2239058206533,1216.7828970069872,-462.42583567880695,1233.2239058206535,1.152324329709536,1614405744305.0,1.0,1.0,1.0,1.0057937274689375,34259.0,0.7249427408758436,22806.0
10008940,long,close,47436.0,-550054600.0,47374.5,0.0,0.0,15.053178689216894,2.898930137448352,17.952108826665246,481.7657746299219,1079.4231482451582,1291.1760146473184,1231.836075696204,-462.42583567880695,1251.1760146473187,1.152980499981789,1614405809352.0,0.08438386742114208,1.0,0.08438386742114208,1.0058075140476943,65047.0,0.7249881570312466,
10009132,long,entry,47337.0,558642268.0,47337.0,558642268.0,43276.19124488206,0.0,2.950346811162516,2.950346811162516,484.7161214410844,1081.88963817929,1294.126361458481,1231.836075696204,-462.42583567880695,1254.1263614584811,1.153086750596466,1614405829533.0,1.0,1.0,1.0,1.0058016427016987,20181.0,0.7250020643707001,22806.0
10017908,long,close,47398.5,-558642268.0,47337.0,0.0,0.0,15.312411058281105,2.946518708397945,18.25892976667905,487.66264014948234,1097.1541034642337,1312.38529122516,1247.1484867544852,-462.42583567880695,1272.3852912251602,1.1536425178206822,1614407189190.0,0.07736507312904682,1.0,0.07736507312904682,1.0058153858443264,1359657.0,0.7256377456782218,
10030012,long,entry,46763.5,560939437.0,46763.5,560939437.0,42751.88899480119,0.0,2.998810167117517,2.998810167117517,490.6614503165999,1099.661108763944,1315.3841013922774,1247.1484867544852,-462.42583567880695,1275.3841013922777,1.1534903450533307,1614410519661.0,1.0,1.0,1.0,1.0058095208718967,3330471.0,0.7265144875362713,22500.0
10056671,long,close,46824.0,-560939437.0,46763.5,0.0,0.0,15.49871989668617,2.994935487143345,18.493655383829516,493.6563858037432,1115.1218046648253,1333.877756776107,1262.6472066511715,-462.42583567880695,1293.8777567761072,1.1536840044011272,1614416475661.0,0.07575473463331907,1.0,0.07575473463331907,1.0058231241725042,5956000.0,0.7284455071325818,
10123217,long,entry,46904.0,571838673.0,46904.0,571838673.0,42880.33618714631,0.0,3.047920609116493,3.047920609116493,496.7043064128597,1117.6698662940469,1336.9256773852235,1262.6472066511715,-462.42583567880695,1296.9256773852237,1.1525205998491597,1614432929313.0,1.0,1.0,1.0,1.0058172657527813,16453652.0,0.7332657040663032,22562.5
10123981,long,close,46965.0,-571838673.0,46904.0,0.0,0.0,15.835039468208663,3.043961849249441,18.879001317458105,499.74826826210915,1133.4527113954416,1355.8046787026815,1278.48224611938,-462.42583567880695,1315.8046787026817,1.153168688301164,1614433005026.0,0.08458480680693146,1.0,0.08458480680693146,1.0058309124596732,75713.0,0.7333210436878788,
10134619,long,entry,46719.0,578946294.0,46719.0,578946294.0,42711.20643155924,0.0,3.098023791177037,3.098023791177037,502.84629205328616,1136.0426592848655,1358.9027024938584,1278.48224611938,-462.42583567880695,1318.9027024938587,1.1530262890027083,1614436242483.0,1.0,1.0,1.0,1.0058250604667875,3237457.0,0.7340915972144758,22500.0
10135117,long,close,46779.5,-578946294.0,46719.0,0.0,0.0,16.026715921822404,3.094017112196582,19.120733034018986,505.94030916548274,1152.0275921013053,1378.0234355278774,1294.5089620412025,-462.42583567880695,1338.0234355278776,1.1536761563179456,1614436255457.0,0.08390265680974533,1.0,0.08390265680974533,1.005838567202014,12974.0,0.7341276693761833,
10135761,long,entry,46670.5,587823127.0,46670.5,587823127.0,42666.86700715912,0.0,3.1487938151508983,3.1487938151508983,509.08910298063364,1154.6599837307715,1381.1722293430282,1294.5089620412025,-462.42583567880695,1341.1722293430284,1.1537790790554734,1614436299907.0,1.0,1.0,1.0,1.0058327218137113,44450.0,0.7341743169106004,22444.0
10136053,long,close,46731.0,-587823127.0,46670.5,0.0,0.0,16.30626571797093,3.1447172487214057,19.450982966692337,512.233820229355,1170.9210054909265,1400.6232123097207,1310.8152277591735,-462.42583567880695,1360.6232123097209,1.154429028216806,1614436324276.0,0.08528530373761135,1.0,0.08528530373761135,1.0058461917052604,24369.0,0.7341954676560194,
10136988,long,entry,46624.5,596874628.0,46624.5,596874628.0,42624.8131181919,0.0,3.2004344711471435,3.2004344711471435,515.4342547005022,1173.5965687088055,1403.8236467808679,1310.8152277591735,-462.42583567880695,1363.823646780868,1.1545250292274636,1614436458611.0,1.0,1.0,1.0,1.005840352927872,134335.0,0.7342631935017956,22444.0
10138087,long,close,46685.0,-596874628.0,46624.5,0.0,0.0,16.59002124917205,3.1962869658348505,19.7863082150069,518.630541666337,1190.1379223765512,1423.6099549958747,1327.4052490083454,-462.42583567880695,1383.6099549958751,1.1551703176624655,1614436554358.0,0.08432195234818686,1.0,0.08432195234818686,1.0058537852812637,95747.0,0.7343427985333552,
10138483,long,entry,46561.5,605850667.0,46561.5,605850667.0,42567.217578910706,0.0,3.2529593494625386,3.2529593494625386,521.8835010157995,1192.857396392702,1426.8629143453372,1327.4052490083454,-462.42583567880695,1386.8629143453377,1.1552739952794004,1614436590249.0,1.0,1.0,1.0,1.0058479531221916,35891.0,0.734371482420978,22382.0
10143151,long,close,46622.0,-605850667.0,46561.5,0.0,0.0,16.885079202307068,3.2487380796619623,20.13381728196903,525.1322390954615,1209.689267640428,1446.9967316273062,1344.2903282106524,-462.42583567880695,1406.9967316273066,1.1558799968729232,1614437201822.0,0.08176201091709635,1.0,0.08176201091709635,1.0058613552351965,611573.0,0.734709604611442,
10202001,long,entry,46665.5,617178921.0,46665.5,617178921.0,42662.29592957076,0.0,3.30639830817199,3.30639830817199,528.4386374036335,1212.4534166260596,1450.3031299354782,1344.2903282106524,-462.42583567880695,1410.3031299354786,1.1543302262990376,1614458583155.0,1.0,1.0,1.0,1.0058555296898475,21381333.0,0.7389723490220678,22444.0
10202244,long,close,46726.0,-617178921.0,46665.5,0.0,0.0,17.124264661594292,3.302117242006592,20.426381903600884,531.7407546456401,1229.52987189747,1470.729511839079,1361.4145928722467,-462.42583567880695,1430.7295118390796,1.1549740105132655,1614458605206.0,0.08513813478645231,1.0,0.08513813478645231,1.0058688336897927,22051.0,0.7389899504985636,
10203280,long,entry,46617.0,626649561.0,46617.0,626649561.0,42617.956506628936,0.0,3.360627887894974,3.360627887894974,535.1013825335351,1232.3393568117501,1474.0901397269738,1361.4145928722467,-462.42583567880695,1434.0901397269745,1.1550672481142847,1614458762713.0,1.0,1.0,1.0,1.005863014864024,157507.0,0.7390649921843649,22444.0
10203793,long,close,46677.5,-626649561.0,46617.0,0.0,0.0,17.42321137315913,3.3562720850516845,20.779483458210816,538.4576546185868,1249.7110049828143,1494.8696231851845,1378.8378042454058,-462.42583567880695,1454.8696231851852,1.1557110946840534,1614458795703.0,0.08499996765294167,1.0,0.08499996765294167,1.0058762834812467,32990.0,0.7391021508569674,
10208858,long,entry,46470.5,634933546.0,46470.5,634933546.0,42484.02402014974,0.0,3.415788220483963,3.415788220483963,541.8734428390708,1252.5666039351388,1498.2854114056686,1378.8378042454058,-462.42583567880695,1458.2854114056693,1.155681892895606,1614460536129.0,1.0,1.0,1.0,1.0058704713780153,1740426.0,0.7394690293691139,22382.0
10209369,long,close,46530.5,-634933546.0,46470.5,0.0,0.0,17.618318584930773,3.4113836408377303,21.029702225768503,545.2848264799085,1270.1474349958814,1519.3151136314373,1396.4561228303367,-462.42583567880695,1479.3151136314377,1.1563227668896185,1614460569332.0,0.08472151023558985,1.0,0.08472151023558985,1.005883588253981,33203.0,0.7395060431735969,
10209603,long,entry,46438.0,644865253.0,46438.0,644865253.0,42454.312039041826,0.0,3.4716463510487103,3.4716463510487103,548.7564728309571,1273.0497313453584,1522.786759982486,1396.4561228303367,-462.42583567880695,1482.7867599824865,1.1564258608646556,1614460598992.0,1.0,1.0,1.0,1.0058777830642616,29660.0,0.7395229927435559,22382.0
10210476,long,close,46498.0,-644865253.0,46438.0,0.0,0.0,17.91894542242011,3.467166614693105,21.386112037113215,552.2236394456503,1290.928521008385,1544.1728720195993,1414.3750682527568,-462.42583567880695,1504.1728720195997,1.157053999911095,1614460805142.0,0.08526309128035452,1.0,0.08526309128035452,1.0058908592076035,206150.0,0.7395862276776337,
10219139,long,entry,46194.0,651972233.0,46194.0,651972233.0,42231.243600150716,0.0,3.5284465136164873,3.5284465136164873,555.7520859592668,1293.8783022937682,1547.7013185332157,1414.3750682527568,-462.42583567880695,1507.7013185332162,1.1569815515742388,1614463086737.0,1.0,1.0,1.0,1.0058850609413978,2281595.0,0.7402137239364145,22263.0
10239775,long,stop_loss_liq_diff,45093.0,-92580058.0,46194.0,559392175.0,41692.304939067675,-48.93392679821309,0.5132728915796243,-48.42065390663347,556.2653588508464,1253.3986356278226,1499.2806646265822,1414.3750682527568,-511.35976247702,1459.2806646265826,1.1553875779893426,1614464748573.0,0.06330763548922123,1.0,0.06330763548922123,1.005824366015258,1661836.0,0.7417084731914302,24969.0
10253905,long,close,46254.0,-559392175.0,46194.0,0.0,0.0,15.708429647096562,3.0234799963246424,18.731909643421204,559.2888388471711,1269.0585120897229,1518.0125742700034,1430.0834978998535,-511.35976247702,1478.0125742700038,1.1558436528954943,1614466248686.0,0.07362785097392181,1.0,0.07362785097392181,1.0058350021511882,1500113.0,0.7427319664543383,
10304805,long,entry,45839.0,636001464.0,45839.0,636001464.0,41906.69730960761,0.0,3.468670040794956,3.468670040794956,562.757508887966,1271.9583202438273,1521.4812443107983,1430.0834978998535,-511.35976247702,1481.4812443107987,1.1552388205486916,1614475483362.0,1.0,1.0,1.0,1.005829321218097,9234676.0,0.7464188600907165,22082.0
10305285,long,close,45898.5,-636001464.0,45839.0,0.0,0.0,17.986284294893856,3.4641734697212327,21.450457764615088,566.2216823576872,1289.8909029350457,1542.9317020754136,1448.0697821947474,-511.35976247702,1502.9317020754138,1.155878383251974,1614475510108.0,0.08420678956277074,1.0,0.08420678956277074,1.0058424557177972,26746.0,0.7464536284393503,
10306142,long,entry,45788.0,645722602.0,45788.0,645722602.0,41860.07234842583,0.0,3.525610432864506,3.525610432864506,569.7472927905517,1292.8383132569204,1546.4573125082782,1448.0697821947474,-511.35976247702,1506.4573125082784,1.155970632391509,1614475671152.0,1.0,1.0,1.0,1.005836780966121,161044.0,0.7465157044284736,22021.0
10306287,long,close,45847.5,-645722602.0,45788.0,0.0,0.0,18.301876504101735,3.521034963738481,21.822911467840214,573.2683277542901,1311.082267244035,1568.2802239761184,1466.3716586988492,-511.35976247702,1528.2802239761186,1.1566119254063423,1614475687609.0,0.08569523194107426,1.0,0.08569523194107426,1.0058498826706463,16457.0,0.7465262073671234,
10309224,long,entry,45697.0,655026646.0,45697.0,655026646.0,41776.878790484705,0.0,3.5835319933474845,3.5835319933474845,576.8518597476376,1314.0780999904732,1571.8637559694657,1466.3716586988492,-511.35976247702,1531.863755969466,1.1566607612150375,1614476410517.0,1.0,1.0,1.0,1.0058442141034438,722908.0,0.7467389462003265,22021.0
10309805,long,close,45756.0,-655026646.0,45697.0,0.0,0.0,18.483118070416737,3.57891121382988,22.062029284246616,580.4307709614675,1332.5219564721035,1593.9257852537123,1484.854776769266,-511.35976247702,1553.9257852537125,1.1572947346764404,1614476479088.0,0.08488393081388099,1.0,0.08488393081388099,1.005857143184562,68571.0,0.7467810303889854,
10310531,long,entry,45645.5,664987798.0,45645.5,664987798.0,41729.79672182448,0.0,3.642132291244482,3.642132291244482,584.072903252712,1335.5667790675839,1597.5679175449568,1484.854776769266,-511.35976247702,1557.567917544957,1.1573863524430588,1614476647845.0,1.0,1.0,1.0,1.0058514810268926,168757.0,0.7468336175162941,21960.0
10323829,long,close,45704.5,-664987798.0,45645.5,0.0,0.0,18.806533727175903,3.637430657812688,22.44396438498859,587.7103339105247,1354.3299332934344,1620.0118819299455,1503.661310496442,-511.35976247702,1580.0118819299455,1.1578727242996387,1614478623508.0,0.07585435230152848,1.0,0.07585435230152848,1.0058643786280836,1975663.0,0.7477968456415702,
10331504,long,entry,45028.0,666727654.0,45028.0,666727654.0,41165.269015786114,0.0,3.7017392178200232,3.7017392178200232,591.4120731283447,1357.4245872795318,1623.7136211477655,1503.661310496442,-511.35976247702,1583.7136211477655,1.157871405016465,1614479985772.0,1.0,1.0,1.0,1.0058587228791118,1362264.0,0.748352777049413,21660.0
10339408,long,close,45086.5,-666727654.0,45028.0,0.0,0.0,19.212113980234165,3.696936189324964,22.90905016955913,595.1090093176697,1376.5765532212833,1646.6226713173246,1522.873424476676,-511.35976247702,1606.6226713173246,1.1584667465192795,1614480586486.0,0.0762662908224999,1.0,0.0762662908224999,1.0058716626022262,600714.0,0.7489252958569167,
10341908,long,entry,44599.0,671222990.0,44599.0,671222990.0,40773.07081728827,0.0,3.7625450682750734,3.7625450682750734,598.8715543859447,1379.7220408983612,1650.3852163855997,1522.873424476676,-511.35976247702,1610.3852163855997,1.158551046879932,1614480846780.0,1.0,1.0,1.0,1.005866013144983,260294.0,0.7491063810060511,21479.5
10343208,long,close,44657.0,-671222990.0,44599.0,0.0,0.0,19.54700172066808,3.757658317844907,23.30466003851299,602.6292127037896,1399.204736690558,1673.6898764241128,1542.420426197344,-511.35976247702,1633.6898764241128,1.1591880888913146,1614480921329.0,0.0829475086640365,1.0,0.0829475086640365,1.0058789190977422,74549.0,0.749200545283601,
10349704,long,entry,44360.5,678608091.0,44360.5,678608091.0,40555.03056332438,0.0,3.824393835732239,3.824393835732239,606.4536065395218,1402.4019299372303,1677.514270259845,1542.420426197344,-511.35976247702,1637.514270259845,1.1592401616373749,1614481591961.0,1.0,1.0,1.0,1.0058732759359261,670632.0,0.7496710769351121,21358.0
10349907,long,close,44418.0,-678608091.0,44360.5,0.0,0.0,19.803020897347583,3.8194430805079023,23.622463977855485,610.2730496200297,1422.1503098227174,1701.1367342377005,1562.2234470946917,-511.35976247702,1661.1367342377005,1.159880640337902,1614481602264.0,0.08544491783951882,1.0,0.08544491783951882,1.0058860698164926,10303.0,0.7496857810492218,
10350045,long,entry,44347.0,689526688.0,44347.0,689526688.0,40542.688660578744,0.0,3.8871101089137934,3.8871101089137934,614.1601597289435,1425.3999338737694,1705.0238443466142,1562.2234470946917,-511.35976247702,1665.0238443466142,1.1599841559945374,1614481617349.0,1.0,1.0,1.0,1.0058804330765398,15085.0,0.7496957769494541,21358.0
10350455,long,close,44404.5,-689526688.0,44347.0,0.0,0.0,20.133890147397537,3.882076636376944,24.01596678377448,618.0422363653205,1445.4772821050049,1729.0398111303887,1582.3573372420892,-511.35976247702,1689.0398111303887,1.1606243269358387,1614481638649.0,0.08481515438874167,1.0,0.08481515438874167,1.0058931815157581,21300.0,0.7497254749139122,
10369033,long,entry,44308.0,700220387.0,44308.0,700220387.0,40507.03427574054,0.0,3.9508688442267763,3.9508688442267763,621.9931052095473,1448.7802084587784,1732.9906799746154,1582.3573372420892,-511.35976247702,1692.9906799746154,1.160474359091186,1614484860487.0,1.0,1.0,1.0,1.0058875512185725,3221838.0,0.7510711548741603,21299.0
10369699,long,close,44365.5,-700220387.0,44308.0,0.0,0.0,20.482127648108474,3.945748312314749,24.427875960423222,625.938853521862,1469.201912761692,1757.4185559350385,1602.8394648901976,-511.35976247702,1717.4185559350387,1.1611129950975452,1614484898442.0,0.08433848104026995,1.0,0.08433848104026995,1.0059002650334736,37955.0,0.7511193959578898,
10396625,long,entry,44448.0,713961911.0,44448.0,713961911.0,40635.02436811195,0.0,4.015714492215623,4.015714492215623,629.9545680140776,1472.5590500771846,1761.4342704272542,1602.8394648901976,-511.35976247702,1721.4342704272544,1.1609243120624353,1614488602905.0,1.0,1.0,1.0,1.0058946411828846,3704463.0,0.7530697554481278,21420.0
10403243,long,close,44505.5,-713961911.0,44448.0,0.0,0.0,20.752813319917472,4.010526288885643,24.763339608803115,633.9650943029633,1493.261201990144,1786.1976100360573,1623.5922782101152,-511.35976247702,1746.1976100360575,1.1615405565648484,1614488891119.0,0.0758466143254049,1.0,0.0758466143254049,1.0059072475092665,288214.0,0.7535491240549166,
10404526,long,entry,44106.0,720070118.0,44106.0,720070118.0,40322.36286799209,0.0,4.081474844692332,4.081474844692332,638.0465691476556,1496.6733149603067,1790.2790848807497,1623.5922782101152,-511.35976247702,1750.27908488075,1.161638897357887,1614488968754.0,1.0,1.0,1.0,1.0059016302222503,77635.0,0.7536420569534524,21240.0
10404690,long,close,44163.0,-720070118.0,44106.0,0.0,0.0,21.071400597555485,4.076206994542943,25.147607592098428,642.1227761421986,1517.696714907301,1815.4266924728481,1644.6636788076707,-511.35976247702,1775.4266924728483,1.1622772028550492,1614488975824.0,0.08524585145208513,1.0,0.08524585145208513,1.00591416866599,7070.0,0.7536539361392356,
10404993,long,entry,44087.0,731537974.0,44087.0,731537974.0,40304.99278202056,0.0,4.148263513053735,4.148263513053735,646.2710396552524,1521.1646632042139,1819.5749559859019,1644.6636788076707,-511.35976247702,1779.574955985902,1.1623794010294215,1614489005521.0,1.0,1.0,1.0,1.0059085579969236,29697.0,0.7536758836593107,21240.0
10406950,long,close,44144.0,-731537974.0,44087.0,0.0,0.0,21.425427713308927,4.142907156125408,25.568334869434334,650.4139468113777,1542.5397911550608,1845.143290855336,1666.0891065209796,-511.35976247702,1805.1432908553363,1.1630112404404775,1614489101066.0,0.08090683004536604,1.0,0.08090683004536604,1.00592105495368,95545.0,0.7538176371140533,
10407425,long,entry,43975.0,741623628.0,43975.0,741623628.0,40202.60071285804,0.0,4.216166162592382,4.216166162592382,654.6301129739701,1546.064506066988,1849.3594570179284,1666.0891065209796,-511.35976247702,1809.3594570179287,1.1631125271589833,1614489142740.0,1.0,1.0,1.0,1.0059154509156059,41674.0,0.7538520432923888,21177.0
10408665,long,close,44032.0,-741623628.0,43975.0,0.0,0.0,21.83152900324886,4.21070828034157,26.04223728359043,658.8408212543117,1567.8358164360695,1875.4016943015188,1687.9206355242284,-511.35976247702,1835.401694301519,1.1637479172881744,1614489215062.0,0.08213240381602652,1.0,0.08213240381602652,1.0059279446028113,72322.0,0.7539418615263594,
10409789,long,entry,43882.0,752191339.0,43882.0,752191339.0,40117.5787262223,0.0,4.2853068399343694,4.2853068399343694,663.126128094246,1571.4183329542548,1879.687001141453,1687.9206355242284,-511.35976247702,1839.6870011414533,1.1638453252249819,1614489305446.0,1.0,1.0,1.0,1.0059223471498018,90384.0,0.7540232774094103,21118.5
10409921,long,close,43939.0,-752191339.0,43882.0,0.0,0.0,22.23650878501865,4.279747712738114,26.516256497756764,667.4058758069841,1593.5859233863794,1906.2032576392098,1710.157144309247,-511.35976247702,1866.20325763921,1.16448765710316,1614489309987.0,0.08545163164586919,1.0,0.08545163164586919,1.005934830041584,4541.0,0.7540328387052846,
10515544,long,entry,44680.0,778448674.0,44680.0,778448674.0,40847.12222511129,0.0,4.355688641450313,4.355688641450313,671.7615644484345,1597.2272790906318,1910.5589462806602,1710.157144309247,-511.35976247702,1870.5589462806604,1.1627656673041549,1614512131361.0,1.0,1.0,1.0,1.005929239139752,22821374.0,0.7616835413880974,21479.5
10517574,long,close,44738.0,-778448674.0,44680.0,0.0,0.0,22.587504242847395,4.350041765389602,26.937546008236996,676.1116062138241,1619.7470675535178,1937.4964922888971,1732.7446485520945,-511.35976247702,1897.4964922888973,1.16338214052598,1614512366372.0,0.0834053894374093,1.0,0.0834053894374093,1.0059416622124417,235011.0,0.7618305825291946,
10534434,long,entry,44256.5,783728430.0,44256.5,783728430.0,40459.95220966223,0.0,4.427193915018133,4.427193915018133,680.5388001288422,1623.448201666473,1941.9236862039152,1732.7446485520945,-511.35976247702,1901.9236862039154,1.1631041263037702,1614517175826.0,1.0,1.0,1.0,1.0059360779032653,4809454.0,0.7630518207749575,21299.0
10534948,long,close,44314.0,-783728430.0,44256.5,0.0,0.0,22.978169437519192,4.421449372658754,27.399618810177945,684.960249501501,1646.354282991782,1969.3233050140932,1755.7228179896138,-511.35976247702,1929.3233050140934,1.1637372812068323,1614517190852.0,0.08457504390103102,1.0,0.08457504390103102,1.0059484682677788,15026.0,0.7630890518816196,
10535090,long,entry,44228.5,796098567.0,44228.5,796098567.0,40434.354191123144,0.0,4.499918417988401,4.499918417988401,689.4601679194894,1650.1162147892203,1973.8232234320817,1755.7228179896138,-511.35976247702,1933.823223432082,1.1638402742236966,1614517195573.0,1.0,1.0,1.0,1.005942890550944,4721.0,0.7630993375180904,21299.0
10535254,long,close,44286.0,-796098567.0,44228.5,0.0,0.0,23.37039326507932,4.494075819672131,27.86446908475145,693.9542437391616,1673.4109109440726,2001.6876925168333,1779.0932112546932,-511.35976247702,1961.6876925168333,1.1644745923846025,1614517205103.0,0.08530942549856592,1.0,0.08530942549856592,1.0059552443156323,9530.0,0.7631112167038736,
10535395,long,entry,44216.0,808953171.0,44216.0,808953171.0,40422.92650546324,0.0,4.573871285281346,4.573871285281346,698.528115024443,1677.2346673385678,2006.2615638021146,1779.0932112546932,-511.35976247702,1966.2615638021146,1.164577689662232,1614517209308.0,1.0,1.0,1.0,1.0059496731967492,4205.0,0.7631214299062848,21299.0
10535470,long,close,44273.5,-808953171.0,44216.0,0.0,0.0,23.761175321912013,4.567930991450868,28.32910631336288,703.0960460158939,1700.917800216539,2034.5906701154775,1802.8543865766053,-511.35976247702,1994.5906701154775,1.1652131298446444,1614517211638.0,0.08570237705909614,1.0,0.08570237705909614,1.0059619844193046,2330.0,0.7631268624607589,
10536181,long,entry,44187.0,821711144.0,44187.0,821711144.0,40396.41427390202,0.0,4.649054835132505,4.649054835132505,707.7451008510263,1704.80441005871,2039.23972495061,1802.8543865766053,-511.35976247702,1999.23972495061,1.165311265440316,1614517278427.0,1.0,1.0,1.0,1.0059564199129325,66789.0,0.7631783630771727,21240.0
10536637,long,close,44244.5,-821711144.0,44187.0,0.0,0.0,24.167582684413333,4.643012939461403,28.810595623874736,712.3881137904878,1728.890068000269,2068.0503205744844,1827.0219692610185,-511.35976247702,2028.0503205744847,1.16594631531467,1614517294614.0,0.08484273815112724,1.0,0.08484273815112724,1.0059686955150107,16187.0,0.7632113930083748,
10539795,long,entry,44067.0,832956265.0,44067.0,832956265.0,40286.708486237774,0.0,4.725510387591622,4.725510387591622,717.1136241780794,1732.8405946842956,2072.7758309620763,1827.0219692610185,-511.35976247702,2032.7758309620763,1.1660158512069692,1614517716423.0,1.0,1.0,1.0,1.0059631376250946,421809.0,0.7634401397687615,21235.5
10549092,long,close,44124.0,-832956265.0,44067.0,0.0,0.0,24.417921502375115,4.719405907216027,29.137327409591144,721.8330300852954,1757.199400398714,2101.9131583716676,1851.4398907633936,-511.35976247702,2061.9131583716676,1.1666089896203704,1614518214228.0,0.07619421258584083,1.0,0.07619421258584083,1.005975260445245,497805.0,0.7641135592213628,
10577158,long,entry,43655.5,838689773.0,43655.5,838689773.0,39910.50905097264,0.0,4.80288722497738,4.80288722497738,726.6359173102727,1761.2146141187952,2106.716045596645,1851.4398907633936,-511.35976247702,2066.716045596645,1.1663482848539741,1614522721938.0,1.0,1.0,1.0,1.0059697093522513,4507710.0,0.7661464935396062,20996.0
10580499,long,close,43712.0,-838689773.0,43655.5,0.0,0.0,24.83191143953337,4.796679247117497,29.628590686650867,731.4325965573902,1785.9841159328355,2136.344636283296,1876.271802202927,-511.35976247702,2096.344636283296,1.1669703467917,1614522850791.0,0.0800850743120285,1.0,0.0800850743120285,1.0059817960451034,128853.0,0.7663884957329096,
10585236,long,entry,43369.5,846843857.0,43369.5,846843857.0,39649.04358649552,0.0,4.881563408616655,4.881563408616655,736.3141599660069,1790.0651029424391,2141.226199691913,1876.271802202927,-511.35976247702,2101.226199691913,1.1670321660851246,1614523364112.0,1.0,1.0,1.0,1.0059762517523367,513321.0,0.7667316158734896,20880.0
10586336,long,close,43425.5,-846843857.0,43369.5,0.0,0.0,25.180371061476666,4.875268315851286,30.055639377327953,741.1894282818581,1815.1916174618855,2171.281839069241,1901.4521732644037,-511.35976247702,2131.281839069241,1.16765853469389,1614523426809.0,0.08406386096619106,1.0,0.08406386096619106,1.0059882522366652,62697.0,0.7668112933391087,
10589939,long,entry,43209.5,857517619.0,43209.5,857517619.0,39502.76919775107,0.0,4.961395173515084,4.961395173515084,746.1508234553731,1819.3393438269438,2176.243234242756,1901.4521732644037,-511.35976247702,2136.243234242756,1.1677280369626337,1614523843937.0,1.0,1.0,1.0,1.0059827148224176,417128.0,0.7670722732560413,20815.0
10590243,long,close,43265.5,-857517619.0,43209.5,0.0,0.0,25.68680632068239,4.954973471934913,30.641779792617303,751.105796927308,1844.9558717335722,2206.8850140353734,1927.138979585086,-511.35976247702,2166.8850140353734,1.1683601510219812,1614523862743.0,0.08556287882240168,1.0,0.08556287882240168,1.005994734262821,18806.0,0.7670942932101761,
10596277,long,entry,43082.5,869016883.0,43082.5,869016883.0,39386.6639070096,0.0,5.042748697266872,5.042748697266872,756.1485456245749,1849.171609644487,2211.92776273264,1927.138979585086,-511.35976247702,2171.92776273264,1.1684090412516381,1614524531052.0,1.0,1.0,1.0,1.005989203647506,668309.0,0.7675313603261271,20757.5
10596715,long,close,43138.5,-869016883.0,43082.5,0.0,0.0,26.184862899446035,5.03620248154201,31.221065380988044,761.1847481061169,1875.2724203029934,2243.1488281136285,1953.323842484532,-511.35976247702,2203.148828113628,1.1690438273059343,1614524538257.0,0.08440369833185102,1.0,0.08440369833185102,1.0060012290120761,7205.0,0.7675630864442555,
10726441,long,entry,44978.5,922169318.0,44978.5,922169318.0,41120.01537731358,0.0,5.125611781184343,5.125611781184343,766.3103598873013,1879.5574317520636,2248.274439894813,1953.323842484532,-511.35976247702,2208.2744398948125,1.166881079268656,1614552542420.0,1.0,1.0,1.0,1.005995705136332,28004163.0,0.7769596672669036,21660.0
10726579,long,close,45037.0,-922169318.0,44978.5,0.0,0.0,26.63128442829509,5.1189539600772695,31.75023838837236,771.4293138473786,1906.100631044743,2280.0246782831855,1979.955126912827,-511.35976247702,2240.024678283185,1.1675073138618497,1614552551718.0,0.08543942312170229,1.0,0.08543942312170229,1.0060076958686888,9298.0,0.7769696631671358,
11146546,long,entry,49181.0,1024907130.0,49181.0,1024907130.0,44962.00354312502,0.0,5.209873375897196,5.209873375897196,776.6391872232758,1910.456085186993,2285.2345516590826,1979.955126912827,-511.35976247702,2245.234551659082,1.1606173258271086,1614643505170.0,1.0,1.0,1.0,1.0060021787339908,90953452.0,0.8073895778977608,23645.5
11147143,long,close,49244.5,-1024907130.0,49181.0,0.0,0.0,26.872195625457813,5.2031553269908315,32.075350952448645,781.8423425502666,1937.2710785832398,2317.309902611531,2006.8273225382848,-511.35976247702,2277.309902611531,1.1612063630669556,1614643596631.0,0.08505955103322979,1.0,0.08505955103322979,1.0060139983382563,91461.0,0.807432821031374,
11149257,long,entry,49083.5,1039602350.0,49083.5,1039602350.0,44872.86758843974,0.0,5.295070390253344,5.295070390253344,787.13741294052,1941.6977574294917,2322.6049730017844,2006.8273225382848,-511.35976247702,2282.6049730017844,1.16126489890115,1614644124431.0,1.0,1.0,1.0,1.0060084881481288,527800.0,0.8075859466334822,23645.5
11151684,long,close,49147.0,-1039602350.0,49083.5,0.0,0.0,27.36581844516027,5.288228935642054,32.654047380802325,792.4256418761621,1968.9965410398424,2355.2590203825866,2034.1931409834451,-511.35976247702,2315.2590203825866,1.1618363853109213,1614644467509.0,0.08147160689333842,1.0,0.08147160689333842,1.0060202977951154,343078.0,0.807761744096262,
11336122,long,entry,48517.5,1044442900.0,48517.5,1044442900.0,44355.42194927902,0.0,5.381784407687947,5.381784407687947,797.8074262838501,1973.4957128046694,2360.6408047902746,2034.1931409834451,-511.35976247702,2320.6408047902746,1.1582569441508692,1614695112520.0,1.0,1.0,1.0,1.0060147945130977,50645011.0,0.8211213371906885,23349.0
11336352,long,close,48580.5,-1044442900.0,48517.5,0.0,0.0,27.9167499457058,5.374805220201521,33.29155516590732,803.1822315040516,2001.327452923368,2393.9323599561817,2062.109890929151,-511.35976247702,2353.932359956182,1.1588399194410874,1614695134538.0,0.08561547049941719,1.0,0.08561547049941719,1.0060266236994269,22018.0,0.8211379970244088,
11352976,long,entry,48186.5,1054350163.0000001,48186.5,1054350163.0000001,44052.816811722216,0.0,5.470153274257314,5.470153274257314,808.6523847783089,2005.900501060647,2399.402513230439,2062.109890929151,-511.35976247702,2359.4025132304396,1.15863052904445,1614699417093.0,1.0,1.0,1.0,1.0060211272460193,4282555.0,0.8223421408320934,23168.0
11353423,long,close,48249.0,-1054350163.0000001,48186.5,0.0,0.0,28.3433505060054,5.463067436630811,33.80641794263621,814.1154522149398,2034.1626664606908,2433.208931173075,2090.453241435156,-511.35976247702,2393.2089311730756,1.159212413674447,1614699434700.0,0.08513007119699668,1.0,0.08513007119699668,1.0060328933546234,17607.0,0.8223745188567587,
11353616,long,entry,48158.0,1071014759.0000001,48158.0,1071014759.0000001,44026.76168556732,0.0,5.559900530545289,5.559900530545289,819.675352745485,2038.8107433042267,2438.7688317036204,2090.453241435156,-511.35976247702,2398.768831703621,1.1593069914734557,1614699442798.0,1.0,1.0,1.0,1.0060274037723769,8098.0,0.822388498630272,23168.0
11466342,long,close,48220.5,-1071014759.0000001,48158.0,0.0,0.0,28.82539858849008,5.5526941808981665,34.378092769388246,825.2280469263832,2067.5508288594347,2473.1469244730083,2119.278640023646,-511.35976247702,2433.146924473009,1.1582348805328728,1614722807524.0,0.06524922111322042,1.0,0.06524922111322042,1.0060391365462094,23364726.0,0.8305537004388055,
11701694,long,entry,50973.5,1152237443.0,50973.5,1152237443.0,46600.733770649815,0.0,5.651159146419218,5.651159146419218,830.8792060728024,2072.275197905841,2478.7980836194274,2119.278640023646,-511.35976247702,2438.7980836194283,1.154592031017939,1614777339629.0,1.0,1.0,1.0,1.0060336538337258,54532105.0,0.8476012012464453,24548.0
11701958,long,close,51039.5,-1152237443.0,50973.5,0.0,0.0,29.230419864117604,5.643851541453189,34.874271405570795,836.5230576142555,2101.430088800899,2513.6723550249985,2148.5090598877637,-511.35976247702,2473.672355024999,1.1551535511990634,1614777347273.0,0.0852197838590983,1.0,0.0852197838590983,1.0060453037566737,7644.0,0.8476203238381939,
11702300,long,entry,50944.5,1170451937.0,50944.5,1170451937.0,46574.22153853939,0.0,5.743760057513568,5.743760057513568,842.2668176717691,2106.23187220898,2519.416115082512,2148.5090598877637,-511.35976247702,2479.4161150825125,1.1552430836573093,1614777381658.0,1.0,1.0,1.0,1.0060398279848048,34385.0,0.8476450962865955,24548.0
11703263,long,close,51010.5,-1170451937.0,50944.5,0.0,0.0,29.726284886121046,5.736328486292038,35.46261337241309,848.0031461580611,2135.8786169883174,2554.8787284549253,2178.2353447738847,-511.35976247702,2514.8787284549257,1.1558021940384786,1614777433484.0,0.08413113340466277,1.0,0.08413113340466277,1.0060514448514144,51826.0,0.8477148502860421,
11705232,long,entry,50826.5,1186883539.0,50826.5,1186883539.0,46466.3441793464,0.0,5.83791692817723,5.83791692817723,853.8410630862384,2140.7591155402733,2560.7166453831023,2178.2353447738847,-511.35976247702,2520.716645383103,1.1558792122129182,1614777653819.0,1.0,1.0,1.0,1.006045976017861,220335.0,0.8478574729495004,24435.0
11705401,long,close,50892.5,-1186883539.0,50826.5,0.0,0.0,30.28363843471586,5.830346018568552,36.11398445328442,859.6714091048069,2170.9504065432193,2596.830629836387,2208.5189832086007,-511.35976247702,2556.8306298363873,1.1564425716283306,1614777662409.0,0.08549720669258518,1.0,0.08549720669258518,1.0060575897013968,8590.0,0.8478697143055819,
11784180,long,entry,50793.5,1205589276.0,50793.5,1205589276.0,46436.175085982686,0.0,5.93377733371396,5.93377733371396,865.6051864385208,2175.911044394204,2602.7644071701006,2208.5189832086007,-511.35976247702,2562.764407170101,1.1553693120221413,1614794976509.0,1.0,1.0,1.0,1.0060521277605505,17314100.0,0.8535759970910481,24435.0
11796805,long,close,50859.5,-1205589276.0,50793.5,0.0,0.0,30.800877242213446,5.926077114403405,36.72695435661685,871.5312635529242,2206.614778236336,2639.491361526718,2239.3198604508143,-511.35976247702,2599.491361526718,1.1557927464958235,1614797016216.0,0.07699910383655961,1.0,0.07699910383655961,1.0060637101026442,2039707.0,0.8544904770941774,
11854988,long,entry,50188.5,1210799053.0,50188.5,1210799053.0,45883.075065608486,0.0,6.031257424509598,6.031257424509598,877.5625209774338,2211.656909443226,2645.5226189512273,2239.3198604508143,-511.35976247702,2605.5226189512273,1.1548576463024292,1614812440024.0,1.0,1.0,1.0,1.006058255050086,15423808.0,0.858704907987014,24187.0
11856393,long,close,50253.5,-1210799053.0,50188.5,0.0,0.0,31.20433264096052,6.023456341349359,37.227788982309875,883.5859773187832,2242.779341032437,2682.750407933537,2270.524193091775,-511.35976247702,2642.750407933537,1.1554018016078058,1614812594929.0,0.08474561771324446,1.0,0.08474561771324446,1.0060697400001661,154905.0,0.8588066778408276,
11858580,long,entry,50047.0,1227173393.0,50047.0,1227173393.0,45753.71365479097,0.0,6.130104666613383,6.130104666613383,889.7160819853966,2247.904108533726,2688.8805126001507,2270.524193091775,-511.35976247702,2648.8805126001507,1.1554765482223812,1614812833402.0,1.0,1.0,1.0,1.0060642919267773,238473.0,0.8589650911292904,24073.0
11860373,long,close,50112.0,-1227173393.0,50047.0,0.0,0.0,31.80530039350721,6.1221533415150065,37.92745373502222,895.8382353269117,2279.611459856205,2726.807966335173,2302.3294934852825,-511.35976247702,2686.8079663351728,1.1560248117904055,1614812948731.0,0.08297245824023232,1.0,0.08297245824023232,1.00607578272354,115329.0,0.8590949653982497,
11911346,long,entry,50679.5,1263090554.0,50679.5,1263090554.0,46331.95458707075,0.0,6.230776517132173,6.230776517132173,902.0690118440439,2284.8203890245272,2733.0387428523054,2302.3294934852825,-511.35976247702,2693.038742852305,1.1553564541409143,1614824390019.0,1.0,1.0,1.0,1.0060703415708303,11441288.0,0.8627871467209826,24367.5
11931303,long,stop_loss_liq_diff,49425.0,-179358859.0,50679.5,1083731695.0,45747.27657407442,-89.82857258795748,0.9072274102175013,-88.92134517773998,902.9762392542614,2210.4821444559366,2644.1173976745654,2302.3294934852825,-601.1883350649775,2604.117397674565,1.1538966040692094,1614826749021.0,0.06257110163844345,1.0,0.06257110163844345,1.0060140251550986,2359002.0,0.8642327132494934,27337.5
11998610,long,close,50745.0,-1083731695.0,50679.5,0.0,0.0,27.601805843258926,5.339105798600848,32.94091164185977,908.3153450528622,2238.0207465885314,2677.058309316425,2329.931299328541,-601.1883350649775,2637.0583093164246,1.1533592520172642,1614842505260.0,0.06733381092610762,1.0,0.06733381092610762,1.0060232017842017,15756239.0,0.8691080325026113,
12011133,long,entry,49684.5,1215699858.0,49684.5,1215699858.0,45422.31075000065,0.0,6.117098179512726,6.117098179512726,914.4324432323749,2243.134640666604,2683.1754074959376,2329.931299328541,-601.1883350649775,2643.175407495937,1.1532329800890226,1614845843301.0,1.0,1.0,1.0,1.0060178592066567,3338041.0,0.8700151242316557,23892.0
12073391,long,close,49749.0,-1215699858.0,49684.5,0.0,0.0,31.72347846819544,6.1091673098956765,37.83264577809112,920.5416105422706,2274.762732537088,2721.008053274029,2361.6547777967367,-601.1883350649775,2681.0080532740285,1.1530866828709099,1614856606181.0,0.06354439794244551,1.0,0.06354439794244551,1.0060293262255335,10762880.0,0.8745247239175816,
12086416,long,entry,48875.5,1215538313.0,48875.5,1215538313.0,44682.710887312496,0.0,6.217523672392098,6.217523672392098,926.7591342146627,2279.9605823272077,2727.225576946421,2361.6547777967367,-601.1883350649775,2687.2255769464205,1.1529887094881925,1614859519195.0,1.0,1.0,1.0,1.0060239901030383,2913014.0,0.8754681775445723,23530.0
12086637,long,close,48939.0,-1215538313.0,48875.5,0.0,0.0,32.26978509547751,6.209456226118229,38.47924132159574,932.968590440781,2312.129228072062,2765.7048182680164,2393.924562892214,-601.1883350649775,2725.7048182680164,1.1535323279347722,1614859537484.0,0.08571961680896022,1.0,0.08571961680896022,1.0060354290766307,18289.0,0.8754841854717558,
12088025,long,entry,48810.0,1233849659.0,48810.0,1233849659.0,44622.829808552255,0.0,6.319656110428191,6.319656110428191,939.2882465512092,2317.4124605803795,2772.0244743784447,2393.924562892214,-601.1883350649775,2732.0244743784447,1.1536098878898546,1614859711790.0,1.0,1.0,1.0,1.0060300994032445,174306.0,0.8755847239465553,23465.0
12088410,long,close,48873.0,-1233849659.0,48810.0,0.0,0.0,32.5855449804144,6.311509724183088,38.89705470459749,945.5997562753923,2349.930398313423,2810.921529083042,2426.5101078726284,-601.1883350649775,2770.921529083042,1.154149423163842,1614859751217.0,0.08534472018791561,1.0,0.08534472018791561,1.0060413887691935,39427.0,0.8756126110595219,
12123788,long,entry,49389.0,1268897572.0,49389.0,1268897572.0,45152.160244181956,0.0,6.4229766344732635,6.4229766344732635,952.0227329098656,2355.300006779843,2817.3445057175154,2426.5101078726284,-601.1883350649775,2777.3445057175154,1.1538468017029873,1614865825584.0,1.0,1.0,1.0,1.0060360657116239,6074367.0,0.8781751832219539,23760.0
12124389,long,close,49453.0,-1268897572.0,49389.0,0.0,0.0,33.24938868066582,6.414664287303096,39.664052967968914,958.4373971971687,2388.459155061065,2857.0085586854843,2459.7594965532944,-601.1883350649775,2817.0085586854843,1.1543875415668006,1614865855698.0,0.08394886905696985,1.0,0.08394886905696985,1.0060473800158094,30114.0,0.8782187160918058,
12124931,long,entry,49336.5,1288331097.0,49336.5,1288331097.0,45104.16395970715,0.0,6.528285838071205,6.528285838071205,964.9656830352399,2393.916802021692,2863.5368445235554,2459.7594965532944,-601.1883350649775,2823.5368445235554,1.154473471235673,1614865897377.0,1.0,1.0,1.0,1.0060420634920075,41679.0,0.8782579753521382,23776.5
12125729,long,close,49400.5,-1288331097.0,49336.5,0.0,0.0,33.83045059354013,6.5198282254228195,40.35027881896295,971.4855112606626,2427.649635114345,2903.8871233425184,2493.5899471468347,-601.1883350649775,2863.8871233425184,1.1550128939006101,1614865959419.0,0.0839562134995908,1.0,0.0839562134995908,1.0060533550649944,62042.0,0.8783157777317419,
12138670,long,entry,48931.5,1298721026.0,48931.5,1298721026.0,44733.90692053668,0.0,6.635403707223364,6.635403707223364,978.120914967886,2433.196832613584,2910.5225270497417,2493.5899471468347,-601.1883350649775,2870.5225270497417,1.1549928311077449,1614867637650.0,1.0,1.0,1.0,1.0060480450610194,1678231.0,0.8792531468977216,23530.0
12138821,long,close,48995.0,-1298721026.0,48931.5,0.0,0.0,34.39927628604246,6.626803888151852,41.02608017419431,984.7477188560379,2467.49463563921,2951.548607223936,2527.989223432877,-601.1883350649775,2911.548607223936,1.155536071047271,1614867641645.0,0.08556083115042706,1.0,0.08556083115042706,1.00605930315141,3995.0,0.8792640844407293,
12171717,long,entry,49234.5,1328211032.0,49234.5,1328211032.0,45010.914039707844,0.0,6.744310554590784,6.744310554590784,991.4920294106287,2473.1328792628483,2958.2929177785268,2527.989223432877,-601.1883350649775,2918.2929177785268,1.155190535825566,1614874337676.0,1.0,1.0,1.0,1.0060539996685944,6696031.0,0.8816468752671006,23711.0
12171817,long,close,49298.5,-1328211032.0,49234.5,0.0,0.0,35.02223195381868,6.735554996602331,41.757786950421014,998.227584407231,2508.0423891534006,3000.050704728948,2563.011455386696,-601.1883350649775,2960.050704728948,1.1557331455109174,1614874342652.0,0.08536710477713069,1.0,0.08536710477713069,1.006065245354101,4976.0,0.881654118673066,
12172658,long,entry,49196.5,1348995227.0,49196.5,1348995227.0,44976.17387129757,0.0,6.855138205969937,6.855138205969937,1005.082722613201,2513.7732846935914,3006.905842934918,2563.011455386696,-601.1883350649775,2966.905842934918,1.1558164838059182,1614874421081.0,1.0,1.0,1.0,1.0060599483641715,78429.0,0.8817150357172349,23711.0
12173120,long,close,49260.0,-1348995227.0,49196.5,0.0,0.0,35.34724125693065,6.846301395655704,42.19354265258636,1011.9290240088567,2549.0470863511537,3049.0993855875045,2598.358696643627,-601.1883350649775,3009.0993855875045,1.1563546273798573,1614874449956.0,0.0847060070759675,1.0,0.0847060070759675,1.0060710389884773,28875.0,0.8817485002527948,
12182886,long,entry,49074.0,1367636398.0,49074.0,1367636398.0,44864.18254545474,0.0,6.967214808248768,6.967214808248768,1018.8962388171054,2554.8716779308493,3056.066600395753,2598.358696643627,-601.1883350649775,3016.066600395753,1.1563692413040914,1614875583079.0,1.0,1.0,1.0,1.0060657486631521,1133123.0,0.8824558912793738,23645.5
12183240,long,close,49137.5,-1367636398.0,49074.0,0.0,0.0,36.014704885172,6.958211132027475,42.97291601719947,1025.854449949133,2590.797035721228,3099.0395164129523,2634.3734015287987,-601.1883350649775,3059.0395164129527,1.1569081207569296,1614875617958.0,0.08533776665739565,1.0,0.08533776665739565,1.0060768408648633,34879.0,0.8824815329364912,
12189504,long,entry,48895.5,1384980367.0,48895.5,1384980367.0,44700.995183647145,0.0,7.081328378889673,7.081328378889673,1032.9357783280225,2596.71702624598,3106.120844791842,2634.3734015287987,-601.1883350649775,3066.1208447918425,1.1569297110769345,1614876640649.0,1.0,1.0,1.0,1.0060715571555126,1022691.0,0.8829352598861626,23530.0
12191318,long,close,48959.0,-1384980367.0,48895.5,0.0,0.0,36.73803403333644,7.072143870381339,43.81017790371778,1040.0079221984038,2633.342334973488,3149.93102269556,2671.1114355621353,-601.1883350649775,3109.9310226955604,1.1574664298698092,1614876733981.0,0.0821056646649936,1.0,0.0821056646649936,1.0060826697308913,93332.0,0.8830666552703746,
12192122,long,entry,48779.5,1404384410.0,48779.5,1404384410.0,44594.946255914365,0.0,7.197615852971023,7.197615852971023,1047.2055380513748,2639.359541826572,3157.128638548531,2671.1114355621353,-601.1883350649775,3117.1286385485314,1.1575496481636496,1614876814160.0,1.0,1.0,1.0,1.0060773925631905,80179.0,0.8831248922543362,23465.0
12192302,long,close,48842.5,-1404384410.0,48779.5,0.0,0.0,37.13567476989734,7.1883319342785486,44.32400670417589,1054.3938699856533,2676.414411431263,3201.452645252707,2708.2471103320327,-601.1883350649775,3161.4526452527075,1.1580884416753425,1614876841672.0,0.08570074308735284,1.0,0.08570074308735284,1.0060883768464153,27512.0,0.8831379303850739,
12192577,long,entry,48759.5,1426769896.0,48759.5,1426769896.0,44576.66195711475,0.0,7.315343143387442,7.315343143387442,1061.7092131290408,2682.530038299135,3208.7679883960946,2708.2471103320327,-601.1883350649775,3168.767988396095,1.158174686370764,1614876876274.0,1.0,1.0,1.0,1.0060831063531575,34602.0,0.8831578497514787,23465.0
12252462,long,stop_loss_liq_diff,47538.5,-202601326.0,48759.5,1224168570.0,44016.12208187663,-106.72182165568812,1.065459185712633,-105.65636246997549,1062.7746723147534,2594.2013192742356,3103.1116259261194,2708.2471103320327,-707.9101567206657,3063.1116259261194,1.1563457299672317,1614885030205.0,0.06229412349878512,1.0,0.06229412349878512,1.0060281535105486,8153931.0,0.8874955634138462,26260.0
12317747,long,stop_loss_liq_diff,47000.0,-173831937.0,48759.5,1050336632.9999999,43455.46372473112,-133.4632631989013,0.9246379627659574,-132.53862523613535,1063.6993102775193,2483.399028576827,2970.5730006899844,2708.2471103320327,-841.3734199195669,2930.573000689984,1.1537146586695823,1614899884382.0,0.06330739754683598,1.0,0.06330739754683598,1.0059592456458202,14854177.0,0.8922244209983442,28600.0
12350036,long,stop_loss_liq_diff,46407.5,-149147802.0,48759.5,901188830.9999999,42902.28389612708,-155.02679123705477,0.8034682001831601,-154.22332303687162,1064.5027784777026,2354.4683305180024,2816.349677653113,2708.2471103320327,-996.4002111566217,2776.3496776531124,1.151432910567733,1614903761313.0,0.0633589023659636,1.0,0.0633589023659636,1.0058771444076042,3876931.0,0.8945632443505055,30485.0
12624425,long,close,48822.5,-901188830.9999999,48759.5,0.0,0.0,23.849379947043907,4.614618418761841,28.46399836580575,1069.1173968964645,2378.264233151816,2844.8136760189186,2732.0964902790765,-996.4002111566217,2804.813676018918,1.1478630812337525,1614968758533.0,0.07338479705989022,1.0,0.07338479705989022,1.0058829500462283,64997220.0,0.9144383535448505,
12713296,long,entry,48256.0,1254737155.0,48256.0,1254737155.0,44116.35474803476,0.0,6.500420439945292,6.500420439945292,1075.6178173364099,2383.69858463961,2851.314096458864,2732.0964902790765,-996.4002111566217,2811.3140964588633,1.1465263664874015,1614992968171.0,1.0,1.0,1.0,1.0058779989695077,24209638.0,0.9208756408603428,23220.0
12714137,long,close,48318.5,-1254737155.0,48256.0,0.0,0.0,33.63318625342832,6.492012143381934,40.125198396810255,1082.1098294797919,2417.2432504993435,2891.4392948556742,2765.729676532505,-996.4002111566217,2851.439294855674,1.1470332646559673,1614993082760.0,0.08485583529290845,1.0,0.08485583529290845,1.005889194272671,114589.0,0.9209365579045117,
12787972,long,entry,47945.5,1267096066.0,47945.5,1267096066.0,43832.49102058409,0.0,6.606960329957973,6.606960329957973,1088.7167898097498,2422.7666693351885,2898.046255185632,2765.729676532505,-996.4002111566217,2858.0462551856317,1.1440813649563375,1615046161848.0,1.0,1.0,1.0,1.0058842481761425,53079088.0,0.9262847266990495,23104.0
12788740,long,close,48007.5,-1267096066.0,47945.5,0.0,0.0,34.13062879403391,6.598427672759464,40.729056466793374,1095.3152174825093,2456.8161605414275,2938.7753116524254,2799.8603053265388,-996.4002111566217,2898.775311652425,1.144576753131741,1615046277928.0,0.08566113142568486,1.0,0.08566113142568486,1.0058953791869487,116080.0,0.9263403560568636,
12802822,long,entry,47630.5,1279378755.0,47630.5,1279378755.0,43544.51332070847,0.0,6.715123476553889,6.715123476553889,1102.030340959063,2462.4300037678267,2945.4904351289792,2799.8603053265388,-996.4002111566217,2905.490435128979,1.144415509397028,1615050611224.0,1.0,1.0,1.0,1.00589043812466,4333296.0,0.9273603724849083,22923.5
12802979,long,close,47692.0,-1279378755.0,47630.5,0.0,0.0,34.63726359205555,6.706464160655876,41.34372775271142,1108.736805119719,2496.993360169093,2986.8341628816906,2834.4975689185944,-996.4002111566217,2946.83416288169,1.1449150719430465,1615050630064.0,0.08575629719900749,1.0,0.08575629719900749,1.0059015064468602,18840.0,0.927371744632274,
12822784,long,entry,47108.0,1286036776.0,47108.0,1286036776.0,43066.83603119004,0.0,6.824938311963998,6.824938311963998,1115.561743431683,2502.6990085978955,2993.659101193655,2834.4975689185944,-996.4002111566217,2953.6591011936544,1.1447345871157668,1615055300515.0,1.0,1.0,1.0,1.0058965704701588,4670451.0,0.9288063011837174,22680.0
12823372,long,close,47169.0,-1286036776.0,47108.0,0.0,0.0,35.30464814007562,6.816112149928979,42.1207602900046,1122.377855581612,2537.911964200339,3035.7798614836593,2869.80221705867,-996.4002111566217,2995.779861483659,1.1452323888484912,1615055359154.0,0.0852413757181385,1.0,0.0852413757181385,1.005907645897041,58639.0,0.9288488924107938,
13107153,long,entry,50296.0,1395569067.0,50296.0,1395569067.0,45981.35316896711,0.0,6.936779599769366,6.936779599769366,1129.3146351813814,2543.7111119457463,3042.716641083429,2869.80221705867,-996.4002111566217,3002.7166410834284,1.140424441021472,1615145174851.0,1.0,1.0,1.0,1.0059027149616144,89815697.0,0.9494043022934072,24187.0
13107409,long,close,50361.0,-1395569067.0,50296.0,0.0,0.0,35.81268632354763,6.92782642818848,42.74051275173611,1136.2424616095698,2579.442180606198,3085.4571538351647,2905.6149033822176,-996.4002111566217,3045.4571538351647,1.140906504528584,1615145186333.0,0.08511205616969882,1.0,0.08511205616969882,1.0059137208830788,11482.0,0.9494228454126785,
13107903,long,entry,50264.0,1417503625.0,50264.0,1417503625.0,45952.0982900482,0.0,7.050292580176667,7.050292580176667,1143.2927541897463,2585.3362252032252,3092.5074464153413,2905.6149033822176,-996.4002111566217,3052.5074464153413,1.140983780993949,1615145218865.0,1.0,1.0,1.0,1.0059087950492154,32532.0,0.9494586278381475,24187.0
13108272,long,close,50329.0,-1417503625.0,50264.0,0.0,0.0,36.42186554165896,7.0411871137912545,43.46305265545021,1150.3339413035376,2621.6713372231816,3135.9704990707914,2942.0367689238765,-996.4002111566217,3095.9704990707914,1.1414662951980485,1615145230941.0,0.08467425671676598,1.0,0.08467425671676598,1.0059197730661702,12076.0,0.9494853560061598,
13170738,long,entry,50089.5,1435708516.0,50089.5,1435708516.0,45792.567786876316,0.0,7.165715948452271,7.165715948452271,1157.49965725199,2627.6618757560873,3143.1362150192435,2942.0367689238765,-996.4002111566217,3103.1362150192435,1.1404841126379988,1615165382963.0,1.0,1.0,1.0,1.0059148523371708,20152022.0,0.9540100219764936,24139.5
13171221,long,close,50154.5,-1435708516.0,50089.5,0.0,0.0,37.146938890781705,7.1564292137295755,44.30336810451128,1164.6560864657195,2664.699491491459,3187.439583123755,2979.183707814658,-996.4002111566217,3147.439583123755,1.1409644557488816,1615165394259.0,0.08467038214465122,1.0,0.08467038214465122,1.005925847456118,11296.0,0.9540450076273065,
13173173,long,entry,49985.5,1456242206.0,49985.5,1456242206.0,45697.48943916809,0.0,7.283323193726181,7.283323193726181,1171.9394096594456,2670.788349681414,3194.722906317481,2979.183707814658,-996.4002111566217,3154.722906317481,1.1410273002453382,1615165691478.0,1.0,1.0,1.0,1.00592093177438,297219.0,0.9541863989117507,24073.0
13180364,long,close,50050.0,-1456242206.0,49985.5,0.0,0.0,37.54440327634937,7.273937092907093,44.81834036925646,1179.2133467523527,2708.2564822301124,3239.5412466867374,3016.7281110910076,-996.4002111566217,3199.5412466867374,1.1414219731461632,1615167291031.0,0.08215856352598847,1.0,0.08215856352598847,1.0059318005183966,1599553.0,0.9547072722347211,
13260399,long,entry,50947.5,1508530181.0,50947.5,1508530181.0,46576.96418296977,0.0,7.402375882035429,7.402375882035429,1186.615722634388,2714.444868467494,3246.9436225687728,3016.7281110910076,-996.4002111566217,3206.9436225687728,1.1403917379033464,1615188521377.0,1.0,1.0,1.0,1.005926890020399,21230346.0,0.9605045321991126,24548.0
13260669,long,close,51013.5,-1508530181.0,50947.5,0.0,0.0,38.30804067271514,7.39279887186725,45.70083954458239,1194.0085215062552,2752.650770326765,3292.644462113355,3055.0361517637225,-996.4002111566217,3252.644462113355,1.1408676421150354,1615188530282.0,0.08512066895886365,1.0,0.08512066895886365,1.0059377831261718,8905.0,0.960524089395219,
13261030,long,entry,50918.0,1532370514.0,50918.0,1532370514.0,46549.99484230491,0.0,7.523717123610512,7.523717123610512,1201.5322386298658,2758.940597842103,3300.1681792369654,3055.0361517637225,-996.4002111566217,3260.1681792369654,1.14094402477373,1615188557687.0,1.0,1.0,1.0,1.0059328777443235,27405.0,0.9605502380907541,24480.0
13261320,long,close,50984.0,-1532370514.0,50918.0,0.0,0.0,38.95852268619521,7.513977492938961,46.47250017913417,1209.0462161228047,2797.791607991859,3346.6406794160994,3093.9946744499175,-996.4002111566217,3306.6406794161,1.1414194682099004,1615188584080.0,0.08546179091738873,1.0,0.08546179091738873,1.0059437427969447,26393.0,0.9605712439680537,
13261640,long,entry,50890.0,1556643449.0,50890.0,1556643449.0,46524.396826297816,0.0,7.647098884849676,7.647098884849676,1216.6933150076543,2804.184582659593,3354.287778300949,3093.9946744499175,-996.4002111566217,3314.2877783009494,1.1414955910071367,1615188617039.0,1.0,1.0,1.0,1.0059388425346165,32959.0,0.9605944228671429,24480.0
13301417,long,close,50956.0,-1556643449.0,50890.0,0.0,0.0,39.61916370202174,7.63719409392417,47.25635779594591,1224.3305091015784,2843.690897777004,3401.544136096895,3133.613838151939,-996.4002111566217,3361.5441360968953,1.141297356240683,1615201562520.0,0.07283132732223009,1.0,0.07283132732223009,1.0059496792643625,12945481.0,0.9634756324579918,
13314763,long,entry,49952.5,1553033953.0,49952.5,1553033953.0,45667.32034631869,0.0,7.772553691006457,7.772553691006457,1232.1030627925848,2850.1887526626856,3409.3166897879014,3133.613838151939,-996.4002111566217,3369.316689787902,1.141168688082849,1615205535736.0,1.0,1.0,1.0,1.0059447841252522,3973216.0,0.9644423374181315,24073.0
13314908,long,close,50017.0,-1553033953.0,49952.5,0.0,0.0,40.09274551211763,7.762530504628427,47.85527601674606,1239.865593297213,2890.195763412685,3457.1719658046477,3173.706583664057,-996.4002111566217,3417.1719658046477,1.1416410812621554,1615205540059.0,0.08569357132351595,1.0,0.08569357132351595,1.0059555158229052,4323.0,0.9644528403567812,
13315142,long,entry,49936.0,1577910425.0,49936.0,1577910425.0,45652.23579926746,0.0,7.899663694528997,7.899663694528997,1247.765256991742,2896.7998822613117,3465.0716294991767,3173.706583664057,-996.4002111566217,3425.0716294991767,1.1417171724175723,1615205565330.0,1.0,1.0,1.0,1.0059506259130575,25271.0,0.9644697899267402,24006.5
13315795,long,close,50000.5,-1577910425.0,49936.0,0.0,0.0,40.76185704519572,7.889473230267698,48.651330275463415,1255.6547302220097,2937.4723943715994,3513.7229597746405,3214.4684407092527,-996.4002111566217,3473.72295977464,1.1421874317187928,1615205617254.0,0.08440994365802013,1.0,0.08440994365802013,1.0059613265220415,51924.0,0.9645170893676941,
13316762,long,entry,49864.0,1601408915.0,49864.0,1601408915.0,45586.4123257447,0.0,8.028883137133002,8.028883137133002,1263.6836133591428,2944.1845406742427,3521.7518429117736,3214.4684407092527,-996.4002111566217,3481.751842911773,1.1422565813616317,1615205775988.0,1.0,1.0,1.0,1.0059564418480926,158734.0,0.9645871331033793,24006.5
13316937,long,close,49928.5,-1601408915.0,49864.0,0.0,0.0,41.488365350053094,8.018511045795488,49.50687639584858,1271.7021244049383,2985.572289341172,3571.2587193076224,3255.956806059306,-996.4002111566217,3531.2587193076215,1.1427290610266831,1615205799785.0,0.08571174637495589,1.0,0.08571174637495589,1.0059671287534124,23797.0,0.9645998090638187,
13318566,long,entry,49787.5,1625134256.0,49787.5,1625134256.0,45516.47488675186,0.0,8.160352779312078,8.160352779312078,1279.8624771842503,2992.3943442646773,3579.4190720869346,3255.956806059306,-996.4002111566217,3539.4190720869337,1.1427910743499725,1615206094595.0,1.0,1.0,1.0,1.0059622492988574,294810.0,0.9647178041469948,23940.0
13321119,long,close,49852.0,-1625134256.0,49787.5,0.0,0.0,42.23242832910638,8.1497946722298,50.38222300133618,1288.01227185648,3034.513882693794,3629.8012950882708,3298.1892343884124,-996.4002111566217,3589.80129508827,1.143250715685485,1615206377049.0,0.08149581501862865,1.0,0.08149581501862865,1.0059729240432786,282454.0,0.9649027283012909,
13333465,long,entry,49336.0,1636795409.0,49336.0,1636795409.0,45103.7068529243,0.0,8.294122998419006,8.294122998419006,1296.306394854899,3041.4477695204723,3638.0954180866897,3298.1892343884124,-996.4002111566217,3598.095418086689,1.1431714502276762,1615209358401.0,1.0,1.0,1.0,1.0059680497897197,2981352.0,0.9657969992017766,23776.5
13333559,long,close,49400.0,-1636795409.0,49336.0,0.0,0.0,42.9816900322938,8.283377575910931,51.26506760820473,1304.58977243081,3084.305366040932,3689.3604856948946,3341.1709244207063,-996.4002111566217,3649.3604856948937,1.14364592162885,1615209361817.0,0.08571096138562602,1.0,0.08571096138562602,1.0059787092817671,3416.0,0.9658038080033842,
13412356,long,entry,50231.0,1693832758.0,50231.0,1693832758.0,45921.929197561694,0.0,8.43021619119667,8.43021619119667,1313.0199886220066,3091.353026776772,3697.790701886091,3341.1709244207063,-996.4002111566217,3657.79070188609,1.1425277896461132,1615232222187.0,1.0,1.0,1.0,1.0059738402150613,22860370.0,0.9715113946019241,24187.0
13412554,long,close,50296.0,-1693832758.0,50231.0,0.0,0.0,43.57913571081493,8.419321407268969,51.9984571180839,1321.4393100292757,3134.8237369274902,3749.789159004175,3384.7500601315214,-996.4002111566217,3709.789159004174,1.1429970846931372,1615232230374.0,0.085584842740707,1.0,0.085584842740707,1.0059844261464965,8187.0,0.9715257365457356,
