trade_id,side,type,price,qty,pos_price,pos_size,liq_price,pnl,fee_paid,pnl_plus_fee,fee_paid_cumsum,apparent_balance,actual_balance,profit_cumsum,loss_cumsum,pnl_plus_fees_cumsum,average_daily_gain,timestamp,closest_long_liq,closest_shrt_liq,closest_liq,avg_gain_per_tick,millis_since_prev_trade,progress,reentry_price
41599,long,entry,1124.15,25924.0,1124.15,25924.0,357.88929720805487,0.0,0.0057652448516657025,0.0057652448516657025,0.0057652448516657025,21.502479055286216,50.005765244851666,0.0,0.0,0.0057652448516657025,1.0007301596572438,1610583046414.0,1.0,1.0,1.0,1.0001153048970333,0.0,0.005073520246637553,1118.25
41626,long,close,1124.95,-25924.0,1124.15,0.0,0.0,0.0163996475624056,0.005761144939775102,0.022160792502180702,0.011526389791440803,21.512008196062155,50.02792603735385,0.0163996475624056,0.0,0.027926037353846404,1.003539632629176,1610583051568.0,0.6814230931030312,1.0,0.6814230931030312,1.000279221391246,5154.0,0.005076813235571403,
41818,long,entry,1123.7,25928.0,1123.7,25928.0,357.7451210012756,0.0,0.005768443534751267,0.005768443534751267,0.01729483332619207,21.514488626782097,50.0336944808886,0.0163996475624056,0.0,0.033694480888597673,1.004245714408105,1610583136230.0,1.0,1.0,1.0,1.0002245794328934,84662.0,0.005100230045767667,1117.2
42199,long,close,1124.5,-25928.0,1123.7,0.0,0.0,0.016415312860117933,0.005764339706536238,0.02217965256665417,0.02305917303272831,21.52402587738576,50.055874133455255,0.032814960422523534,0.0,0.05587413345525184,1.0069634881322624,1610583303860.0,0.6804848649120032,1.0,0.6804848649120032,1.000279253671578,167630.0,0.0051466977785008805,
42527,long,entry,1122.25,25909.0,1122.25,25909.0,357.2834081402452,0.0,0.005771664067721096,0.005771664067721096,0.028830837100449404,21.52650769293488,50.06164579752298,0.032814960422523534,0.0,0.06164579752297294,1.0075739811373565,1610583507116.0,1.0,1.0,1.0,1.0002464616734335,203256.0,0.005186701495919499,1116.15
42568,long,close,1123.05,-25909.0,1122.25,0.0,0.0,0.016445683644278154,0.005767552646810026,0.02221323629108818,0.03459838974725943,21.536059384540046,50.083859033814065,0.04926064406680169,0.0,0.08385903381406112,1.010305819524879,1610583519484.0,0.6813952130013865,1.0,0.6813952130013865,1.0002793349699814,12368.0,0.005191701960596826,
42613,long,entry,1122.05,25919.0,1122.05,25919.0,357.22101768797216,0.0,0.005774920903703044,0.005774920903703044,0.040373310650962474,21.53854260052864,50.08963395471777,0.04926064406680169,0.0,0.08963395471776417,1.0110066844572276,1610583534922.0,1.0,1.0,1.0,1.000255900474511,15438.0,0.005197190275486575,1116.15
43086,long,reentry,1116.15,48027.0,1118.2180239634329,73946.0,645.8758600825572,0.0,0.010757290686735654,0.010757290686735654,0.05113060133769813,21.543168235523936,50.1003912454045,0.04926064406680169,0.0,0.10039124540449983,1.0122357195420888,1610583648260.0,0.6799381617346365,1.0,0.6799381617346365,1.000250757924725,113338.0,0.005254878563105498,1108.8
43157,long,close,1119.0,-10563.0,1118.2180239634329,63383.0,601.9549041536691,0.006601219129853394,0.002359919571045576,0.00896113870089897,0.053490520908743705,21.547021525165324,50.10935238410541,0.05586186319665508,0.0,0.1093523841053988,1.0133141748307115,1610583669293.0,0.4212841180210947,1.0,0.4212841180210947,1.0002427694164628,21033.0,0.005263537904375992,1109.85
43443,long,close,1121.55,-12676.0,1118.2180239634329,50707.0,537.7909386233366,0.033677432317325916,0.0028255539209130227,0.03650298623823894,0.056316074829656726,21.56271780924777,50.14585537034365,0.08953929551398099,0.0,0.14585537034363774,1.01759207693895,1610583829568.0,0.46208399610949547,1.0,0.46208399610949547,1.0002913285184518,160275.0,0.005298419194564178,1109.85
43546,long,close,1122.2,-12676.0,1118.2180239634329,38031.0,456.62909697847056,0.040223894796718646,0.002823917305293174,0.04304781210201182,0.0591399921349499,21.581228368451633,50.18890318244566,0.12976319031069963,0.0,0.18890318244564958,1.0227219695365963,1610583899423.0,0.5199366760782534,1.0,0.5199366760782534,1.0003428719209075,69855.0,0.005310981337534049,1110.9
43609,long,close,1119.1,-38031.0,1118.2180239634329,0.0,0.0,0.026803971445508314,0.00849588955410598,0.035299860999614296,0.06763588168905588,21.596407308681467,50.22420304344527,0.15656716175620794,0.0,0.22420304344526387,1.026968886674656,1610583924017.0,0.5919311018959155,1.0,0.5919311018959155,1.0003729059638677,24594.0,0.005318664978379698,
43611,long,entry,1119.4,25930.0,1119.4,25930.0,356.3750382139083,0.0,0.00579104877613007,0.00579104877613007,0.07342693046518595,21.598897459655202,50.2299940922214,0.15656716175620794,0.0,0.22999409222139394,1.027650149716734,1610583936073.0,1.0,1.0,1.0,1.0003530880685576,12056.0,0.005318908903485909,1113.0
43621,long,close,1120.2,-25930.0,1119.4,0.0,0.0,0.016542899556877353,0.00578691305124085,0.022329812608118203,0.0792138435164268,21.608499279076693,50.25232390482952,0.1731100613130853,0.0,0.25232390482951217,1.0303428831995762,1610583948019.0,0.6816090072242399,1.0,0.6816090072242399,1.0003596208840888,11946.0,0.005320128529016965,
44265,long,entry,1118.65,25927.0,1118.65,25927.0,356.13498247629394,0.0,0.00579426093952532,0.00579426093952532,0.08500810445595211,21.610990811280686,50.25811816576904,0.1731100613130853,0.0,0.2581181657690375,1.0301501924674914,1610584374988.0,1.0,1.0,1.0,1.0003433311913361,426969.0,0.005398672413216936,1111.95
44283,long,close,1119.45,-25927.0,1118.65,0.0,0.0,0.016563164952860913,0.005790120148287105,0.022353285101148018,0.09079822460423921,21.620602723874182,50.280471450870195,0.1896732262659462,0.0,0.28047145087018555,1.0327849181016422,1610584380057.0,0.6814392571436164,1.0,0.6814392571436164,1.000349670793015,5069.0,0.005400867739172835,
44462,long,entry,1118.3,25933.0,1118.3,25933.0,356.01971306530953,0.0,0.005797415720289726,0.005797415720289726,0.09659564032452894,21.623095612633907,50.28626886659048,0.1896732262659462,0.0,0.2862688665904753,1.0330006808121976,1610584590477.0,1.0,1.0,1.0,1.0003358828460618,210420.0,0.005422699036178728,1111.95
44589,long,close,1119.1,-25933.0,1118.3,0.0,0.0,0.016577366012800417,0.005793271378786526,0.022370637391586942,0.10238891170331546,21.63271498671229,50.30863950398207,0.20625059227874662,0.0,0.30863950398206225,1.035364768859715,1610584696911.0,0.6810145031222027,1.0,0.6810145031222027,1.0003419371389068,106434.0,0.005438188280423132,
46267,long,entry,1115.45,25882.0,1115.45,25882.0,355.1180656788793,0.0,0.005800797884261957,0.005800797884261957,0.10818970958757741,21.635209329802525,50.314440301866334,0.20625059227874662,0.0,0.3144403018663242,1.03169991030625,1610586754421.0,1.0,1.0,1.0,1.000330007809709,2057510.0,0.005642841444534236,1108.8
46571,long,reentry,1108.8,47959.0,1111.1308906975798,73841.0,641.9111522572064,0.0,0.010813266594516594,0.010813266594516594,0.119002976182094,21.639859034438167,50.32525356846085,0.20625059227874662,0.0,0.3252535684608408,1.0326933519796204,1610586812299.0,0.6797131312930064,1.0,0.6797131312930064,1.0003242527937366,57878.0,0.005679918060678322,1101.45
46861,long,close,1111.9,-10548.0,1111.1308906975798,63293.0,598.2706731235984,0.006566398468274464,0.0023716161525317025,0.008938014620806166,0.1213745923346257,21.64370238072511,50.334191583081655,0.2128169907470211,0.0,0.334191583081647,1.033298324502924,1610586969374.0,0.42044858048284,1.0,0.42044858048284,1.0003172690759905,157075.0,0.00571528720107893,1102.5
46954,long,close,1114.45,-12658.0,1111.1308906975798,50635.0,534.5126054703335,0.03392820125858361,0.0028395172506617615,0.03676771850924537,0.12421410958528746,21.659512499684087,50.3709593015909,0.2467451920056047,0.0,0.37095930159089235,1.0368216274911415,1610587060026.0,0.4619868047449655,1.0,0.4619868047449655,1.0003360473260812,90652.0,0.005726629718517745,1103.55
46964,long,close,1115.1,-12658.0,1111.1308906975798,37977.0,453.8594433389455,0.04054890330478503,0.0028378620751502107,0.04338676537993524,0.12705197166043766,21.67816880879746,50.414346066970836,0.28729409531038974,0.0,0.4143460669708276,1.0411865290020887,1610587064728.0,0.5204229460586484,1.0,0.5204229460586484,1.0003588806140546,4702.0,0.005727849344048801,1103.55
46966,long,close,1115.25,-37977.0,1111.1308906975798,0.0,0.0,0.12623695706289578,0.008513113651647614,0.1347500707145434,0.13556508531208528,21.73611133920471,50.549096137685375,0.4135310523732855,0.0,0.549096137685371,1.0548628689893906,1610587066240.0,1.0,1.0,1.0,1.000455189372186,1512.0,0.005728093269155012,
46987,long,entry,1113.45,25959.0,1113.45,25959.0,354.4806033059396,0.0,0.005828505994880776,0.005828505994880776,0.14139359130696605,21.738617596782507,50.55492464368025,0.4135310523732855,0.0,0.5549246436802519,1.055338844908688,1610587103210.0,1.0,1.0,1.0,1.0004415917342617,36970.0,0.005730654482770228,1106.7
47009,long,close,1114.25,-25959.0,1113.45,0.0,0.0,0.016738810126648265,0.005824321292349114,0.02256313141899738,0.14721791259931516,21.748319743292676,50.57748777509925,0.43026986249993376,0.0,0.5774877750992492,1.0575637585716142,1610587125816.0,0.6814516505158702,1.0,0.6814516505158702,1.0004417731774615,22606.0,0.00573333765893855,
47032,long,entry,1113.35,25971.0,1113.35,25971.0,354.4464368393416,0.0,0.005831724075986887,0.005831724075986887,0.15304963667530205,21.75082738464535,50.58331949917524,0.43026986249993376,0.0,0.5833194991752361,1.0580079478254716,1610587170459.0,1.0,1.0,1.0,1.0004296797804,44643.0,0.005736142797659978,1106.7
47232,long,close,1114.15,-25971.0,1113.35,0.0,0.0,0.01674955530508736,0.005827536687160615,0.022577091992247975,0.15887717336246268,21.76053553420202,50.60589659116749,0.44701941780502114,0.0,0.6058965911674841,1.0596042085644364,1610587373603.0,0.6806357283963224,1.0,0.6806357283963224,1.0004302745950713,203144.0,0.005760535308281086,
47249,long,entry,1112.85,25974.0,1112.85,25974.0,354.2880317055325,0.0,0.005835018196522442,0.005835018196522442,0.16471219155898512,21.763044592026525,50.611731609364014,0.44701941780502114,0.0,0.6117316093640065,1.0601218605583722,1610587393851.0,1.0,1.0,1.0,1.0004194118589018,20248.0,0.005762608671683881,1106.7
47384,long,close,1113.65,-25974.0,1112.85,0.0,0.0,0.016766540860122296,0.005830826561307412,0.022597367421429707,0.17054301812029252,21.77276146001774,50.63432897678545,0.46378595866514344,0.0,0.6343289767854362,1.06179909474585,1610587562599.0,0.68097966619645,1.0,0.68097966619645,1.0004203142775174,168748.0,0.005779073616353129,
48723,long,entry,1111.1,25948.0,1111.1,25948.0,353.73348446661606,0.0,0.005838358383583837,0.005838358383583837,0.17638137650387636,21.775271954122683,50.64016733516903,0.46378595866514344,0.0,0.64016733516902,1.0549985824981438,1610589928590.0,1.0,1.0,1.0,1.0004104737958153,2365991.0,0.005942381474961454,1104.6
48775,long,close,1111.9,-25948.0,1111.1,0.0,0.0,0.016802542339663044,0.00583415774799892,0.022636700087661964,0.18221553425187528,21.785005735160375,50.66280403525669,0.4805885010048065,0.0,0.662804035256682,1.0568595245652257,1610589972545.0,0.6814646695482971,1.0,0.6814646695482971,1.0004116155559954,43955.0,0.005948723527722942,
48865,long,entry,1110.8,25955.0,1110.8,25955.0,353.63250298485127,0.0,0.005841510622974434,0.005841510622974434,0.18805704487484973,21.787517584728256,50.66864554587966,0.4805885010048065,0.0,0.6686455458796564,1.0568821374161201,1610590144648.0,1.0,1.0,1.0,1.0004026350604083,172103.0,0.005959700157502441,1104.6
49180,long,close,1111.6,-25955.0,1110.8,0.0,0.0,0.01681615148750954,0.005837306585102555,0.022653458072612098,0.1938943514599523,21.797258571699476,50.691299003952274,0.497404652492316,0.0,0.6912990039522685,1.0579561888147284,1610590456105.0,0.6806929995622111,1.0,0.6806929995622111,1.0004039425381768,311457.0,0.005998118361730687,
49254,long,entry,1109.9,25949.0,1109.9,25949.0,353.350141696132,0.0,0.005844895936570862,0.005844895936570862,0.19973924739652316,21.799771876952203,50.69714389988884,0.497404652492316,0.0,0.6971438998888394,1.058217539505321,1610590540230.0,1.0,1.0,1.0,1.0003956945592087,84125.0,0.006007143590660498,1103.55
49521,long,reentry,1103.55,48083.0,1105.775742246596,74032.0,638.771937086786,0.0,0.010892800507453221,0.010892800507453221,0.21063204790397638,21.804455781170407,50.7080367003963,0.497404652492316,0.0,0.7080367003962926,1.0585810173846486,1610590738744.0,0.6797914438639492,1.0,0.6797914438639492,1.0003906709422332,198514.0,0.006039707592339678,1096.0
49683,long,close,1106.55,-10576.0,1105.775742246596,63456.0,595.3375506321792,0.006692199886518325,0.002389408521982739,0.009081608408501064,0.21302145642595913,21.808360872786064,50.7171183088048,0.5040968523788344,0.0,0.7171183088047937,1.058971333747993,1610590871477.0,0.4205624663581405,1.0,0.4205624663581405,1.0003849521131256,132733.0,0.006059465525942776,1097.0
49728,long,close,1106.55,-10576.0,1105.775742246596,52880.0,543.5902655461695,0.006692199886518325,0.002389408521982739,0.009081608408501064,0.21541086494794187,21.812265964401718,50.7261999172133,0.5107890522653528,0.0,0.7261999172132947,1.0596283105614,1610590908633.0,0.46181743750481,1.0,0.46181743750481,1.0003795334610732,37156.0,0.0060649538408325265,1098.0
49772,long,close,1106.55,-10576.0,1105.775742246596,42304.0,480.8910321984927,0.006692199886518325,0.002389408521982739,0.009081608408501064,0.21780027346992462,21.816171056017374,50.7352815256218,0.5174812521518711,0.0,0.7352815256217957,1.060143712834361,1610590994360.0,0.5081521303418662,1.0,0.5081521303418662,1.0003743918935797,85727.0,0.0060703201931691705,1098.0
49773,long,close,1106.6,-42304.0,1105.775742246596,0.0,0.0,0.028496186874452385,0.009557202241098862,0.03805338911555125,0.22735747571102347,21.83253401333706,50.77333491473735,0.5459774390263236,0.0,0.773334914737347,1.0633183619685358,1610590997696.0,1.0,1.0,1.0,1.0003837813275458,3336.0,0.006070442155722276,
49814,long,entry,1108.35,25955.0,1108.35,25955.0,352.85951808034156,0.0,0.005854423241755764,0.005854423241755764,0.23321189895277922,21.835051415331016,50.779189337979105,0.5459774390263236,0.0,0.7791893379791027,1.0636737243904186,1610591042155.0,1.0,1.0,1.0,1.0003772322688875,44459.0,0.006075442620399603,1102.5
49833,long,close,1109.15,-25955.0,1108.35,0.0,0.0,0.016890550758349387,0.005850200604066177,0.022740751362415566,0.2390620995568454,21.84482993841685,50.80193008934152,0.5628679897846729,0.0,0.8019300893415183,1.0654854740100568,1610591071315.0,0.6815922053055933,1.0,0.6815922053055933,1.0003789132532885,29160.0,0.006077759908908608,
50698,long,entry,1106.85,25934.0,1106.85,25934.0,352.3775536024431,0.0,0.005857613949496319,0.005857613949496319,0.24491971350634173,21.847348712415133,50.80778770329101,0.5628679897846729,0.0,0.8077877032910147,1.0619640440697882,1610592430429.0,1.0,1.0,1.0,1.0003727819927517,1359114.0,0.006183257517344904,1101.0
50974,long,reentry,1101.0,48055.0,1103.050492640798,73989.0,637.1159172099641,0.0,0.010911671207992734,0.010911671207992734,0.2558313847143345,21.85204073103457,50.818699374499005,0.5628679897846729,0.0,0.8186993744990074,1.0619065432043444,1610592760079.0,0.6799331907875534,1.0,0.6799331907875534,1.0003691903919145,329650.0,0.0062169191820020345,1094.0
51428,long,reentry,1094.0,137101.0,1097.1722814913069,211090.0,885.9822710303412,0.0,0.031330210237659965,0.031330210237659965,0.28716159495199445,21.865512721436765,50.85002958473667,0.5628679897846729,0.0,0.8500295847366673,1.063816546624471,1610592942219.0,0.4176005144568179,1.0,0.4176005144568179,1.0003746857076121,182140.0,0.0062722901811119525,1079.0
51731,long,close,1097.95,-11110.0,1097.1722814913069,199980.0,875.5707706902572,0.007172641148749718,0.002529714467871943,0.009702355616621661,0.28969130941986637,21.869684734351914,50.859731940353285,0.5700406309334226,0.0,0.859731940353289,1.0640097271310607,1610593138994.0,0.1895144572745359,1.0,0.1895144572745359,1.0003706879054461,196775.0,0.006309244834702932,1079.0
51739,long,close,1098.65,-11110.0,1097.1722814913069,188870.0,864.1947393941629,0.013619826794808249,0.002528102671460429,0.01614792946626868,0.2922194120913268,21.876628344022407,50.875879869819556,0.5836604577282308,0.0,0.8758798698195577,1.0652311330945157,1610593142008.0,0.20254039738580343,1.0,0.20254039738580343,1.000369556203618,3014.0,0.006310220535127776,1080.0
51752,long,close,1099.4,-11804.0,1097.1722814913069,177066.0,850.8982186479293,0.021800123508572793,0.0026841913771147898,0.024484314885687582,0.2949036034684416,21.887156599423253,50.90036418470524,0.6054605812368036,0.0,0.9003641847052453,1.0670877011061752,1610593145456.0,0.2135820007333126,1.0,0.2135820007333126,1.000371883152412,3448.0,0.006311806048318149,1081.0
51755,long,close,1099.5,-11804.0,1097.1722814913069,165262.0,836.1904891176556,0.022776636970006037,0.0026839472487494315,0.025460584218755467,0.297587550717191,21.89810465063732,50.925824768923995,0.6282372182068097,0.0,0.9258247689240007,1.0690066566820358,1610593153551.0,0.22606919946525147,1.0,0.22606919946525147,1.0003745017880985,8095.0,0.006312171935977465,1082.0
51759,long,close,1099.6,-11804.0,1097.1722814913069,153458.0,819.8352843927345,0.02375297281894984,0.0026837031647871956,0.026436675983737036,0.30027125388197823,21.909472421310323,50.95226144490773,0.6519901910257595,0.0,0.9522614449077377,1.0710221950359788,1610593154913.0,0.23944655135053383,1.0,0.23944655135053383,1.0003773939717502,1362.0,0.0063126597861898875,1082.0
51788,long,close,1098.85,-10961.0,1097.1722814913069,142497.0,802.953345163602,0.015253026813724018,0.002493743459070847,0.017746770272794865,0.30276499734104906,21.917103532527623,50.97000821518052,0.6672432178394835,0.0,0.9700082151805325,1.0722764447602386,1610593187633.0,0.25360953715155277,1.0,0.25360953715155277,1.0003768235311477,32720.0,0.006316196700229948,1083.0
51813,long,close,1097.95,-10178.0,1097.1722814913069,132319.0,785.5690405703141,0.006570939839061622,0.0023175007969397513,0.008888440636001374,0.3050824981379888,21.920925562001102,50.97889665581652,0.6738141576785451,0.0,0.9788966558165338,1.072884721221096,1610593210010.0,0.26841296964730355,1.0,0.26841296964730355,1.0003729301095843,22377.0,0.0063192457640575865,1084.0
51837,long,close,1099.0,-11026.0,1097.1722814913069,121293.0,764.4573442278823,0.016713014050985072,0.002508189262966333,0.019221203313951406,0.30759068740095513,21.929190679426103,50.998117859130474,0.6905271717295302,0.0,0.9981178591304852,1.074315230047191,1610593221762.0,0.2844803346658949,1.0,0.2844803346658949,1.0003730076989876,11752.0,0.00632217286533212,1085.0
51840,long,close,1099.1,-11026.0,1097.1722814913069,110267.0,740.5700639764474,0.017625829723067088,0.002507961059048312,0.0201337907821154,0.31009864846000346,21.937848209462413,51.018251649912585,0.7081530014525972,0.0,1.0182516499126006,1.0758325027159816,1610593228340.0,0.30443806539476603,1.0,0.30443806539476603,1.000373411159161,6578.0,0.0063225387529914365,1085.0
51851,long,close,1100.45,-12251.0,1097.1722814913069,98016.0,709.9925881954199,0.03325814721779325,0.002783179608342042,0.03604132682613529,0.3128818280683455,21.95334597999765,51.05429297673872,0.7414111486703905,0.0,1.054292976738736,1.0785718118840328,1610593233827.0,0.32644832744297647,1.0,0.32644832744297647,1.0003794652372098,5487.0,0.006323880341075598,1086.0
51929,long,close,1097.95,-10890.0,1097.1722814913069,87126.0,678.596001681699,0.007030608650754673,0.002479621112072499,0.009510229762827171,0.31536144918041803,21.957435378795665,51.06380320650155,0.7484417573211452,0.0,1.063803206501563,1.078859089899099,1610593362213.0,0.35278706636698276,1.0,0.35278706636698276,1.0003760151162953,128386.0,0.00633339342021783,1087.0
51982,long,close,1097.95,-10890.0,1097.1722814913069,76236.0,642.0902283543624,0.007030608650754673,0.002479621112072499,0.009510229762827171,0.31784107029249054,21.96152477759368,51.07331343626437,0.7554723659718998,0.0,1.0733134362643901,1.0793460503727716,1610593431307.0,0.3810971757200976,1.0,0.3810971757200976,1.0003726854547799,69094.0,0.0063398574355324235,1088.0
52001,long,close,1097.95,-10890.0,1097.1722814913069,65346.0,599.1176753210083,0.007030608650754673,0.002479621112072499,0.009510229762827171,0.32032069140456304,21.965614176391693,51.082823666027195,0.7625029746226545,0.0,1.0828236660272172,1.0799158748509687,1610593475559.0,0.41468529776265967,1.0,0.41468529776265967,1.0003694700216597,44252.0,0.006342174724041429,1088.0
52014,long,close,1097.95,-10891.0,1097.1722814913069,54455.0,547.7878584449359,0.0070312542530182875,0.0024798488091443143,0.009511103062162601,0.32280054021370735,21.969703950708425,51.09233476908936,0.7695342288756728,0.0,1.0923347690893799,1.0805702773568095,1610593494909.0,0.45415663691599095,1.0,0.45415663691599095,1.0003663632982212,19350.0,0.006343760237231801,1089.0
52032,long,close,1097.95,-10891.0,1097.1722814913069,43564.0,485.4065507633252,0.0070312542530182875,0.0024798488091443143,0.009511103062162601,0.32528038902285167,21.973793725025157,51.10184587215153,0.7765654831286911,0.0,1.1018458721515425,1.0811510077838467,1610593535094.0,0.5006719306823427,1.0,0.5006719306823427,1.000363359563629,40185.0,0.006345955563187701,1090.0
52301,long,reentry,1090.0,80724.0,1092.513945601243,124288.0,767.5997389675782,0.0,0.01851467889908257,0.01851467889908257,0.34379506792193426,21.98175503695176,51.12036055105061,0.7765654831286911,0.0,1.1203605510506252,1.0822791763733641,1610593612550.0,0.5546524604217393,1.0,0.5546524604217393,1.0003633423477531,77456.0,0.0063787634899730924,1080.0
52495,long,close,1093.3,-10357.0,1092.513945601243,113931.0,746.1545393754595,0.006815853406657519,0.002368288667337419,0.009184142073994938,0.34616335658927166,21.985704218043576,51.1295446931246,0.7833813365353486,0.0,1.12954469312462,1.0828070432420753,1610593659229.0,0.2944855340371524,1.0,0.2944855340371524,1.0003603794168239,46679.0,0.0064024242252755685,1081.0
52570,long,close,1093.3,-10357.0,1092.513945601243,103574.0,721.9508615247648,0.006815853406657519,0.002368288667337419,0.009184142073994938,0.34853164525660907,21.989653399135396,51.13872883519859,0.790197189942006,0.0,1.138728835198615,1.0833119550088168,1610593711813.0,0.3155487415718392,1.0,0.3155487415718392,1.0003575100432285,52584.0,0.006411571416758484,1081.0
52611,long,close,1094.65,-11508.0,1092.513945601243,92066.0,691.0575567886306,0.020554640772987808,0.0026282373361348373,0.023182878109122645,0.3511598825927439,21.999622036722315,51.16191171330771,0.8107518307149939,0.0,1.1619117133077375,1.0849580801215692,1610593739306.0,0.33953813784213255,1.0,0.33953813784213255,1.0003590072077952,27493.0,0.006416571881435812,1082.0
52619,long,close,1094.85,-11508.0,1092.513945601243,80558.0,655.0099375875201,0.022475077242737986,0.0026277572270173998,0.025102834469755385,0.3537876398197613,22.01041625554431,51.187014547777466,0.8332269079577319,0.0,1.187014547777493,1.0868371664958434,1610593742442.0,0.36878191743822564,1.0,0.36878191743822564,1.0003610324232322,3136.0,0.006417547581860656,1083.0
52624,long,close,1095.05,-11508.0,1092.513945601243,69050.0,612.4058862484012,0.02439481221521881,0.0026272772932742798,0.02702208950849309,0.3564149171130356,22.022035754032963,51.21403663728596,0.8576217201729507,0.0,1.214036637285986,1.0888594853248679,1610593746472.0,0.40179009307500796,1.0,0.40179009307500796,1.000363560649678,4030.0,0.006418157394626183,1083.0
52658,long,close,1095.35,-11508.0,1092.513945601243,57542.0,561.2787722340289,0.027273100207119493,0.0026265577212763046,0.029899657928395797,0.35904147483431187,22.034892606942172,51.243936295214354,0.8848948203800702,0.0,1.243936295214382,1.0910749050432291,1610593757231.0,0.44069967921055647,1.0,0.44069967921055647,1.0003668477109684,10759.0,0.006422304121431772,1084.0
52662,long,close,1095.75,-11508.0,1092.513945601243,46034.0,498.7932451405909,0.031108365873597336,0.0026255989048596853,0.03373396477845702,0.36166707373917156,22.04939821179691,51.27767025999281,0.9160031862536675,0.0,1.277670259992839,1.0936044662447875,1610593762255.0,0.4876038230472623,1.0,0.4876038230472623,1.0003711331823668,5024.0,0.0064227919716441945,1085.0
52663,long,close,1095.95,-46034.0,1092.513945601243,0.0,0.0,0.13210553491646856,0.01050093526164515,0.1426064701781137,0.3721680090008167,22.1107189939735,51.420276730170926,1.048108721170136,0.0,1.4202767301709527,1.1044278201031195,1610593762310.0,1.0,1.0,1.0,1.0004060183184451,55.0,0.0064229139341973,
52674,long,entry,1096.15,25996.0,1096.15,25996.0,348.9719840594755,0.0,0.0059289330839757326,0.0059289330839757326,0.37809694208479244,22.113268435199608,51.426205663254905,1.048108721170136,0.0,1.4262056632549285,1.1048706640590935,1610593764258.0,1.0,1.0,1.0,1.0004018646533497,1948.0,0.0064242555222814605,1090.0
52689,long,close,1096.9,-25996.0,1096.15,0.0,0.0,0.016215515773475235,0.0059248792050323636,0.0221403949785076,0.3840218212898248,22.12278880504037,51.44834605823341,1.0643242369436112,0.0,1.448346058233436,1.106440800827225,1610593789838.0,0.6816094301724597,1.0,0.6816094301724597,1.0004022683494997,25580.0,0.006426084960578044,
52694,long,entry,1097.1,26033.0,1097.1,26033.0,349.2768987951503,0.0,0.00593223042566767,0.00593223042566767,0.38995405171549247,22.125339664123405,51.45427828865908,1.0643242369436112,0.0,1.4542782886591037,1.1068672044946581,1610593795387.0,1.0,1.0,1.0,1.0003982821779225,5549.0,0.006426694773343572,1091.0
52967,long,close,1097.85,-26033.0,1097.1,0.0,0.0,0.016210494399965625,0.005928177802067678,0.022138672202033305,0.39588222951756014,22.13485929317028,51.476416960861116,1.080534731343577,0.0,1.476416960861137,1.10705710715786,1610594119667.0,0.6798561880887715,1.0,0.6798561880887715,1.0003987202112419,324280.0,0.006459990550341385,
74874,long,entry,1144.5,27172.0,1144.5,27172.0,364.36208344992616,0.0,0.005935342944517257,0.005935342944517257,0.4018175724620774,22.13741149063642,51.482352303805634,1.080534731343577,0.0,1.4823523038056543,1.0605095597386394,1610612364789.0,1.0,1.0,1.0,1.0003948897025128,18245122.0,0.009131824201224553,1138.2
74931,long,close,1145.3,-27172.0,1144.5,0.0,0.0,0.016583512985642136,0.0059311970662708465,0.02251471005191298,0.4077487695283482,22.147092815958743,51.50486701385754,1.0971182443292191,0.0,1.5048670138575673,1.061437584704421,1610612368049.0,0.6810695580113563,1.0,0.6810695580113563,1.0003954555439307,3260.0,0.009138776066751569,
88570,long,entry,1150.75,27336.0,1150.75,27336.0,366.3566071633034,0.0,0.005938735607212688,0.005938735607212688,0.4136875051355609,22.149646472269843,51.51080574946475,1.0971182443292191,0.0,1.51080574946478,1.0487905186555952,1610623389258.0,1.0,1.0,1.0,1.0003917688346657,11021209.0,0.010802223328558094,1144.5
88654,long,close,1151.55,-27336.0,1150.75,0.0,0.0,0.01650293425650426,0.005934609873648561,0.02243754413015282,0.4196221150092095,22.15929461624581,51.53324329359491,1.1136211785857233,0.0,1.5332432935949327,1.0495122894478852,1610623399256.0,0.6809990794868707,1.0,0.6809990794868707,1.0003923379163693,9998.0,0.010812468183018958,
88673,long,entry,1150.5,27345.0,1150.5,27345.0,366.275920699735,0.0,0.005941981747066493,0.005941981747066493,0.425564096756276,22.161849668397046,51.53918527534197,1.1136211785857233,0.0,1.5391852753419992,1.0497029962892088,1610623402349.0,1.0,1.0,1.0,1.0003887857121025,3093.0,0.010814785471527965,1144.5
88694,long,close,1151.3,-27345.0,1150.5,0.0,0.0,0.016515540337544304,0.005937852861982108,0.02245339319952641,0.4315019496182581,22.171504627472842,51.5616386685415,1.1301367189232676,0.0,1.5616386685415256,1.0504254992997617,1610623411997.0,0.6815268927052125,1.0,0.6815268927052125,1.0003893790024716,9648.0,0.01081734668514318,
129100,long,entry,1222.5,29072.0,1222.5,29072.0,389.1952321319668,0.0,0.00594519427402863,0.00594519427402863,0.4374471438922867,22.174061061010676,51.567583862815525,1.1301367189232676,0.0,1.5675838628155543,1.0366363342822325,1610643525516.0,1.0,1.0,1.0,1.0003859525847132,20113519.0,0.01574536560592582,1215.55
129270,long,close,1223.35,-29072.0,1222.5,0.0,0.0,0.01652320311578536,0.005941063473249684,0.022464266589035047,0.4433882073655364,22.183720695643963,51.590048129404565,1.146659922039053,0.0,1.5900481294045894,1.037143770879078,1610643562624.0,0.6806996208614597,1.0,0.6806996208614597,1.0003865658423772,37108.0,0.01576609923995376,
129291,long,entry,1222.0,29076.0,1222.0,29076.0,389.0349338447905,0.0,0.005948445171849428,0.005948445171849428,0.44933665253738586,22.186278527067856,51.59599657457641,1.146659922039053,0.0,1.5959965745764388,1.0372805868312864,1610643567506.0,1.0,1.0,1.0,1.000383257305851,4882.0,0.015768660453568978,1215.55
129397,long,close,1222.85,-29076.0,1222.0,0.0,0.0,0.01653899790185938,0.0059443104223739635,0.022483308324233342,0.45528096295975984,22.195946349647276,51.618479882900644,1.1631989199409123,0.0,1.6184798829006721,1.0377938611674065,1610643593095.0,0.6811450423368655,1.0,0.6811450423368655,1.0003838898139388,25589.0,0.015781588484198167,
131251,long,entry,1219.4,29030.0,1219.4,29030.0,388.206036550967,0.0,0.005951697556175167,0.005951697556175167,0.46123266051593503,22.198505579596432,51.62443158045682,1.1631989199409123,0.0,1.6244315804568472,1.0371567954600212,1610645114927.0,1.0,1.0,1.0,1.0003806919119755,1521832.0,0.016007707057655845,1212.1
131455,long,close,1220.25,-29030.0,1219.4,0.0,0.0,0.01658329989018101,0.0059475517312026225,0.022530851621383633,0.4671802122471377,22.208193845793627,51.646962432078205,1.1797822198310932,0.0,1.6469624320782308,1.0376166729186818,1610645226892.0,0.6810008327778735,1.0,0.6810008327778735,1.0003813477275019,111965.0,0.016032587418489376,
132255,long,entry,1217.85,29010.0,1217.85,29010.0,387.72090044017904,0.0,0.005955166892474443,0.005955166892474443,0.4731353791396121,22.21075456755739,51.65291759897068,1.1797822198310932,0.0,1.6529175989707052,1.03736129945156,1610646007331.0,1.0,1.0,1.0,1.0003782538039065,780439.0,0.016130157460973814,1211.1
132513,long,reentry,1211.1,53755.0,1213.465945750015,82765.0,700.9496819976745,0.0,0.011096317397407317,0.011096317397407317,0.4842316965370194,22.21552598403828,51.66401391636809,1.1797822198310932,0.0,1.6640139163681125,1.037577799655168,1610646077053.0,0.6798473222078534,1.0,0.6798473222078534,1.0003763751556225,69722.0,0.01616162379967504,1203.4
133119,long,close,1214.3,-11823.0,1213.465945750015,70942.0,653.2881063452827,0.00669219213628423,0.0024341184221362104,0.00912631055842044,0.4866658149591556,22.2194502975784,51.67314022692651,1.1864744119673774,0.0,1.673140226926533,1.0376306876320416,1610646384378.0,0.4195033689460253,1.0,0.4195033689460253,1.0003741052973136,307325.0,0.016235533106857002,1203.4
133199,long,close,1214.3,-11823.0,1213.465945750015,59119.0,596.5054615475577,0.00669219213628423,0.0024341184221362104,0.00912631055842044,0.4890999333812918,22.223374611118523,51.682266537484935,1.1931666041036615,0.0,1.6822665374849535,1.0378118352244778,1610646433398.0,0.4609611730308324,1.0,0.4609611730308324,1.0003718861014184,49020.0,0.016245290111105447,1204.5
133330,long,close,1217.75,-14779.0,1213.465945750015,44340.0,507.96774707973776,0.042846394256885384,0.003034079244508315,0.045880473501393695,0.49213401262580014,22.24310321472412,51.728147010986326,1.2360129983605468,0.0,1.7281470109863473,1.038767107322867,1610646585654.0,0.5087659873609834,1.0,0.5087659873609834,1.0003776163630163,152256.0,0.01626126720556227,1205.6
133331,long,close,1217.8,-44340.0,1213.465945750015,0.0,0.0,0.1300428471193251,0.009102479881753982,0.13914532700107907,0.5012364925075541,22.302935705334583,51.86729233798741,1.366055845479872,0.0,1.8672923379874264,1.0418952385280904,1610646585802.0,1.0,1.0,1.0,1.0004029974525097,148.0,0.016261389168115377,
133687,long,entry,1213.9,29039.0,1213.9,29039.0,386.460918090525,0.0,0.005980517340802372,0.005980517340802372,0.5072170098483565,22.30550732779113,51.87327285532821,1.366055845479872,0.0,1.8732728553282287,1.0418795386966861,1610646856965.0,1.0,1.0,1.0,1.000399869907245,271163.0,0.016304807837020954,1206.7
133739,long,close,1214.75,-29039.0,1213.9,0.0,0.0,0.016739048329884404,0.005976332578719902,0.022715380908604307,0.5131933424270764,22.31527494158183,51.89598823623681,1.3827948938097563,0.0,1.895988236236833,1.0423574292865356,1610646912543.0,0.68133505001812,1.0,0.68133505001812,1.0004002788407735,55578.0,0.01631114988978244,
133936,long,entry,1213.4,29043.0,1213.4,29043.0,386.30083423409036,0.0,0.005983805834844239,0.005983805834844239,0.5191771482619206,22.31784797809081,51.901972042071655,1.3827948938097563,0.0,1.9019720420716772,1.0423527658844471,1610647161057.0,1.0,1.0,1.0,1.0003972467643605,248514.0,0.016335176512744232,1206.7
133974,long,close,1214.25,-29043.0,1213.4,0.0,0.0,0.016755149136069052,0.005979617047560223,0.022734766183629275,0.5251567653094809,22.32762392754977,51.92470680825528,1.3995500429458254,0.0,1.9247068082553065,1.0428332936443816,1610647208673.0,0.6813488128069863,1.0,0.6813488128069863,1.000397676082401,47616.0,0.016339811089762245,
140807,long,entry,1212.7,29042.0,1212.7,29042.0,386.0751555941396,0.0,0.005987053681866908,0.005987053681866908,0.5311438189913478,22.33019836063297,51.930693861937144,1.3995500429458254,0.0,1.9306938619371734,1.0394026974545847,1610654100831.0,1.0,1.0,1.0,1.0003947342810828,6892158.0,0.017173181215132432,1205.6
141628,long,close,1213.55,-29042.0,1212.7,0.0,0.0,0.01677391332730162,0.005982860203535083,0.022756773530836705,0.5371266791948829,22.33998377325123,51.95345063546798,1.4163239562731271,0.0,1.9534506354680101,1.0395471541165855,1610654773310.0,0.6805071535963757,1.0,0.6805071535963757,1.0003951825192332,672479.0,0.017273312471232084,
141858,long,entry,1210.15,28997.0,1210.15,28997.0,385.2635671672809,0.0,0.005990373094244514,0.005990373094244514,0.5431170522891274,22.342559633681756,51.95944100856222,1.4163239562731271,0.0,1.9594410085622547,1.039497840377394,1610655135016.0,1.0,1.0,1.0,1.0003923262072072,361706.0,0.01730136385844636,1203.4
142045,long,reentry,1203.4,53731.0,1205.7659432114883,82728.0,696.5023731722677,0.0,0.01116233172677414,0.01116233172677414,0.5542793840159016,22.34735943632427,51.970603340288996,1.4163239562731271,0.0,1.9706033402890288,1.0397065016483633,1610655169703.0,0.6798275017308395,1.0,0.6798275017308395,1.000390533136403,34687.0,0.017324170855877095,1195.7
142415,long,reentry,1195.7,153294.0,1199.228210717645,236022.0,968.452621803115,0.0,0.03205109977419085,0.03205109977419085,0.5863304837900924,22.36114140922717,52.00265444006319,1.4163239562731271,0.0,2.00265444006322,1.040343092996765,1610655189114.0,0.41746968329170947,1.0,0.41746968329170947,1.0003927947113946,19411.0,0.017369297000526147,1179.2
143293,long,close,1200.05,-12422.0,1199.228210717645,223600.0,957.0756861562578,0.007093340705485242,0.0025878088412982793,0.009681149546783521,0.5889182926313907,22.365304303532287,52.012335589609975,1.4234172969786123,0.0,2.0123355896100033,1.0404782679666291,1610655313531.0,0.1868575803500294,1.0,0.1868575803500294,1.000390748677804,124417.0,0.017476380122152815,1179.2
143301,long,close,1200.85,-12422.0,1199.228210717645,211178.0,944.6434241463719,0.013989279658855791,0.002586084856559937,0.01657536451541573,0.5915043774879507,22.37243171027392,52.028910954125394,1.4374065766374682,0.0,2.028910954125419,1.0408087348851256,1610655319691.0,0.2027359022397786,1.0,0.2027359022397786,1.0003900421107754,6160.0,0.01747735582257766,1180.3
143327,long,close,1200.85,-12422.0,1199.228210717645,198756.0,931.0376682672178,0.013989279658855791,0.002586084856559937,0.01657536451541573,0.5940904623445107,22.37955911701555,52.04548631864081,1.451395856296324,0.0,2.0454863186408345,1.0411390080322065,1610655326148.0,0.2132560804977331,1.0,0.2132560804977331,1.0003893482782256,6457.0,0.017480526848958403,1181.4
143338,long,close,1201.8,-13250.0,1199.228210717645,185506.0,914.9951255544697,0.023643797132580868,0.002756282243301714,0.026400079375882582,0.5968467445878124,22.39091115114718,52.071886398016694,1.475039653428905,0.0,2.071886398016717,1.041668274283098,1610655329691.0,0.22471673888981789,1.0,0.22471673888981789,1.0003904818836598,3543.0,0.017481868437042563,1182.5
143339,long,close,1201.9,-13250.0,1199.228210717645,172256.0,897.1538828801445,0.02456110547547277,0.0027560529162159913,0.02731715839168876,0.5996027975040283,22.402657529255606,52.09920355640838,1.4996007589043778,0.0,2.0992035564084057,1.042217706774202,1610655329714.0,1.0,1.0,1.0,1.0003917591593852,23.0,0.01748199039959567,1183.6
143340,long,close,1202.0,-13250.0,1199.228210717645,159006.0,877.1945789447216,0.02547826118802252,0.0027558236272878537,0.028234084815310374,0.6023586211313162,22.414798185726188,52.12743764122369,1.5250790200924003,0.0,2.127437641223716,1.042785582702506,1610655329738.0,1.0,1.0,1.0,1.0003931757534892,24.0,0.017482112362148774,1183.6
143358,long,close,1202.15,-13250.0,1199.228210717645,145756.0,854.7151969534087,0.0268537086582832,0.0027554797654202883,0.029609188423703487,0.6051141008967366,22.42753013674838,52.1570468296474,1.5519327287506834,0.0,2.1570468296474195,1.0433794126915206,1610655333070.0,0.26982596333731085,1.0,0.26982596333731085,1.0003948096276327,3332.0,0.017484307688104675,1184.7
143390,long,close,1202.35,-13250.0,1199.228210717645,132506.0,829.2060647588827,0.02868710476784661,0.002755021416392898,0.031442126184239506,0.6078691223131295,22.441050251007603,52.18848895583164,1.58061983351853,0.0,2.188488955831659,1.0440048385505905,1610655346384.0,0.28856734064141115,1.0,0.28856734064141115,1.0003967355959356,13314.0,0.017488210489804052,1185.8
143405,long,close,1202.8,-14722.0,1199.228210717645,117784.0,796.4953946520282,0.03645502390989888,0.0030599434652477556,0.039514967375146634,0.6109290657783772,22.458041686978916,52.228003923206785,1.6170748574284288,0.0,2.228003923206806,1.0447967625919363,1610655351471.0,0.3104602180708638,1.0,0.3104602180708638,1.000400041639677,5087.0,0.017490039928100637,1186.9
143421,long,close,1203.1,-14723.0,1199.228210717645,103061.0,758.0286859037147,0.03950976642992568,0.0030593882470285098,0.04256915467695419,0.6139884540254058,22.476346423490007,52.27057307788374,1.6565846238583546,0.0,2.27057307788376,1.045650077860944,1610655356421.0,0.33771638078241545,1.0,0.33771638078241545,1.0004038137930078,4950.0,0.017491991328950324,1188.0
143832,long,reentry,1188.0,190659.0,1191.939774699616,293720.0,1004.6799534230893,0.0,0.040121843434343434,0.040121843434343434,0.6541102974597492,22.493598816166774,52.31069492131808,1.6565846238583546,0.0,2.3106949213181034,1.0464193586634771,1610655424247.0,0.3619018595869231,1.0,0.3619018595869231,1.000407090375207,67826.0,0.017542117938276702,0.05
152500,long,close,1192.8,-15458.0,1191.939774699616,278262.0,994.7543629792129,0.009352841441095596,0.0032398558014755203,0.012592697242571116,0.6573501532612248,22.49901367598108,52.32328761856065,1.66593746529945,0.0,2.3232876185606743,1.0450851099262177,1610658384790.0,0.13698410563665406,1.0,0.13698410563665406,1.000405604882682,2960543.0,0.018599289348595564,1169.3
152605,long,close,1192.8,-14645.0,1191.939774699616,263617.0,984.4875647186931,0.008860936919707919,0.0030694584171696852,0.011930395336877604,0.6604196116783945,22.504143745975938,52.33521801389753,1.674798402219158,0.0,2.335218013897552,1.045273105919329,1610658468174.0,0.16547452770200258,1.0,0.16547452770200258,1.0004040331357629,83384.0,0.018612095416671647,1170.4
152618,long,close,1193.55,-14645.0,1191.939774699616,248972.0,973.2315494098085,0.016576051704600702,0.003067529638473462,0.019643581343074163,0.6634871413168679,22.51259048595346,52.35486159524061,1.6913744539237587,0.0,2.3548615952406258,1.045643958681549,1610658486722.0,0.17491823271983487,1.0,0.17491823271983487,1.0004037814515239,18548.0,0.018613680929862018,1170.4
154511,long,close,1192.8,-13103.0,1191.939774699616,235869.0,962.2574859947229,0.007927951960323172,0.002746269282360832,0.010674221242684004,0.6662334105992288,22.517180401087817,52.365535816483295,1.699302405884082,0.0,2.36553581648331,1.0445774649400439,1610660975115.0,0.1734763911593983,1.0,0.1734763911593983,1.000402043024464,2488393.0,0.018844556042890814,1171.5
154531,long,close,1193.55,-13103.0,1191.939774699616,222766.0,950.2537133170256,0.014830727585208809,0.00274454358845461,0.01757527117366342,0.6689779541876835,22.524737767692493,52.38311108765696,1.7141331334692909,0.0,2.383111087656973,1.0449068558530392,1610660977858.0,0.19317697061608788,1.0,0.19317697061608788,1.0004014704509672,2743.0,0.018846995293952926,1172.6
154546,long,close,1193.55,-12375.0,1191.939774699616,210391.0,937.8661609096226,0.014006735393952453,0.0025920573080306653,0.01659879270198312,0.6715700114957142,22.531875248554343,52.39970988035894,1.7281398688632432,0.0,2.3997098803589565,1.0452130013309417,1610660990197.0,0.20374248926007582,1.0,0.20374248926007582,1.0004007473653784,12339.0,0.018848824732249508,1173.7
154591,long,close,1192.8,-11688.0,1191.939774699616,198703.0,925.1231943115802,0.007071808174636132,0.002449698189134809,0.009521506363770941,0.6740197096848489,22.535969496290765,52.40923138672271,1.7352116770378794,0.0,2.4092313867227273,1.0453767461838994,1610661020627.0,0.21253890771652173,1.0,0.21253890771652173,1.0003988909077333,30430.0,0.01885431304713926,1173.7
154602,long,close,1193.6,-12418.0,1191.939774699616,186285.0,910.2510782315504,0.014491240391852279,0.0026009550938337804,0.01709219548568606,0.6766206647786827,22.54331914034961,52.4263235822084,1.7497029174297316,0.0,2.4263235822084135,1.045694893712178,1610661027186.0,0.2246704707412168,1.0,0.2246704707412168,1.0003982794451312,6559.0,0.01885565463522342,1174.8
154627,long,close,1194.6,-13306.0,1191.939774699616,172979.0,892.546469649047,0.024859312623901602,0.002784614096768793,0.027643926720670394,0.6794052788754514,22.5552060288395,52.45396750892907,1.7745622300536332,0.0,2.4539675089290838,1.0462048623553866,1610661046465.0,0.23751794418533217,1.0,0.23751794418533217,1.0003993544723861,19279.0,0.018858703699051058,1175.9
154631,long,close,1194.7,-13306.0,1191.939774699616,159673.0,872.7378161921057,0.025791635080342608,0.0027843810161546833,0.028576016096497292,0.6821896598916061,22.567493715760996,52.48254352502557,1.8003538651339759,0.0,2.482543525025581,1.0467409032165367,1610661048892.0,0.2528490962254754,1.0,0.2528490962254754,1.000400556272259,2427.0,0.01885919154926348,1177.0
154657,long,close,1195.9,-14515.0,1191.939774699616,145158.0,848.2049807491641,0.0403262423667058,0.003034325612509407,0.04336056797921521,0.6852239855041155,22.586138759992057,52.52590409300478,1.8406801075006818,0.0,2.525904093004796,1.0475500444074013,1610661060383.0,0.26958378357776647,1.0,0.26958378357776647,1.0004040443398146,11491.0,0.018862362575644224,1178.1
154660,long,close,1196.15,-14515.0,1191.939774699616,130643.0,820.0184986092154,0.04286298576219124,0.0030336914266605357,0.04589667718885178,0.688257676930776,22.605874331183262,52.57180077019363,1.883543093262873,0.0,2.5718007701936476,1.048412285391947,1610661061361.0,1.0,1.0,1.0,1.0004078625315913,978.0,0.01886272846330354,1178.1
154675,long,close,1196.85,-16330.0,1191.939774699616,114313.0,782.8106609887528,0.05620740925768249,0.003411037306262272,0.059618446563944764,0.6916687142370382,22.631510263205758,52.63141921675758,1.9397505025205555,0.0,2.6314192167575925,1.0495285269591952,1610661069300.0,0.31448043921650615,1.0,0.31448043921650615,1.0004137166821605,7939.0,0.018864557901600125,1179.2
154690,long,close,1197.3,-16330.0,1191.939774699616,97983.0,738.1248415989312,0.0613355034289619,0.0034097552827194524,0.06474525871168135,0.6950784695197577,22.65935072445178,52.69616447546926,2.0010860059495172,0.0,2.6961644754692737,1.050741307569041,1610661076403.0,0.34596820036030346,1.0,0.34596820036030346,1.0004202456154085,7103.0,0.018866387339896706,1180.3
154721,long,close,1198.6,-19596.0,1191.939774699616,78387.0,670.98448136119,0.09135404159528768,0.004087268479893208,0.09544131007518089,0.6991657379996509,22.70039048778411,52.79160578554444,2.092440047544805,0.0,2.7916057855444545,1.0525271103919744,1610661089335.0,0.3837404787318462,1.0,0.3837404787318462,1.0004312770312307,12932.0,0.018870168179042978,1182.5
154825,long,close,1195.05,-13064.0,1191.939774699616,65323.0,615.2281534088775,0.02852513004697986,0.002732940044349609,0.03125807009132947,0.7018986780440005,22.71383145792338,52.82286385563577,2.120965177591785,0.0,2.822863855635784,1.0530897133775174,1610661130789.0,0.43815408720017585,1.0,0.43815408720017585,1.000432543276755,41454.0,0.018882852284565956,1182.5
154834,long,close,1195.5,-13064.0,1191.939774699616,52259.0,547.0199806277327,0.03263997076620269,0.0027319113341698034,0.035371882100372495,0.7046305893781704,22.729041367226543,52.858235737736145,2.1536051483579874,0.0,2.8582357377361562,1.053750886854047,1610661135781.0,0.4849276625987882,1.0,0.4849276625987882,1.0004343953149897,4992.0,0.018883949947543905,1183.6
154835,long,close,1195.75,-52259.0,1191.939774699616,0.0,0.0,0.1397066405930701,0.010925987873719423,0.15063262846678954,0.7155565772518898,22.79381339746726,53.00886836620293,2.2933117889510575,0.0,3.008868366202946,1.0565775272440543,1610661137877.0,1.0,1.0,1.0,1.0004530965846297,2096.0,0.01888407191009701,
175202,long,entry,1230.1,30074.0,1230.1,30074.0,391.6165806467693,0.0,0.006112104706934396,0.006112104706934396,0.7216686819588242,22.796441602491242,53.01498047090987,2.2933117889510575,0.0,3.0149804709098804,1.0505089284910876,1610672064376.0,1.0,1.0,1.0,1.0004504977404138,10926499.0,0.02136808322919764,1223.6
175233,long,close,1230.95,-30074.0,1230.1,0.0,0.0,0.016882209678364294,0.0061078841545148055,0.0229900938328791,0.727776566113339,22.80632734283938,53.03797056474275,2.3101939986294218,0.0,3.0379705647427597,1.050889325886933,1610672070218.0,0.6814571493030996,1.0,0.6814571493030996,1.00045036915188,5842.0,0.02137186406834391,
175327,long,entry,1229.8,30083.0,1229.8,30083.0,391.51952580946505,0.0,0.006115425272402017,0.006115425272402017,0.733891991385741,22.808956975706515,53.044085990015155,2.3101939986294218,0.0,3.044085990015162,1.0509727978293972,1610672106558.0,1.0,1.0,1.0,1.0004478303483038,36340.0,0.02138332854833583,1222.45
175662,long,close,1230.65,-30083.0,1229.8,0.0,0.0,0.0168954990664853,0.006111201397635395,0.023006700464120698,0.7400031927833765,22.818849856906088,53.06709269047928,2.327089497695907,0.0,3.0670926904792823,1.0513179443003269,1610672181319.0,0.6804704759573451,1.0,0.6804704759573451,1.0004477243141785,74761.0,0.02142418600362619,
176011,long,entry,1228.2,30061.0,1228.2,30061.0,391.0159112053866,0.0,0.006118913857677902,0.006118913857677902,0.7461221066410544,22.82148098986489,53.073211604336954,2.327089497695907,0.0,3.07321160433696,1.0512927822343654,1610672429653.0,1.0,1.0,1.0,1.0004452431656663,248334.0,0.021466750934660026,1221.3
176262,long,reentry,1221.3,55703.0,1223.718507765496,85764.0,706.8889745186741,0.0,0.011402399082944404,0.011402399082944404,0.7575245057239988,22.826384021470556,53.0846140034199,2.327089497695907,0.0,3.0846140034199045,1.0514541083485567,1610672484481.0,0.6798232047448216,1.0,0.6798232047448216,1.0004435363014326,54828.0,0.021497363535489516,1213.25
176634,long,close,1224.6,-12252.0,1223.718507765496,73512.0,658.820461667859,0.007206919902181849,0.002501224889759922,0.009708144791941771,0.7600257306137587,22.830558523731092,53.094322148211845,2.334296417598089,0.0,3.0943221482118464,1.0515440005502126,1610672623492.0,0.4196313838106124,1.0,0.4196313838106124,1.0004416194673362,139011.0,0.02154273360524478,1214.4
176666,long,close,1227.35,-14702.0,1223.718507765496,58810.0,588.6019286650356,0.03554770626146142,0.0029946632989774724,0.03854236956043889,0.7630203939127361,22.84713174264208,53.13286451777228,2.3698441238595507,0.0,3.132864517772285,1.0521732035386098,1610672642160.0,0.46209955774995176,1.0,0.46209955774995176,1.0004436943801904,18668.0,0.021546636406944156,1214.4
176705,long,close,1228.05,-14702.0,1223.718507765496,44108.0,499.77883515704065,0.042375650756503985,0.0029929563128537114,0.0453686070693577,0.7660133502255898,22.866640243681903,53.17823312484164,2.4122197746160547,0.0,3.178233124841643,1.0529094899538245,1610672671651.0,0.5204676942726502,1.0,0.5204676942726502,1.0004466660691107,29491.0,0.021551392946515275,1215.55
176708,long,close,1228.35,-44108.0,1223.718507765496,0.0,0.0,0.13590475360045415,0.008977083078927016,0.14488183667938118,0.7749904333045168,22.92893943345404,53.32311496152102,2.548124528216509,0.0,3.323114961521024,1.0553087508967531,1610672671871.0,1.0,1.0,1.0,1.0004630345653345,220.0,0.02155175883417459,
182359,long,entry,1224.0,30102.0,1224.0,30102.0,389.6722097313279,0.0,0.00614828431372549,0.00614828431372549,0.7811387176182423,22.93158319570894,53.329263245834746,2.548124528216509,0.0,3.3292632458347495,1.053158101016411,1610676931902.0,1.0,1.0,1.0,1.0004605503356474,4260031.0,0.022240969221774022,1216.7
182372,long,close,1224.85,-30102.0,1224.0,0.0,0.0,0.01706671565225595,0.0061440176348124265,0.023210733287068377,0.7872827352530547,22.941563811022377,53.35247397912181,2.5651912438687647,0.0,3.352473979121818,1.0535214287186918,1610676941579.0,0.6815753138048393,1.0,0.6815753138048393,1.0004603707882005,9677.0,0.022242554734964396,
182468,long,entry,1223.75,30113.0,1223.75,30113.0,389.5977769395832,0.0,0.006151787538304392,0.006151787538304392,0.7934345227913591,22.94420907966385,53.35862576666012,2.5651912438687647,0.0,3.3586257666601225,1.053550250906058,1610677076143.0,1.0,1.0,1.0,1.000457940328654,134564.0,0.022254263140062527,1216.7
182810,long,close,1224.6,-30113.0,1223.75,0.0,0.0,0.017079926204664038,0.006147517556753227,0.023227443761417263,0.7995820403481123,22.954196880481263,53.38185321042154,2.5822711700734287,0.0,3.3818532104215397,1.0538132736075159,1610677280732.0,0.680448017602048,1.0,0.680448017602048,1.0004577820597738,204589.0,0.022295974333224625,
182874,long,entry,1222.7,30103.0,1222.7,30103.0,389.2569806113377,0.0,0.006155025762656416,0.006155025762656416,0.8057370661107687,22.956843541559206,53.3880082361842,2.5822711700734287,0.0,3.3880082361841963,1.0538772855117615,1610677345687.0,1.0,1.0,1.0,1.0004554033205517,64955.0,0.02230377993662338,1215.55
183115,long,close,1223.55,-30103.0,1222.7,0.0,0.0,0.0171035818667224,0.0061507498671897354,0.023254331733912136,0.8118878159779584,22.966842904204785,53.41126256791811,2.599374751940151,0.0,3.4112625679181083,1.0541995380125373,1610677433261.0,0.6803342525980638,1.0,0.6803342525980638,1.0004552665527966,87574.0,0.022333172911921814,
183653,long,entry,1221.0,30078.0,1221.0,30078.0,388.7183808221302,0.0,0.006158476658476658,0.006158476658476658,0.8180462926364351,22.96949104916793,53.417421044576585,2.599374751940151,0.0,3.417421044576585,1.0541099063083423,1610677796614.0,1.0,1.0,1.0,1.0004529376420315,363353.0,0.0223987887654926,1214.4
183781,long,close,1221.85,-30078.0,1221.0,0.0,0.0,0.017136981330622327,0.0061541924131440036,0.02329117374376633,0.8242004850495791,22.97950625387775,53.44071221832035,2.6165117332707735,0.0,3.4407122183203516,1.0544480586219738,1610677851239.0,0.681143154111943,1.0,0.681143154111943,1.0004528225690505,54625.0,0.022414399972290108,
185087,long,entry,1218.7,30038.0,1218.7,30038.0,387.9870863794472,0.0,0.006161893821284976,0.006161893821284976,0.8303623788708641,22.982155868220904,53.446874112141636,2.6165117332707735,0.0,3.4468741121416366,1.0541217482439877,1610678677088.0,1.0,1.0,1.0,1.0004505416516978,825849.0,0.02257368306664595,1212.2
185632,long,reentry,1212.2,55660.0,1214.4783145464305,85698.0,701.4881124818614,0.0,0.01147912885662432,0.01147912885662432,0.8418415077274883,22.98709189362925,53.45835324099826,2.6165117332707735,0.0,3.458353240998261,1.0542100438740685,1610678855177.0,0.6799182556783837,1.0,0.6799182556783837,1.0004489591495573,178089.0,0.022640152658088473,1204.5
186210,long,reentry,1204.5,158798.0,1207.9974870754531,244496.0,975.4851932444697,0.0,0.03295931921959319,0.03295931921959319,0.8748008269470815,23.001264400893675,53.49131256021785,2.6165117332707735,0.0,3.4913125602178545,1.0546056041404455,1610679084457.0,0.41758635685843215,1.0,0.41758635685843215,1.0004500762755228,229280.0,0.022710647013783475,1188.0
186555,long,close,1208.85,-12868.0,1207.9974870754531,231628.0,964.0226658191847,0.00751231133797596,0.0026612069322082973,0.010173518270184258,0.8774620338792898,23.005639013749853,53.501486078488036,2.6240240446087495,0.0,3.5014860784880386,1.0547059786637212,1610679196952.0,0.18851576969930145,1.0,0.18851576969930145,1.0004483549529433,112495.0,0.02275272409460489,1188.0
186563,long,close,1209.6,-12868.0,1207.9974870754531,218760.0,951.4989936580149,0.014112526943651445,0.0026595568783068786,0.016772083821958324,0.8801215907575967,23.012851009793295,53.51825816230999,2.6381365715524008,0.0,3.518258162309997,1.0549655916462628,1610679198032.0,0.20295769671832603,1.0,0.20295769671832603,1.0004474676121646,1080.0,0.022753699795029732,1189.1
186580,long,close,1209.65,-12868.0,1207.9974870754531,205892.0,937.7913572067692,0.014552250314595932,0.002659446947464142,0.017211697262060073,0.8827810377050608,23.02025203961598,53.535469859572046,2.6526888218669966,0.0,3.535469859572057,1.0552297451808894,1610679203477.0,0.21357220129100352,1.0,0.21357220129100352,1.0004466449241516,5445.0,0.022755773158432527,1190.2
186628,long,close,1208.85,-12111.0,1207.9974870754531,193781.0,923.6824689393911,0.007070376329983436,0.0025046531827770196,0.009575029512760456,0.8852856908878378,23.024369302306468,53.54504488908481,2.65975919819698,0.0,3.5450448890848176,1.0553572064491366,1610679244105.0,0.2239396249530212,1.0,0.2239396249530212,1.0004449057903755,40628.0,0.022761627360981595,1191.3
186632,long,close,1209.75,-12918.0,1207.9974870754531,180863.0,907.0752049678174,0.015491549108968753,0.002669559826410415,0.01816110893537917,0.8879552507142482,23.032178579148677,53.56320599802018,2.675250747305949,0.0,3.5632059980201967,1.0556370478434625,1610679247365.0,0.23637362025513295,1.0,0.23637362025513295,1.0004442236166131,3260.0,0.022762115211194017,1191.3
186633,long,close,1209.85,-12918.0,1207.9974870754531,167945.0,888.635962687263,0.016374157639417426,0.0026693391742778033,0.01904349681369523,0.890624589888526,23.040367282778565,53.582249494833874,2.691624904945366,0.0,3.582249494833892,1.0559319566500855,1610679247894.0,1.0,1.0,1.0,1.0004436550631157,529.0,0.022762237173747122,1192.4
186652,long,close,1210.95,-13995.0,1207.9974870754531,153950.0,866.1729530640623,0.028247008967710853,0.0028892604979561497,0.031136269465667003,0.8935138503864821,23.053755878648804,53.613385764299544,2.719871913913077,0.0,3.6133857642995593,1.0564041228443148,1610679267629.0,0.2655597647115476,1.0,0.2655597647115476,1.00044453040417,19735.0,0.022764554462256125,1193.5
186654,long,close,1211.15,-13995.0,1207.9974870754531,139955.0,840.6627779336699,0.03015545003476826,0.002888783387689386,0.033044233422457645,0.8964026337741715,23.06796489902046,53.646429997722,2.7500273639478454,0.0,3.646429997722017,1.0569152716051273,1610679269207.0,1.0,1.0,1.0,1.0004456177327004,1578.0,0.02276479838736234,1194.6
186658,long,close,1211.35,-13995.0,1207.9974870754531,125960.0,811.4436227099254,0.03206326091531318,0.0028883064349692496,0.03495156735028243,0.8992909402091408,23.082994072981084,53.681381565072286,2.7820906248631587,0.0,3.681381565072299,1.0574566249975057,1610679269405.0,1.0,1.0,1.0,1.000446912564974,198.0,0.02276528623757476,1194.6
186672,long,close,1211.9,-15745.0,1207.9974870754531,110215.0,773.0254751805055,0.04197147179642692,0.0032479990098192918,0.04521947080624621,0.9025389392189601,23.102438445427772,53.72660103587854,2.8240620966595857,0.0,3.7266010358785455,1.0581558323036584,1610679271622.0,0.33016045673606953,1.0,0.33016045673606953,1.0004493836752983,2217.0,0.022766993713318237,1195.7
186715,long,close,1212.3,-15745.0,1207.9974870754531,94470.0,727.1001687779985,0.046258198197241564,0.003246927328219088,0.04950512552546065,0.9057858665471792,23.12372564940372,53.776106161404,2.8703202948568274,0.0,3.776106161404006,1.0588937928708626,1610679323615.0,0.3618479587398311,1.0,0.3618479587398311,1.0004523149324678,51993.0,0.022772238103101777,1196.8
186729,long,close,1212.8,-15745.0,1207.9974870754531,78725.0,671.2376531336887,0.05161262980710229,0.003245588720316623,0.054858218527418914,0.9090314552674958,23.14731468337051,53.83096437993142,2.92193292466393,0.0,3.8309643799314252,1.0597364287234183,1610679334871.0,0.40035448535895546,1.0,0.40035448535895546,1.0004558189296426,11256.0,0.022773945578845253,1197.9
186746,long,close,1213.45,-15745.0,1207.9974870754531,62980.0,601.8353136151273,0.05856679410956645,0.003243850179241007,0.06181064428880746,0.9122753054467369,23.173893260414697,53.89277502422023,2.9804997187734963,0.0,3.892775024220233,1.0606912289913875,1610679337325.0,0.4466985507697411,1.0,0.4466985507697411,1.0004600654260216,2454.0,0.02277601894224805,1199.0
186901,long,close,1215.7,-20993.0,1207.9974870754531,41987.0,478.0496955104305,0.11010688946916408,0.004317060129966275,0.11442394959913035,0.9165923655767031,23.223095558742322,54.00719897381936,3.0906066082426604,0.0,4.007198973819363,1.0623997264725962,1610679441524.0,0.5039682571374537,1.0,0.5039682571374537,1.0004701979875843,104199.0,0.022794923137979407,1200.1
187375,long,close,1215.7,-41987.0,1207.9974870754531,0.0,0.0,0.22021902387185216,0.008634325902772065,0.22885334977462424,0.9252266914794751,23.32150249914541,54.236052323593974,3.3108256321145126,0.0,4.236052323593987,1.0658118010581061,1610679637434.0,0.6067538390898445,1.0,0.6067538390898445,1.0004929872595725,195910.0,0.022852733388151435,
187614,long,entry,1211.55,30306.0,1211.55,30306.0,385.7091122903034,0.0,0.00625355948990962,0.00625355948990962,0.9314802509693847,23.324191529726072,54.24230588308389,3.3108256321145126,0.0,4.242305883083897,1.0658609659445137,1610679713888.0,1.0,1.0,1.0,1.0004907116239983,76454.0,0.02288188243834366,1204.5
187783,long,close,1212.4,-30306.0,1211.55,0.0,0.0,0.017537200813010773,0.006249175189706367,0.02378637600271714,0.937729426159091,23.33441967140724,54.266092259086605,3.328362832927523,0.0,4.266092259086614,1.0661579183867536,1610679825497.0,0.6807968615961406,1.0,0.6807968615961406,1.0004903990956195,111609.0,0.022902494109818497,
189465,long,entry,1209.4,30269.0,1209.4,30269.0,385.02485486959966,0.0,0.006257028278485199,0.006257028278485199,0.9439864544375762,23.33711019356699,54.27234928736509,3.328362832927523,0.0,4.272349287365099,1.065708650287887,1610680713372.0,1.0,1.0,1.0,1.000488165962975,887875.0,0.023107635124142024,1202.3
189832,long,close,1210.25,-30269.0,1209.4,0.0,0.0,0.017578100513816593,0.006252633753356745,0.023830734267173338,0.950239088190933,23.34735740930187,54.29618002163226,3.34594093344134,0.0,4.2961800216322725,1.0658918708626195,1610681007885.0,0.6808877751692016,1.0,0.6808877751692016,1.0004878755970283,294513.0,0.023152395381131757,
195711,long,entry,1205.8,30196.0,1205.8,30196.0,383.88198987919486,0.0,0.006260573892851219,0.006260573892851219,0.9564996620837841,23.350049456075798,54.30244059552511,3.34594093344134,0.0,4.302440595525124,1.06303676826983,1610686067965.0,1.0,1.0,1.0,1.0004856835944091,5060080.0,0.023869413230839256,1199.0
195750,long,close,1206.65,-30196.0,1205.8,0.0,0.0,0.017640534733100125,0.006256163759167943,0.023896698492268068,0.962755825842952,23.360325036427472,54.32633729401738,3.36358146817444,0.0,4.326337294017392,1.0633782202512114,1610686076827.0,0.6813728503658741,1.0,0.6813728503658741,1.000485416823185,8862.0,0.02387416977041037,
196105,long,entry,1205.0,30193.0,1205.0,30193.0,383.6296960681059,0.0,0.006264107883817428,0.006264107883817428,0.9690199337267695,23.36301860281751,54.332601401901194,3.36358146817444,0.0,4.33260140190121,1.0633937756482539,1610686211130.0,1.0,1.0,1.0,1.0004832646154873,134303.0,0.02391746647676284,1197.9
196231,long,close,1205.85,-30193.0,1205.0,0.0,0.0,0.017662202433946443,0.00625969233320894,0.023921894767155383,0.9752796260599784,23.37330501756739,54.35652329666835,3.3812436706083866,0.0,4.356523296668365,1.063721386741005,1610686244317.0,0.6811588297306301,1.0,0.6811588297306301,1.0004830161800518,33187.0,0.02393283375845414,
196288,long,entry,1204.55,30198.0,1204.55,30198.0,383.48209749567127,0.0,0.006267485783072517,0.006267485783072517,0.981547111843051,23.37600003645411,54.36279078245142,3.3812436706083866,0.0,4.362790782451437,1.0638020711164844,1610686262087.0,1.0,1.0,1.0,1.0004809025013432,17770.0,0.023939785623981157,1197.9
196570,long,reentry,1197.9,55956.0,1200.2309039626716,86154.0,693.2938312623153,0.0,0.01167793638868019,0.01167793638868019,0.9932250482317312,23.38102154910124,54.3744687188401,3.3812436706083866,0.0,4.3744687188401175,1.0639223621202538,1610686348336.0,0.6798579976660923,1.0,0.6798579976660923,1.0004793817995747,86249.0,0.023974179063956918,1190.2
197146,long,reentry,1190.2,159643.0,1193.7159196410046,245797.0,963.9952676532165,0.0,0.03353280961182994,0.03353280961182994,1.0267578578435612,23.395440657234328,54.408001528451926,3.3812436706083866,0.0,4.408001528451948,1.0643363093725622,1610686472998.0,0.4174735694976976,1.0,0.4174735694976976,1.0004801619711985,124662.0,0.024044429494545713,1173.7
197326,long,close,1194.55,-12936.0,1193.7159196410046,232861.0,952.670303714417,0.0075666314822225985,0.0027072956343392914,0.01027392711656189,1.0294651534779005,23.39985844589445,54.418275455568484,3.3888103020906093,0.0,4.4182754555685095,1.0644489058377475,1610686535901.0,0.18998801138289506,1.0,0.18998801138289506,1.0004785157961904,62903.0,0.02406638275410471,1174.8
197350,long,close,1194.55,-12255.0,1193.7159196410046,220606.0,941.0015405086568,0.0071682953629126425,0.002564773345611318,0.009733068708523961,1.0320299268235118,23.40404366543911,54.428008524277004,3.395978597453522,0.0,4.4280085242770335,1.064586383575644,1610686541078.0,0.20235248987782725,1.0,0.20235248987782725,1.000476832066914,5177.0,0.024069309855379244,1174.8
197354,long,close,1195.35,-12976.0,1193.7159196410046,207630.0,927.4807228324025,0.014859978299668638,0.002713849500146401,0.01757382779981504,1.0347437763236582,23.41160041139303,54.44558235207682,3.410838575753191,0.0,4.4455823520768485,1.0648389480162919,1610686542743.0,1.0,1.0,1.0,1.0004759719452303,1665.0,0.024069797705591665,1175.9
197356,long,close,1196.25,-13842.0,1193.7159196410046,193788.0,911.5376786185172,0.02456384177054315,0.0028927899686520377,0.027456631739195186,1.0376365662923102,23.423406763040887,54.47303898381602,3.435402417523734,0.0,4.473038983816044,1.0652327824128889,1610686546569.0,1.0,1.0,1.0,1.000476129292992,3826.0,0.024070041630697876,1177.0
197357,long,close,1196.35,-13842.0,1193.7159196410046,179946.0,893.8054058764782,0.02553104700936139,0.002892548167342333,0.028423595176703724,1.0405291144596525,23.43562890896687,54.50146257899272,3.4609334645330954,0.0,4.501462578992747,1.0656425771334967,1610686546770.0,1.0,1.0,1.0,1.0004763815673368,201.0,0.02407016359325098,1178.1
197361,long,close,1197.45,-14995.0,1193.7159196410046,164951.0,872.1584572805627,0.03917164012563274,0.003130610881456428,0.04230225100708917,1.0436597253411088,23.453818876899916,54.54376482999981,3.500105104658728,0.0,4.543764829999836,1.0662522048823253,1610686547334.0,0.25320181653801377,1.0,0.25320181653801377,1.0004780284961083,564.0,0.024070651443463403,1178.1
197492,long,close,1194.55,-11782.0,1193.7159196410046,153169.0,853.2000934890884,0.0068916243138177685,0.002465782093675443,0.009357406407493211,1.0461255074347844,23.457842561655138,54.5531222364073,3.506996728972546,0.0,4.553122236407329,1.0663591585755177,1610686595130.0,0.26786278507402916,1.0,0.26786278507402916,1.0004763535375099,47796.0,0.02408662853792023,1179.2
197510,long,close,1194.55,-11782.0,1193.7159196410046,141387.0,832.0980064078034,0.0068916243138177685,0.002465782093675443,0.009357406407493211,1.04859128952846,23.46186624641036,54.562479642814786,3.513888353286364,0.0,4.562479642814822,1.066485877850214,1610686608998.0,0.28533727563003014,1.0,0.28533727563003014,1.000474696627764,13868.0,0.024088823863876133,1180.3
197543,long,close,1194.55,-11782.0,1193.7159196410046,129605.0,808.4668035067195,0.0068916243138177685,0.002465782093675443,0.009357406407493211,1.0510570716221355,23.465889931165577,54.571837049222275,3.520779977600182,0.0,4.5718370492223155,1.0666137866110912,1610686620774.0,0.3029545496060286,1.0,0.3029545496060286,1.0004730574741973,11776.0,0.024092848628128615,1180.3
197547,long,close,1195.9,-12960.0,1193.7159196410046,116645.0,778.907243704177,0.019827947633871967,0.0027092566268082613,0.02253720426068023,1.0537663282489438,23.47558092899767,54.594374253482954,3.540607925234054,0.0,4.594374253482996,1.0669378690254614,1610686621739.0,1.0,1.0,1.0,1.0004727344798903,965.0,0.024093336478341037,1181.4
197574,long,close,1197.55,-14580.0,1193.7159196410046,102065.0,740.1530873349897,0.0391042620175453,0.0030437142499269345,0.042147976267472236,1.0568100424988707,23.493704558792682,54.636522229750426,3.5797121872515993,0.0,4.636522229750468,1.0675330351818364,1610686641703.0,0.3488214323419497,1.0,0.3488214323419497,1.0004743347018494,19964.0,0.024096629467274887,1182.5
197625,long,close,1196.5,-14580.0,1193.7159196410046,87485.0,694.1659070271037,0.028420100003593247,0.0030463852904304223,0.03146648529402367,1.059856427789301,23.507235147469114,54.66798871504445,3.6081322872551924,0.0,4.667988715044491,1.067967879831562,1610686672083.0,0.380935858702752,1.0,0.380935858702752,1.000474875043254,30380.0,0.024102849557483267,1183.6
197643,long,close,1196.8,-14580.0,1193.7159196410046,72905.0,638.5999646356721,0.03147463070923976,0.003045621657754011,0.03452025236699377,1.062902049447055,23.522078855986923,54.70250896741145,3.639606917964432,0.0,4.702508967411485,1.068455595254322,1610686687130.0,0.4194723754738836,1.0,0.4194723754738836,1.0004757034323044,15047.0,0.024105044883439168,1184.7
198032,long,reentry,1184.7,135092.0,1187.8601687592968,207997.0,923.2571432626787,0.0,0.02850763906474213,0.02850763906474213,1.091409688511797,23.53433714078476,54.73101660647619,3.639606917964432,0.0,4.731016606476227,1.0688111410869081,1610686777163.0,0.4609378595908732,1.0,0.4609378595908732,1.0004759425641871,90033.0,0.024152488316597224,1170.4
198780,long,close,1188.7,-12235.0,1187.8601687592968,195762.0,909.4170522441538,0.007277101240682912,0.0025731891982838395,0.009850290438966751,1.0939828777100808,23.538572765673518,54.74086689691516,3.646884019205115,0.0,4.740866896915193,1.068872259209982,1610686909837.0,0.21757869215027228,1.0,0.21757869215027228,1.0004743927749875,132674.0,0.024243716306320173,1170.4
198846,long,close,1188.7,-12235.0,1187.8601687592968,183527.0,894.2248714455334,0.007277101240682912,0.0025731891982838395,0.009850290438966751,1.0965560669083647,23.542808390562275,54.75071718735413,3.6541611204457976,0.0,4.75071718735416,1.0690004804559645,1610686931568.0,0.2339493305444521,1.0,0.2339493305444521,1.000472858963064,21731.0,0.024251765834825138,1171.5
198859,long,close,1189.65,-13109.0,1187.8601687592968,170418.0,876.1698563084069,0.01660340336810771,0.002754801832471735,0.019358205200579445,1.0993108687408364,23.551132418798524,54.77007539255471,3.6707645238139053,0.0,4.770075392554739,1.0692757385421177,1610686935795.0,0.24776036050848926,1.0,0.24776036050848926,1.0004722408483198,4227.0,0.02425335134801551,1172.6
198874,long,close,1189.75,-13109.0,1187.8601687592968,157309.0,856.0016574349344,0.017529581752631623,0.002754570287875604,0.020284152040507226,1.102065439028712,23.559854604175943,54.79035954459522,3.688294105566537,0.0,4.790359544595247,1.069561344659671,1610686944747.0,0.26325847693217835,1.0,0.26325847693217835,1.0004717156162939,8952.0,0.024255180786312093,1173.7
198893,long,close,1189.8,-13109.0,1187.8601687592968,144200.0,833.3296649881946,0.017992612562494414,0.0027544545301731384,0.02074706709266755,1.104819893558885,23.568775843025794,54.81110661168789,3.7062867181290313,0.0,4.811106611687914,1.0698558334538575,1610686949929.0,0.28051972478677506,1.0,0.28051972478677506,1.000471238399923,5182.0,0.0242574980748211,1173.7
198901,long,close,1191.15,-14420.0,1187.8601687592968,129780.0,804.8361336221647,0.033527958160471986,0.0030264870083532716,0.03655444516882526,1.1078463805672383,23.584494254448387,54.847661056856715,3.7398146762895035,0.0,4.847661056856739,1.0703785017815841,1610686952687.0,0.3001934287972836,1.0,0.3001934287972836,1.000472236661738,2758.0,0.024258473775245943,1174.8
198910,long,close,1191.4,-14420.0,1187.8601687592968,115360.0,771.8339122980507,0.0360682359918912,0.0030258519388954167,0.039094087930786614,1.1108722325061338,23.601304712258624,54.8867551447875,3.7758829122813946,0.0,4.886755144787526,1.0709390424855803,1610686952928.0,0.3243484439034884,1.0,0.3243484439034884,1.0004734575268055,241.0,0.024259571438223892,1175.9
198978,long,close,1191.7,-14420.0,1187.8601687592968,100940.0,733.1640161148894,0.03911516250584224,0.0030250902072669296,0.042140252713109165,1.1138973227134006,23.619425020925263,54.92889539750061,3.814998074787237,0.0,4.928895397500635,1.071528821404824,1610686975923.0,0.35148181968823206,1.0,0.35148181968823206,1.0004749437220344,22995.0,0.02426786489183507,1177.0
199056,long,close,1192.55,-16823.0,1187.8601687592968,84117.0,678.6998375786945,0.05569532514208159,0.0035266865120959293,0.05922201165417752,1.1174240092254966,23.64489048593656,54.98811740915479,3.8706933999293187,0.0,4.988117409154812,1.0723485786238325,1610687021533.0,0.3843096942266633,1.0,0.3843096942266633,1.0004779740392176,45610.0,0.0242773779709773,1178.1
199067,long,close,1193.2,-16823.0,1187.8601687592968,67294.0,610.6128130978744,0.06338002588918992,0.0035247653369091516,0.06690479122609908,1.1209487745624056,23.673659546163783,55.05502220038089,3.9340734258185086,0.0,5.055022200380911,1.0733017045097621,1610687029456.0,0.4310266692554013,1.0,0.4310266692554013,1.0004816663809024,7923.0,0.024278719559061464,1179.2
199195,long,close,1188.7,-11215.0,1187.8601687592968,56079.0,555.1389054326919,0.006670428313384459,0.002358669134348448,0.009029097447732906,1.123307443696754,23.677542058066305,55.06405129782862,3.940743854131893,0.0,5.064051297828644,1.073397304236938,1610687081575.0,0.4860161505910148,1.0,0.4860161505910148,1.00048008570811,52119.0,0.024294330765858973,1179.2
199473,long,close,1188.7,-11215.0,1187.8601687592968,44864.0,488.5623672459532,0.006670428313384459,0.002358669134348448,0.009029097447732906,1.1256661128311025,23.68142456996883,55.07308039527635,3.9474142824452776,0.0,5.073080395276376,1.0734348884381917,1610687223336.0,0.5316074034486231,1.0,0.5316074034486231,1.000478520554833,141761.0,0.024328236355622316,1180.3
199476,long,close,1188.75,-44864.0,1187.8601687592968,0.0,0.0,0.028271561181991582,0.009435120925341746,0.03770668210733333,1.1351012337564443,23.69763844327498,55.11078707738368,3.9756858436272693,0.0,5.110787077383709,1.073973658056858,1610687223503.0,0.5889943911449875,1.0,0.5889943911449875,1.0004795359470173,167.0,0.024328602243281632,
199486,long,entry,1189.45,30233.0,1189.45,30233.0,378.6728945841519,0.0,0.006354407499264366,0.006354407499264366,1.1414556412557086,23.700370838499666,55.11714148488294,3.9756858436272693,0.0,5.117141484882974,1.074062446628948,1610687226596.0,1.0,1.0,1.0,1.0004777501650943,3093.0,0.024329821868812686,1182.5
199632,long,reentry,1182.5,56021.0,1184.936053400422,86254.0,684.5201435518269,0.0,0.011843763213530655,0.011843763213530655,1.1532994044692393,23.705463656681484,55.12898524809648,3.9756858436272693,0.0,5.128985248096504,1.0742077047593859,1610687263332.0,0.6797556813529944,1.0,0.6797556813529944,1.0004764677209246,36736.0,0.024347628401566096,1174.8
200696,long,close,1185.75,-12322.0,1184.936053400422,73932.0,637.9773984879572,0.007138205894136022,0.002597933797174784,0.009736139691310805,1.1558973382664142,23.70965019674875,55.13872138778779,3.982824049521405,0.0,5.1387213877878155,1.0740792355421929,1610687674090.0,0.4175288090947695,1.0,0.4175288090947695,1.0004750118670303,410758.0,0.024477396558070397,1175.9
201081,long,close,1185.75,-12322.0,1184.936053400422,61610.0,582.5263954989135,0.007138205894136022,0.002597933797174784,0.009736139691310805,1.158495272063589,23.713836736816013,55.1484575274791,3.989962255415541,0.0,5.148457527479127,1.0740572261909997,1610687921537.0,0.4592953652954003,1.0,0.4592953652954003,1.000473569930751,247447.0,0.02452435214101603,1175.9
201177,long,close,1185.75,-12322.0,1184.936053400422,49288.0,515.3389211645701,0.007138205894136022,0.002597933797174784,0.009736139691310805,1.161093205860764,23.71802327688328,55.158193667170416,3.9971004613096768,0.0,5.158193667170438,1.0741410904236606,1610688005399.0,0.5077934976773016,1.0,0.5077934976773016,1.000472141711376,83862.0,0.024536060546114163,1177.0
201187,long,close,1185.95,-49288.0,1184.936053400422,0.0,0.0,0.03556272125432152,0.010389982714279692,0.04595270396860121,1.1714831885750436,23.737782939589778,55.20414637113902,4.032663182563998,0.0,5.204146371139039,1.074786912553848,1610688014549.0,0.5654448763263596,1.0,0.5654448763263596,1.0004738685103363,9150.0,0.02453728017164522,
201296,long,entry,1185.6,30187.0,1185.6,30187.0,377.4541790744819,0.0,0.006365342442645075,0.006365342442645075,1.1778485310176887,23.740520036840113,55.21051171358166,4.032663182563998,0.0,5.210511713581684,1.0748041605684269,1610688126255.0,1.0,1.0,1.0,1.0004721607629103,111706.0,0.024550574089933722,1179.2
201564,long,close,1186.45,-30187.0,1185.6,0.0,0.0,0.01824110944835136,0.006360782165282987,0.02460189161363435,1.1842093131829716,23.751098850233976,55.235113605195295,4.0509042920123495,0.0,5.235113605195318,1.0750347880569247,1610688306177.0,0.6806648231180357,1.0,0.6806648231180357,1.0004720348883738,179922.0,0.024583260054166008,
217725,long,entry,1213.45,30913.0,1213.45,30913.0,386.3169477913198,0.0,0.006368824426222754,0.006368824426222754,1.1905781376091944,23.753837444737254,55.24148242962152,4.0509042920123495,0.0,5.2414824296215405,1.069558734550278,1610697484512.0,1.0,1.0,1.0,1.0004703518964189,9178335.0,0.026554296874904716,1206.7
217743,long,close,1214.3,-30913.0,1213.45,0.0,0.0,0.01783249859931792,0.006364366301572923,0.024196864900890843,1.1969425039107673,23.764242096644637,55.265679294522414,4.068736790611667,0.0,5.265679294522432,1.0698730329376596,1610697487517.0,0.6814931587176851,1.0,0.6814931587176851,1.0004702001002521,3005.0,0.026556492200860617,
218032,long,entry,1212.85,30915.0,1212.85,30915.0,386.12754284654426,0.0,0.006372387352104548,0.006372387352104548,1.203314891262872,23.766982223206043,55.272051681874515,4.068736790611667,0.0,5.272051681874537,1.069866377168652,1610697646824.0,1.0,1.0,1.0,1.000468541417256,159307.0,0.02659173937870812,1205.6
218495,long,reentry,1205.6,57285.0,1208.1411989795918,88200.0,697.9588886559006,0.0,0.011878939946914401,0.011878939946914401,1.2151938312097863,23.772090167383215,55.28393062182143,4.068736790611667,0.0,5.283930621821451,1.0699797055041098,1610697720487.0,0.6797083962950153,1.0,0.6797083962950153,1.0004673616230155,73663.0,0.026648208040795988,1197.9
219010,long,close,1209.0,-12600.0,1208.1411989795918,75600.0,650.5037309306867,0.007408309223243606,0.00260545905707196,0.010013768280315565,1.2177992902668582,23.776396087743752,55.29394439010175,4.0761450998349105,0.0,5.293944390101767,1.069973842031416,1610697962254.0,0.42013135990038586,1.0,0.42013135990038586,1.000466036303803,241767.0,0.02671101875564534,1199.0
219099,long,close,1209.0,-12600.0,1208.1411989795918,63000.0,593.9654264082898,0.007408309223243606,0.00260545905707196,0.010013768280315565,1.22040474932393,23.78070200810429,55.303958158382066,4.083553409058154,0.0,5.303958158382082,1.070069221237888,1610698024061.0,0.4610127343353329,1.0,0.4610127343353329,1.000464723050035,61807.0,0.026721873422871734,1199.0
219259,long,close,1209.0,-12600.0,1208.1411989795918,50400.0,525.4601485440232,0.007408309223243606,0.00260545905707196,0.010013768280315565,1.223010208381002,23.785007928464825,55.31397192666238,4.090961718281397,0.0,5.313971926662398,1.070111389547827,1610698180108.0,0.5085711939698923,1.0,0.5085711939698923,1.000463421695705,156047.0,0.026741387431368623,1200.1
219260,long,close,1210.1,-50400.0,1208.1411989795918,0.0,0.0,0.06752769140455414,0.010412362614659946,0.07794005401921408,1.2334225709956619,23.818522151693088,55.3919119806816,4.158489409685951,0.0,5.391911980681612,1.07112103819918,1610698183132.0,1.0,1.0,1.0,1.0004677375950326,3024.0,0.02674150939392173,
232694,long,entry,1214.55,31029.0,1214.55,31029.0,386.6683800666517,0.0,0.006386933432135359,0.006386933432135359,1.2398095044277972,23.821268533068903,55.39829891411373,4.158489409685951,0.0,5.398298914113747,1.0656686247568796,1610708673306.0,1.0,1.0,1.0,1.0004661353452047,10490174.0,0.028379954332341615,1207.8
232761,long,close,1215.4,-31029.0,1214.55,0.0,0.0,0.017867017993470437,0.006382466677636992,0.02424948467110743,1.2461919711054343,23.831695811477477,55.42254839878483,4.176356427679422,0.0,5.422548398784854,1.065947936448678,1610708693855.0,0.6815578504701242,1.0,0.6815578504701242,1.0004660068113762,20549.0,0.028388125823399685,
232790,long,entry,1214.35,31041.0,1214.35,31041.0,386.6042839221244,0.0,0.006390455799398856,0.006390455799398856,1.2525824269048331,23.83444370747122,55.42893885458423,4.176356427679422,0.0,5.428938854584253,1.0660208055608709,1610708700732.0,1.0,1.0,1.0,1.0004644267944454,6877.0,0.028391662737439746,1207.8
233133,long,close,1215.2,-31041.0,1214.35,0.0,0.0,0.017879813790287122,0.006385985845951284,0.024265799636238407,1.2589684127507843,23.844878001314804,55.45320465422047,4.194236241469709,0.0,5.4532046542204915,1.0662785525886431,1610708765228.0,0.6806374921133993,1.0,0.6806374921133993,1.0004643073101196,64496.0,0.02843349589315495,
233184,long,entry,1213.35,31032.0,1213.35,31032.0,386.28082110850517,0.0,0.006393868216095933,0.006393868216095933,1.2653622809668803,23.84762736464772,55.459598522436565,4.194236241469709,0.0,5.459598522436587,1.0663504985696268,1610708773917.0,1.0,1.0,1.0,1.000462748980317,8689.0,0.028439715983363333,1206.7
233287,long,close,1214.2,-31032.0,1213.35,0.0,0.0,0.017904094823530163,0.006389392192390051,0.024293487015920212,1.2717516731592704,23.85807356406457,55.48389200945248,4.212140336293239,0.0,5.483892009452507,1.0666124465959097,1610708829819.0,0.6812075422064,1.0,0.6812075422064,1.00046263915843,55902.0,0.028452278126333202,
233348,long,entry,1212.95,31039.0,1212.95,31039.0,386.1540180822069,0.0,0.006397419514407024,0.006397419514407024,1.2781490926736774,23.860824454455763,55.49028942896689,4.212140336293239,0.0,5.490289428966914,1.0666757947431822,1610708855857.0,1.0,1.0,1.0,1.0004611020039418,26038.0,0.02845971784207264,1205.6
233396,long,close,1213.8,-31039.0,1212.95,0.0,0.0,0.017919942617384818,0.006392939528752677,0.024312882146137495,1.2845420322024301,23.8712789937786,55.51460231111302,4.230060278910624,0.0,5.514602311113052,1.0669553990534248,1610708875866.0,0.6815093256775893,1.0,0.6815093256775893,1.0004610008776988,20009.0,0.028465572044621707,
233508,long,entry,1212.6,31048.0,1212.6,31048.0,386.0492928088792,0.0,0.006401121556984991,0.006401121556984991,1.2909431537594152,23.874031476048103,55.52100343267001,4.230060278910624,0.0,5.521003432670037,1.0669953449704601,1610708948961.0,1.0,1.0,1.0,1.000459484407662,73095.0,0.02847923185056953,1205.6
233522,long,close,1213.45,-31048.0,1212.6,0.0,0.0,0.01793548419280141,0.006396637685936792,0.0243321218787382,1.297339791445352,23.88449428845596,55.54533555454875,4.247995763103425,0.0,5.5453355545487755,1.0672771427674874,1610708964404.0,0.6816088306730893,1.0,0.6816088306730893,1.0004593916833244,15443.0,0.028480939326313005,
233652,long,entry,1212.3,31057.0,1212.3,31057.0,385.94947374557745,0.0,0.006404561577167368,0.006404561577167368,1.3037443530225192,23.887248249934146,55.55174011612592,4.247995763103425,0.0,5.551740116125943,1.067302494123027,1610709066447.0,1.0,1.0,1.0,1.0004578953907541,102043.0,0.028496794458216727,1205.6
233756,long,close,1213.15,-31057.0,1212.3,0.0,0.0,0.017949560534456514,0.006400074187033755,0.02434963472149027,1.310144427209553,23.897718592864386,55.57608975084741,4.265945323637882,0.0,5.576089750847434,1.0675446509823114,1610709160961.0,0.681388967890719,1.0,0.681388967890719,1.000457810663251,94514.0,0.028509478563739702,
234583,long,entry,1210.75,31035.0,1210.75,31035.0,385.4605944110204,0.0,0.00640821804666529,0.00640821804666529,1.3165526452562184,23.900474126624452,55.582497968894074,4.265945323637882,0.0,5.582497968894099,1.0674225081696673,1610709558737.0,1.0,1.0,1.0,1.0004563340953814,397776.0,0.02861034159515799,1203.4
234652,long,close,1211.6,-31035.0,1210.75,0.0,0.0,0.017982784218108304,0.006403722350610763,0.024386506568719067,1.3229563676068292,23.910960324449,55.60688447546279,4.28392810785599,0.0,5.606884475462818,1.067686544163045,1610709608109.0,0.681503330377178,1.0,0.681503330377178,1.000456258602222,49372.0,0.02861875701132227,
234681,long,entry,1210.55,31047.0,1210.55,31047.0,385.39634698938926,0.0,0.006411754987402421,0.006411754987402421,1.3293681225942315,23.913717379093583,55.613296230450196,4.28392810785599,0.0,5.613296230450221,1.0677542342558473,1610709624475.0,1.0,1.0,1.0,1.0004548012885122,16366.0,0.028622293925362332,1203.4
234701,long,close,1211.4,-31047.0,1210.55,0.0,0.0,0.01799568016936883,0.0064072560673600785,0.02440293623672891,1.3357753786615916,23.92421064167538,55.63769916668693,4.301923788025359,0.0,5.63769916668695,1.0680350793124664,1610709640058.0,0.6815695720157074,1.0,0.6815695720157074,1.000454733183749,15583.0,0.028624733176424444,
235021,long,entry,1209.9,31047.0,1209.9,31047.0,385.18491759042774,0.0,0.006415199603272997,0.006415199603272997,1.3421905782648647,23.926969177504787,55.644114366290204,4.301923788025359,0.0,5.644114366290223,1.0680192855227901,1610709822952.0,1.0,1.0,1.0,1.0004532946777087,182894.0,0.02866376119341822,1203.4
235402,long,close,1210.75,-31047.0,1209.9,0.0,0.0,0.01801501437218665,0.006410695849679951,0.024425710221866598,1.3486012741145446,23.93747223290019,55.66854007651207,4.319938802397545,0.0,5.66854007651209,1.0682239865659233,1610709989720.0,0.6807154197692078,1.0,0.6807154197692078,1.0004532342062793,166768.0,0.02871022892615143,
235526,long,entry,1208.65,31032.0,1208.65,31032.0,384.7859734780479,0.0,0.006418731642741902,0.006418731642741902,1.3550200057572865,23.940232287506568,55.67495880815481,4.319938802397545,0.0,5.674958808154832,1.0682803303125974,1610710028270.0,1.0,1.0,1.0,1.0004518140870517,38550.0,0.028725352282736517,1202.3
235913,long,reentry,1202.3,57502.0,1204.5257347459733,88534.0,695.722292037932,0.0,0.011956666389420278,0.011956666389420278,1.366976672146707,23.94537365405402,55.686915474544236,4.319938802397545,0.0,5.686915474544253,1.0683558036488976,1610710158608.0,0.6799451249922662,1.0,0.6799451249922662,1.0004508221053139,130338.0,0.028772551790788362,1194.6
236434,long,close,1205.35,-12647.0,1204.5257347459733,75887.0,648.4116123613023,0.007180013424057097,0.0026230970257601527,0.00980311044981725,1.369599769172467,23.949588991547444,55.69671858499405,4.327118815821603,0.0,5.69671858499407,1.0684161276499649,1610710268325.0,0.41829239796159534,1.0,0.41829239796159534,1.0004496770222109,109717.0,0.02883609428095635,1194.6
236507,long,close,1208.1,-15177.0,1204.5257347459733,60710.0,579.2945078633096,0.03727809802088956,0.0031406754407747703,0.04041877346166433,1.3727404446132419,23.96696906413596,55.73713735845572,4.3643969138424925,0.0,5.737137358455734,1.0688775083206419,1610710296212.0,0.4621222626617152,1.0,0.4621222626617152,1.0004508221634913,27887.0,0.028844997547333058,1195.7
236523,long,close,1208.8,-15177.0,1204.5257347459733,45533.0,491.8667549254003,0.04455299149720424,0.003138856717405692,0.047691848214609936,1.3758793013306476,23.98747655886824,55.78482920667033,4.408949905339696,0.0,5.784829206670344,1.0694372160292525,1610710298245.0,0.5205904681066664,1.0,0.5205904681066664,1.0004524946959967,2033.0,0.028846948948182745,1196.8
236526,long,close,1208.9,-45533.0,1204.5257347459733,0.0,0.0,0.13678073072519953,0.009416204814293986,0.1461969355394935,1.3852955061449417,24.050341241150225,55.931026142209824,4.545730636064896,0.0,5.931026142209838,1.0711545352027967,1610710299070.0,0.593111837758696,1.0,0.593111837758696,1.0004614078567724,825.0,0.02884731483584206,
236615,long,entry,1205.2,31090.0,1205.2,31090.0,383.6933796662501,0.0,0.006449137072685032,0.006449137072685032,1.3917446432176268,24.05311437009148,55.93747527928251,4.545730636064896,0.0,5.9374752792825225,1.0712181368863762,1610710322266.0,1.0,1.0,1.0,1.0004599891587789,23196.0,0.028858169503068454,1197.9
236792,long,reentry,1197.9,57609.0,1200.4587323419655,88699.0,693.53690387187,0.0,0.012022915101427497,0.012022915101427497,1.4037675583190543,24.05828422358509,55.949498194383935,4.545730636064896,0.0,5.94949819438395,1.071335587574499,1610710367516.0,0.6796816131683848,1.0,0.6796816131683848,1.0004589888152562,45250.0,0.028879756874968136,1190.2
236999,long,close,1201.3,-12671.0,1200.4587323419655,76028.0,646.3854658041678,0.007391734713467678,0.0026369349870973115,0.010028669700564988,1.4064044933061517,24.062596551556332,55.959526864084495,4.553122370778364,0.0,5.959526864084515,1.071426315570029,1610710418938.0,0.42060409033260654,1.0,0.42060409033260654,1.000457851487045,51422.0,0.028905003123460987,1191.3
237021,long,close,1201.3,-12671.0,1200.4587323419655,63357.0,590.208893627638,0.007391734713467678,0.0026369349870973115,0.010028669700564988,1.409041428293249,24.066908879527574,55.969555533785055,4.560514105491832,0.0,5.969555533785081,1.071540509744429,1610710425497.0,0.46168189397945636,1.0,0.46168189397945636,1.0004567232391575,6559.0,0.028907686299629306,1191.3
237045,long,close,1201.3,-12671.0,1200.4587323419655,50686.0,522.1417369769226,0.007391734713467678,0.0026369349870973115,0.010028669700564988,1.4116783632803465,24.071221207498812,55.979584203485615,4.5679058402053,0.0,5.979584203485646,1.0716567610303203,1610710428107.0,0.5085687813258635,1.0,0.5085687813258635,1.0004556039617827,2610.0,0.02891061340090384,1192.4
237048,long,close,1201.35,-50686.0,1200.4587323419655,0.0,0.0,0.0313241560413147,0.010547717151537855,0.04187187319285256,1.4222260804318843,24.08922611297174,56.02145607667847,4.599229996246614,0.0,6.021456076678499,1.0721469384259708,1610710429674.0,0.5655155090685062,1.0,0.5655155090685062,1.0004567780108056,1567.0,0.028910979288563156,
237049,long,entry,1201.75,31051.0,1201.75,31051.0,382.5939610557954,0.0,0.006459538173496983,0.006459538173496983,1.4286856186053813,24.092003714386344,56.02791561485196,4.599229996246614,0.0,6.027915614851996,1.0722224674971086,1610710430060.0,1.0,1.0,1.0,1.000455411885411,386.0,0.02891110125111626,1194.6
237061,long,close,1202.6,-31051.0,1201.75,0.0,0.0,0.018262456169869736,0.0064549725594545155,0.024717428729324253,1.4351405911648358,24.102632208739955,56.05263304358129,4.617492452416484,0.0,6.05263304358132,1.072509151502875,1610710435844.0,0.6816889545689959,1.0,0.6816889545689959,1.000455355115502,5784.0,0.02891256480175353,
237125,long,entry,1203.65,31117.0,1203.65,31117.0,383.19545285946504,0.0,0.0064630498899181646,0.0064630498899181646,1.441603641054754,24.10541132019262,56.059096093471204,4.617492452416484,0.0,6.059096093471238,1.0725740680698002,1610710456186.0,1.0,1.0,1.0,1.0004540054748032,20342.0,0.028920370405152284,1196.8
237528,long,reentry,1196.8,57659.0,1199.2010030864199,88776.0,692.7328084035336,0.0,0.012044410093582888,0.012044410093582888,1.4536480511483367,24.110590416532858,56.071140503564784,4.617492452416484,0.0,6.071140503564821,1.0726411788088754,1610710595019.0,0.6798032564366283,1.0,0.6798032564366283,1.0004530600916826,138833.0,0.02896952131405382,1189.1
237599,long,close,1200.05,-12682.0,1199.2010030864199,76094.0,645.6293164194509,0.007481738691627086,0.002641973251114537,0.010123711942741623,1.4562900243994512,24.114943612668235,56.081264215507524,4.6249741911081115,0.0,6.081264215507562,1.0727460518360061,1610710620566.0,0.4208888075543107,1.0,0.4208888075543107,1.000451987076479,25547.0,0.02897818065532431,1190.2
237655,long,close,1202.75,-15218.0,1199.2010030864199,60876.0,576.8201181946812,0.03744517397705135,0.0031631677405944713,0.04060834171764582,1.4594531921400458,24.132405199606822,56.12187255722517,4.662419365085163,0.0,6.121872557225208,1.0732138116267742,1610710634355.0,0.4625354285790211,1.0,0.4625354285790211,1.000453054034347,13789.0,0.028985010558298222,1190.2
237668,long,close,1203.45,-15219.0,1199.2010030864199,45657.0,489.7726045711797,0.04480768414663864,0.003161535585192571,0.04796921973183121,1.4626147277252384,24.15303196409151,56.169841776957,4.707227049231801,0.0,6.169841776957039,1.0737730195411317,1610710637785.0,0.5204554863909205,1.0,0.5204554863909205,1.0004546227793598,3430.0,0.028986596071488593,1191.3
237674,long,close,1203.2,-45657.0,1199.2010030864199,0.0,0.0,0.12654023432523986,0.009486577460106381,0.13602681178534626,1.4721013051853447,24.21152349315921,56.30586858874235,4.833767283557041,0.0,6.305868588742385,1.0753617908607918,1610710639939.0,1.0,1.0,1.0,1.0004622693119691,2154.0,0.02898732784680723,
237706,long,entry,1202.0,31215.0,1202.0,31215.0,382.67242243171904,0.0,0.0064923044925124795,0.0064923044925124795,1.4785936096778571,24.21431518409099,56.31236089323486,4.833767283557041,0.0,6.312360893234898,1.0754280522197055,1610710657252.0,1.0,1.0,1.0,1.0004609242537017,17313.0,0.028991230648506606,1195.7
238035,long,close,1202.85,-31215.0,1202.0,0.0,0.0,0.018351278442482875,0.0064877166729018585,0.024838995115384732,1.485081326350759,24.224995951990604,56.33719988835024,4.852118561999524,0.0,6.337199888350282,1.0756606198827015,1610710760868.0,0.6802536577275075,1.0,0.6802536577275075,1.0004608476848724,103616.0,0.02903135632847833,
249910,long,entry,1204.55,31298.0,1204.55,31298.0,383.47894191989695,0.0,0.006495786808351668,0.006495786808351668,1.4915771131591107,24.227789140318194,56.34369567515859,4.852118561999524,0.0,6.343695675158634,1.072437952714946,1610716968365.0,1.0,1.0,1.0,1.0004595184339824,6207497.0,0.030479661646606673,1197.9
249955,long,close,1205.4,-31298.0,1204.55,0.0,0.0,0.018322279034677716,0.006491206238592998,0.024813485273270715,1.4980683193977036,24.2384589389857,56.36850916043186,4.870440841034202,0.0,6.368509160431905,1.0727090622395696,1610716978924.0,0.6813900449319567,1.0,0.6813900449319567,1.000459445163655,10559.0,0.03048514996149642,
249987,long,entry,1204.35,31311.0,1204.35,31311.0,383.4220757042727,0.0,0.006499564080209242,0.006499564080209242,1.5045678834779128,24.24125375154019,56.37500872451207,4.870440841034202,0.0,6.375008724512114,1.0727659615626395,1610717009304.0,1.0,1.0,1.0,1.0004581314260133,30380.0,0.0304890527631958,1197.9
250317,long,close,1205.2,-31311.0,1204.35,0.0,0.0,0.01833597566604317,0.006494980086292732,0.0248309557523359,1.5110628635642056,24.251931062513695,56.39983968026441,4.888776816700245,0.0,6.399839680264449,1.072995318966047,1610717101442.0,0.6801350832532972,1.0,0.6801350832532972,1.0004580642349972,92138.0,0.03052930040572063,
250390,long,entry,1203.3,31301.0,1203.3,31301.0,383.08703498551307,0.0,0.006503157982215574,0.006503157982215574,1.5175660215464213,24.25472742044605,56.40634283824662,4.888776816700245,0.0,6.4063428382466645,1.0730562699807509,1610717123733.0,1.0,1.0,1.0,1.0004567656812327,22291.0,0.030538203672097333,1196.8
250572,long,close,1204.15,-31301.0,1203.3,0.0,0.0,0.018362111979020514,0.00649856745422082,0.024860679433241335,1.5240645890006421,24.265417512602344,56.43120351767987,4.907138928679266,0.0,6.431203517679906,1.0732726658681078,1610717240883.0,0.6807608041787391,1.0,0.6807608041787391,1.0004567052163755,117150.0,0.030560400856762544,
251206,long,entry,1201.8,31279.0,1201.8,31279.0,382.60640336219205,0.0,0.006506698285904477,0.006506698285904477,1.5305712872865467,24.268215392865283,56.43771021596577,4.907138928679266,0.0,6.437710215965811,1.0731177139391739,1610717684535.0,1.0,1.0,1.0,1.0004554215319292,443652.0,0.030637725115431457,1194.6
251428,long,reentry,1194.6,57959.0,1197.1236872184495,89238.0,691.5912240006037,0.0,0.012129373848987109,0.012129373848987109,1.5427006611355338,24.273431023620347,56.44983958981476,4.907138928679266,0.0,6.449839589814798,1.0732282399098472,1610717731156.0,0.6797066649682374,1.0,0.6797066649682374,1.0004545206547235,46621.0,0.03066480080222089,1186.9
252072,long,reentry,1186.9,165358.0,1190.4834867790541,254596.0,961.4721015251178,0.0,0.0348298087454714,0.0348298087454714,1.5775304698810053,24.2884078413809,56.48466939856023,4.907138928679266,0.0,6.4846693985602695,1.0735348198821275,1610717885134.0,0.4172884324045973,1.0,0.4172884324045973,1.0004551268889283,153978.0,0.03074334468642086,1170.4
252558,long,close,1191.3,-13399.0,1190.4834867790541,241197.0,950.1811105740065,0.007714203491770798,0.002811844203810963,0.01052604769558176,1.5803423140848163,24.29293404189,56.49519544625581,4.914853132171037,0.0,6.495195446255852,1.0735919808347367,1610718000516.0,0.18832290614569433,1.0,0.18832290614569433,1.0004541275931254,115382.0,0.030802618487230156,1171.5
252579,long,close,1191.3,-12694.0,1190.4834867790541,228503.0,938.5468944841596,0.007308313987949736,0.0026638965835641738,0.00997221057151391,1.5830062106683804,24.29722209243575,56.505167656827325,4.922161446158986,0.0,6.505167656827366,1.0737014750454013,1610718001845.0,0.20199789151422987,1.0,0.20199789151422987,1.0004530992536351,1329.0,0.03080517970084537,1171.5
252593,long,close,1192.1,-13441.0,1190.4834867790541,215062.0,925.065666766647,0.015309985464002192,0.0028187652042613877,0.01812875066826358,1.585824975872642,24.3050174552231,56.523296407495586,4.937471431622988,0.0,6.5232964074956294,1.0739016250517197,1610718002080.0,1.0,1.0,1.0,1.0004526111559746,235.0,0.03080688717658885,1172.6
252604,long,close,1192.15,-13441.0,1190.4834867790541,201621.0,910.2457390572646,0.015782873138249463,0.002818646982342826,0.01860152012059229,1.5886436228549847,24.313016108874955,56.541897927616176,4.953254304761238,0.0,6.541897927616222,1.074106354791947,1610718003504.0,0.2235799515156767,1.0,0.2235799515156767,1.000452157023611,1424.0,0.03080822876467301,1173.7
252611,long,close,1192.2,-13441.0,1190.4834867790541,188180.0,893.8777227763816,0.016255721147365263,0.002818528770340547,0.01907424991770581,1.5914621516253253,24.32121803633957,56.560972177533884,4.969510025908603,0.0,6.560972177533928,1.074316193669713,1610718005080.0,1.0,1.0,1.0,1.0004517364506957,1576.0,0.03080908250254475,1174.8
252626,long,close,1192.3,-13441.0,1190.4834867790541,174739.0,875.7040868453291,0.01720129819017005,0.002818292376079846,0.020019590566249898,1.5942804440014051,24.32982646028306,56.580991768100134,4.986711324098773,0.0,6.580991768100177,1.0745362108045298,1610718007089.0,0.2504170039611056,1.0,0.2504170039611056,1.0004513795377779,2009.0,0.030810911940841332,1174.8
252631,long,close,1192.35,-13441.0,1190.4834867790541,161298.0,855.4118284186189,0.01767402723383555,0.0028181741938189293,0.02049220142765448,1.597098618195224,24.33863810689695,56.60148396952779,5.004385351332608,0.0,6.601483969527831,1.0747613493589374,1610718009207.0,0.26565695023452485,1.0,0.26565695023452485,1.0004510551419925,2118.0,0.03081152175360686,1175.9
252638,long,close,1192.45,-13441.0,1190.4834867790541,147857.0,832.6059343121655,0.018619366390638416,0.002817937859029729,0.021437304249668145,1.5999165560542536,24.347856147724308,56.62292127377746,5.023004717723246,0.0,6.622921273777499,1.0749977593034374,1610718009641.0,0.28267351914581224,1.0,0.28267351914581224,1.0004507931248994,434.0,0.030812375491478597,1177.0
252648,long,close,1192.55,-13441.0,1190.4834867790541,134416.0,806.7898896305334,0.019564547006639378,0.002817701563875729,0.022382248570515108,1.6027342576181294,24.357480514609627,56.64530352234797,5.042569264729885,0.0,6.645303522348014,1.0752433874679432,1610718012306.0,0.3016222661364155,1.0,0.3016222661364155,1.0004505927326603,2665.0,0.030813595117009655,1178.1
252649,long,close,1192.65,-13441.0,1190.4834867790541,120975.0,777.3271945488635,0.020509569121719716,0.002817465308346958,0.023327034430066673,1.6055517229264764,24.367511139414557,56.66863055677804,5.0630788338516055,0.0,6.668630556778081,1.0754999437756896,1610718013919.0,1.0,1.0,1.0,1.0004504532194143,1613.0,0.03081371707956276,1178.1
252713,long,close,1194.35,-15121.0,1190.4834867790541,105854.0,738.6932121990952,0.04111923472436371,0.0031651107296856032,0.044284345454049315,1.608716833656162,24.386553407959795,56.712914902232086,5.104198068575969,0.0,6.71291490223213,1.0759807988099013,1610718028404.0,0.3484537994645123,1.0,0.3484537994645123,1.0004516394330218,14485.0,0.030821522682961514,1179.2
252780,long,close,1193.25,-15122.0,1190.4834867790541,90732.0,692.8429588266091,0.029450126529307088,0.003168238005447308,0.0326183645347544,1.6118850716616093,24.40057930470974,56.74553326676684,5.133648195105276,0.0,6.745533266766885,1.0763295383639535,1610718048978.0,0.38065463888731854,1.0,0.38065463888731854,1.000452080510749,20574.0,0.030829694174019585,1180.3
252811,long,close,1195.85,-18146.0,1190.4834867790541,72586.0,624.7829997657753,0.06840266567100832,0.003793535978592633,0.07219620164960096,1.6156786076402019,24.43162367141907,56.817729468416445,5.202050860776284,0.0,6.817729468416486,1.0771183507575832,1610718061805.0,0.41970521476895256,1.0,0.41970521476895256,1.0004549981782276,12827.0,0.030833475013165856,1181.4
252826,long,close,1196.75,-18146.0,1190.4834867790541,54440.0,536.8243816231845,0.07981417979086226,0.00379068310006267,0.08360486289092493,1.6194692907402646,24.46757376246217,56.901334331307375,5.281865040567146,0.0,6.901334331307411,1.0780377545535325,1610718064449.0,0.47769352970592266,1.0,0.47769352970592266,1.0004586008198677,2644.0,0.03083530445146244,1182.5
252844,long,close,1195.75,-54440.0,1190.4834867790541,0.0,0.0,0.20140837712063986,0.011381977838176877,0.21279035495881674,1.6308512685784415,24.559073615094462,57.114124686266194,5.483273417687785,0.0,7.114124686266228,1.0803765964904766,1610718068517.0,0.5510187917675035,1.0,0.5510187917675035,1.0004701756858645,4068.0,0.03083749977741834,
252871,long,entry,1195.45,31490.0,1195.45,31490.0,380.58261678376067,0.0,0.006585386256221506,0.006585386256221506,1.637436654834663,24.561905331184636,57.120710072522414,5.483273417687785,0.0,7.120710072522449,1.0804445229244888,1610718076459.0,1.0,1.0,1.0,1.0004689259105775,7942.0,0.03084079276635219,1189.1
253089,long,close,1196.3,-31490.0,1195.45,0.0,0.0,0.018716302993522567,0.006580707180473126,0.025297010173995695,1.6440173620151362,24.572783045559458,57.146007082696414,5.5019897206813075,0.0,7.146007082696445,1.0806886904950426,1610718136508.0,0.6801423567813081,1.0,0.6801423567813081,1.0004688344827664,60049.0,0.0308673806029292,
253112,long,entry,1194.75,31490.0,1194.75,31490.0,380.36702157105555,0.0,0.0065892446118434814,0.0065892446118434814,1.6506066066269796,24.575616420742552,57.15259632730826,5.5019897206813075,0.0,7.152596327308289,1.080754331555071,1610718148454.0,1.0,1.0,1.0,1.000467598149492,11946.0,0.030870185741650628,1188.0
253219,long,close,1195.6,-31490.0,1194.75,0.0,0.0,0.018738233255492207,0.006584560053529609,0.025322793309021818,1.6571911666805093,24.58650522186543,57.17791912061728,5.5207279539368,0.0,7.177919120617311,1.0810094484746977,1610718189073.0,0.6806322237018845,1.0,0.6806322237018845,1.0004675126962457,40619.0,0.03088323573483292,
253245,long,entry,1194.4,31498.0,1194.4,31498.0,380.2526388085629,0.0,0.006592849966510382,0.006592849966510382,1.6637840166470197,24.58934014735103,57.18451197058379,5.5207279539368,0.0,7.184511970583821,1.0810757094392842,1610718199871.0,1.0,1.0,1.0,1.0004662895352514,10798.0,0.030886406761213663,1188.0
253395,long,close,1195.25,-31498.0,1194.4,0.0,0.0,0.018753976060346456,0.006588161472495294,0.02534213753284175,1.6703721781195149,24.60023726649015,57.20985410811663,5.539481929997146,0.0,7.209854108116662,1.081296817716158,1610718300307.0,0.6809425752571212,1.0,0.6809425752571212,1.0004662095164154,100436.0,0.030904701144179494,
253406,long,entry,1194.0,31505.0,1194.0,31505.0,380.12497908617354,0.0,0.0065965242881072025,0.0065965242881072025,1.676968702407622,24.603073771934035,57.21645063240474,5.539481929997146,0.0,7.2164506324047695,1.0813664114438932,1610718305145.0,1.0,1.0,1.0,1.0004649992858294,4838.0,0.030906042732263658,1186.9
253685,long,reentry,1186.9,58378.0,1189.3886296630064,89883.0,687.1166830755486,0.0,0.012296318139691632,0.012296318139691632,1.6892650205473136,24.608361188734104,57.228746950544426,5.539481929997146,0.0,7.228746950544461,1.0814244870846919,1610718440164.0,0.6797194429909647,1.0,0.6797194429909647,1.000464139761251,135019.0,0.030940070284580103,1179.2
253976,long,close,1190.2,-12840.0,1189.3886296630064,77043.0,640.4013402956255,0.007359366331909623,0.002697025709964712,0.010056392041874335,1.6919620462572784,24.61268543731211,57.2388033425863,5.546841296329056,0.0,7.238803342586335,1.0814916304879973,1610718515829.0,0.4194933611493697,1.0,0.4194933611493697,1.000463151889803,75665.0,0.030975561387533816,1180.3
253989,long,close,1190.2,-12840.0,1189.3886296630064,64203.0,584.7446307630033,0.007359366331909623,0.002697025709964712,0.010056392041874335,1.6946590719672432,24.617009685890114,57.24885973462818,5.554200662660966,0.0,7.248859734628209,1.0816013022988609,1610718516562.0,0.4617345322163266,1.0,0.4617345322163266,1.000462170657071,733.0,0.03097714690072419,1180.3
254073,long,close,1193.6,-16050.0,1189.3886296630064,48153.0,497.9600727001405,0.04761194004407474,0.0033616789544235926,0.05097361899849834,1.6980207509216667,24.638928342059472,57.29983335362668,5.60181260270504,0.0,7.299833353626708,1.082143878491553,1610718543289.0,0.5091953745484277,1.0,0.5091953745484277,1.0004636268634095,26727.0,0.030987391755185056,1181.4
254082,long,close,1193.55,-48153.0,1189.3886296630064,0.0,0.0,0.14115469145679918,0.010086087721503078,0.15124077917830225,1.7081068386431697,24.703961877106142,57.45107413280498,5.74296729416184,0.0,7.45107413280501,1.083796226257327,1610718545651.0,0.5827732947631835,1.0,0.5827732947631835,1.0004709945967682,2362.0,0.030988489418163005,
254124,long,entry,1191.75,31578.0,1191.75,31578.0,379.4068494244743,0.0,0.0066242920075519195,0.0066242920075519195,1.7147311306507216,24.70681032266939,57.457698424812534,5.74296729416184,0.0,7.457698424812562,1.0838604708982658,1610718559569.0,1.0,1.0,1.0,1.0004697927236657,13918.0,0.030993611845393437,1184.7
254148,long,close,1192.6,-31578.0,1191.75,0.0,0.0,0.018885286622230744,0.006619570685896361,0.025504857308127106,1.721350701336618,24.717777411311886,57.48320328212066,5.761852580784071,0.0,7.483203282120689,1.0841268368323254,1610718580499.0,0.6815988172000047,1.0,0.6815988172000047,1.0004697055056124,20930.0,0.03099653894666797,
255470,long,entry,1190.35,31559.0,1190.35,31559.0,378.96492891330456,0.0,0.006628092577813249,0.006628092577813249,1.7279787939144313,24.720627491120343,57.489831374698475,5.761852580784071,0.0,7.489831374698502,1.0837674203314447,1610719319253.0,1.0,1.0,1.0,1.0004685160317117,738754.0,0.0311577734418735,1183.6
255490,long,close,1191.2,-31559.0,1190.35,0.0,0.0,0.01891833005756137,0.006623362995298858,0.025541693052860227,1.73460215690973,24.731610419133073,57.515373067751334,5.780770910841632,0.0,7.515373067751362,1.0840325809353566,1610719340339.0,0.6815420765434416,1.0,0.6815420765434416,1.0004684349802153,21086.0,0.03116021269293561,
255566,long,entry,1190.15,31571.0,1190.15,31571.0,378.8983076430022,0.0,0.006631727093223542,0.006631727093223542,1.7412338840029535,24.73446206178316,57.522004794844555,5.780770910841632,0.0,7.522004794844586,1.0840742013491316,1610719392427.0,1.0,1.0,1.0,1.0004672576683757,52088.0,0.031169481846971634,1183.6
256284,long,reentry,1183.6,58501.0,1185.895830557776,90072.0,685.0136528965305,0.0,0.012356581615410613,0.012356581615410613,1.753590465618364,24.739775391877785,57.53436137645997,5.780770910841632,0.0,7.534361376459996,1.0840645273790064,1610719638923.0,0.6798493387046876,1.0,0.6798493387046876,1.0004664188824852,246496.0,0.03125705096010142,1175.9
257524,long,reentry,1175.9,166903.0,1179.4036266173753,256975.0,952.4468576398183,0.0,0.03548409728718428,0.03548409728718428,1.7890745629055484,24.755033553711275,57.56984547374715,5.780770910841632,0.0,7.56984547374718,1.0842475516247878,1610719983941.0,0.41743108993789124,1.0,0.41743108993789124,1.0004669166177063,345018.0,0.03140828452595229,1159.4
257798,long,close,1180.25,-13525.0,1179.4036266173753,243450.0,941.2565689779912,0.008223615618447012,0.002864859140012709,0.011088474758459721,1.7919394220455611,24.75980159785741,57.58093394850561,5.788994526460079,0.0,7.58093394850564,1.0843475480131946,1610720017931.0,0.18778249465755492,1.0,0.18778249465755492,1.000466011188568,33990.0,0.03144170226550321,1160.5
257810,long,close,1180.25,-12813.0,1179.4036266173753,230637.0,929.7265186853593,0.007790697738939858,0.002714043634823131,0.010504741373762989,1.7946534656803843,24.76431863664813,57.591438689879375,5.796785224199018,0.0,7.5914386898794035,1.0844598656218438,1610720019909.0,0.2021220912282859,1.0,0.2021220912282859,1.0004650782382924,1978.0,0.03144316581614048,1160.5
257812,long,close,1181.0,-13566.0,1179.4036266173753,217071.0,916.3687494745291,0.0155479785974136,0.002871718882303133,0.018419697479716734,1.7975251845626874,24.77223910656441,57.60985838735909,5.812333202796432,0.0,7.60985838735912,1.0846582875335393,1610720020804.0,1.0,1.0,1.0,1.0004646019930628,895.0,0.03144340974124669,1161.6
257821,long,close,1181.05,-13566.0,1179.4036266173753,203505.0,901.68470606783,0.016034277887418395,0.0028715973074806317,0.018905875194899027,1.800396781870168,24.780368632898217,57.62876426255399,5.82836748068385,0.0,7.628764262554019,1.0848614691596452,1610720022484.0,1.0,1.0,1.0,1.000464156109294,1680.0,0.031444507404224636,1162.7
257826,long,close,1181.15,-13567.0,1179.4036266173753,189938.0,885.4637116924551,0.01700800658300893,0.0028715658468441768,0.019879572429853106,1.8032683477170122,24.788916849043055,57.64864383498385,5.845375487266859,0.0,7.648643834983872,1.0850751681551711,1610720024099.0,0.23628111119482495,1.0,0.23628111119482495,1.0004637678226909,1615.0,0.031445117216990164,1163.8
258288,long,close,1180.25,-12662.0,1179.4036266173753,177276.0,868.7549752203855,0.007698885098763481,0.0026820588858292734,0.010380943984592755,1.8059504066028413,24.79338065495643,57.659024778968444,5.853074372365622,0.0,7.6590247789684645,1.085129044588881,1610720122976.0,0.244259197121619,1.0,0.244259197121619,1.000462846604269,98877.0,0.031501463916524926,1163.8
258312,long,close,1181.25,-13636.0,1179.4036266173753,163640.0,848.6925082050947,0.018071834590296182,0.002885925925925926,0.02095776051622211,1.8088363325287673,24.802392491978406,57.67998253948466,5.871146206955919,0.0,7.679982539484686,1.0853536613321093,1610720125450.0,0.2641099697425899,1.0,0.2641099697425899,1.000462525005619,2474.0,0.031504391017799456,1164.9
258315,long,close,1181.35,-13636.0,1179.4036266173753,150004.0,826.1409697748837,0.019048996625568856,0.002885681635417108,0.021934678260985965,1.8117220141641843,24.81182440363063,57.70191721774565,5.890195203581487,0.0,7.701917217745672,1.0855899628111405,1610720125908.0,0.28153015178404683,1.0,0.28153015178404683,1.0004622596958015,458.0,0.03150475690545877,1166.0
258316,long,close,1181.45,-13636.0,1179.4036266173753,136368.0,800.6078902256388,0.02002599324342763,0.002885437386262643,0.022911430629690276,1.814607451550447,24.821676318801398,57.72482864837534,5.9102211968249145,0.0,7.724828648375363,1.085836768727246,1610720126345.0,1.0,1.0,1.0,1.0004620500607975,437.0,0.03150487886801188,1167.1
258323,long,close,1181.55,-13636.0,1179.4036266173753,122732.0,771.4617114313786,0.02100282448586697,0.0028851931784520334,0.023888017664319004,1.8174926447288988,24.831948166397055,57.74871666603966,5.931224021310782,0.0,7.748716666039682,1.0860934733169159,1610720127767.0,0.32212193368135233,1.0,0.32212193368135233,1.0004618954918276,1422.0,0.03150573260588362,1167.1
258440,long,close,1180.25,-12273.0,1179.4036266173753,110459.0,741.5249538095572,0.007462361144931622,0.002599661088752383,0.010062022233684005,1.8200923058176512,24.83627483595754,57.758778688273345,5.938686382455714,0.0,7.758778688273366,1.0861841101737295,1610720157701.0,0.34519228329891904,1.0,0.34519228329891904,1.0004609763266559,29934.0,0.03152000222459697,1168.2
258466,long,close,1181.9,-13807.0,1179.4036266173753,96652.0,702.4940913926016,0.02472667249410312,0.0029205093493527372,0.027647181843455857,1.823012815167004,24.848163124150226,57.7864258701168,5.963413054949817,0.0,7.786425870116822,1.0864791420994666,1610720162557.0,0.3716156486508561,1.0,0.3716156486508561,1.000461032663707,4856.0,0.03152317325097771,1169.3
258476,long,close,1182.15,-13807.0,1179.4036266173753,82845.0,656.412892205549,0.02719717907055421,0.002919891722708624,0.030117070793262833,1.8259327068897127,24.86111346459133,57.81654294091007,5.990610234020371,0.0,7.816542940910084,1.0868011618375528,1610720166641.0,0.40522047972855674,1.0,0.40522047972855674,1.000461223598689,4084.0,0.03152439287650877,1169.3
258494,long,close,1182.45,-13807.0,1179.4036266173753,69038.0,601.1865729588642,0.030160408016598323,0.002919150915472113,0.03307955893207044,1.8288518578051847,24.87533767493212,57.84962249984214,6.02077064203697,0.0,7.849622499842154,1.0871562163987247,1610720168697.0,0.4442830238693286,1.0,0.4442830238693286,1.0004615746025687,2056.0,0.03152658820246467,1170.4
258561,long,close,1183.6,-17259.0,1179.4036266173753,51779.0,514.5246233547316,0.0518826723016536,0.0036454460966542754,0.05552811839830788,1.8324973039018388,24.899214765843393,57.90515061824045,6.072653314338623,0.0,7.905150618240462,1.0877464160183536,1610720181351.0,0.49118820789736856,1.0,0.49118820789736856,1.000463146122315,12654.0,0.03153475969352274,1171.5
258562,long,close,1183.65,-51779.0,1179.4036266173753,0.0,0.0,0.15750200122495475,0.010936298736957716,0.16843829996191248,1.8434336026387965,24.971643234827013,58.07358891820236,6.230155315563578,0.0,8.073588918202375,1.0895577904827474,1610720182256.0,1.0,1.0,1.0,1.0004708277082217,905.0,0.03153488165607585,
258617,long,entry,1180.4,31616.0,1180.4,31616.0,375.7921074416002,0.0,0.006696035242290749,0.006696035242290749,1.8501296378810872,24.9745225299812,58.080284953444654,6.230155315563578,0.0,8.080284953444666,1.0896213386983469,1610720195857.0,1.0,1.0,1.0,1.0004697130119713,13601.0,0.03154158959649665,1173.7
258773,long,reentry,1173.7,58584.0,1176.0484168514413,90200.0,679.3550886105346,0.0,0.012478486836499958,0.012478486836499958,1.8626081247175872,24.979888279320896,58.09276344028115,6.230155315563578,0.0,8.092763440281166,1.0897317277801992,1610720234079.0,0.6797681231856837,1.0,0.6797681231856837,1.0004689164605565,38222.0,0.03156061575478111,1166.0
258929,long,close,1176.85,-12885.0,1176.0484168514413,77315.0,633.164111357026,0.007462540277677798,0.0027371797595275526,0.01019972003720535,1.8653453044771147,24.984274158936895,58.10296316031836,6.237617855841256,0.0,8.102963160318371,1.0898126389842748,1610720280233.0,0.4208149634591973,1.0,0.4208149634591973,1.0004680024951091,46154.0,0.03157964191306558,1167.1
258957,long,close,1179.55,-15463.0,1176.0484168514413,61852.0,565.6782166742987,0.03903162592431652,0.003277309143317367,0.042308935067633884,1.868622613620432,25.002467001015976,58.14527209538599,6.276649481765572,0.0,8.145272095386005,1.0902638917236074,1610720285199.0,0.4619840155015287,1.0,0.4619840155015287,1.0004688103693802,4966.0,0.03158305686455253,1167.1
258994,long,close,1180.2,-15463.0,1176.0484168514413,46389.0,480.3123594947151,0.046251591839099354,0.0032755041518386712,0.049527095990938026,1.8718981177722707,25.02376365229208,58.19479919137693,6.322901073604672,0.0,8.194799191376942,1.0907895755533255,1610720294729.0,0.5201440245372195,1.0,0.5201440245372195,1.000469995813882,9530.0,0.03158756947901744,1168.2
258996,long,close,1180.3,-46389.0,1176.0484168514413,0.0,0.0,0.1420849500341168,0.00982567991188681,0.15191062994600363,1.8817237976841574,25.089085223168862,58.34670982132293,6.464986023638788,0.0,8.346709821322946,1.0924189174492431,1610720294876.0,0.5931797234618938,1.0,0.5931797234618938,1.0004765949080037,147.0,0.03158781340412365,
259011,long,entry,1179.2,31733.0,1179.2,31733.0,375.4149848848128,0.0,0.0067276543419267296,0.0067276543419267296,1.8884514520260842,25.09197811453589,58.35343747566486,6.464986023638788,0.0,8.353437475664872,1.092488654416238,1610720298598.0,1.0,1.0,1.0,1.00047548304591,3722.0,0.03158964284242023,1172.6
259222,long,close,1180.05,-31733.0,1179.2,0.0,0.0,0.019383945394302802,0.006722808355578154,0.026106753749880956,1.8951742603816624,25.103204018648338,58.37954422941474,6.484369969033091,0.0,8.379544229414753,1.0927278735903805,1610720361830.0,0.6800894888071471,1.0,0.6800894888071471,1.000475396870208,63232.0,0.031615376941125505,
259366,long,entry,1178.35,31728.0,1178.35,31728.0,375.14461401361456,0.0,0.006731446514193577,0.006731446514193577,1.901905706895856,25.10609854064944,58.386275675928935,6.484369969033091,0.0,8.386275675928946,1.092770895770197,1610720407123.0,1.0,1.0,1.0,1.0004742954738568,45293.0,0.0316329395487727,1171.5
259512,long,close,1179.2,-31728.0,1178.35,0.0,0.0,0.01940885188963899,0.006726594301221167,0.026135446190860154,1.9086323011970772,25.11733678251151,58.41241112211979,6.50377882092273,0.0,8.412411122119806,1.0930221876869362,1610720451473.0,0.6806872247405077,1.0,0.6806872247405077,1.0004742141754754,44350.0,0.03165074608152611,
259536,long,entry,1177.95,31735.0,1177.95,31735.0,375.0165668473091,0.0,0.006735217963411011,0.006735217963411011,1.9153675191604882,25.120232926235776,58.4191463400832,6.50377882092273,0.0,8.419146340083218,1.0930913811607852,1610720455963.0,1.0,1.0,1.0,1.0004731230696933,4490.0,0.03165367318280064,1171.5
259552,long,close,1178.8,-31735.0,1177.95,0.0,0.0,0.019426315808952786,0.006730361384458772,0.026156677193411557,1.922097880544947,25.13148029742894,58.44530301727661,6.523205136731683,0.0,8.445303017276629,1.0933663114313423,1610720463665.0,0.6814740163525637,1.0,0.6814740163525637,1.0004730461549238,7702.0,0.03165562458365034,
259713,long,entry,1177.6,31743.0,1177.6,31743.0,374.9015935227095,0.0,0.006738918138586957,0.006738918138586957,1.9288367986835337,25.134378032228533,58.452041935415195,6.523205136731683,0.0,8.452041935415217,1.093394056219689,1610720532301.0,1.0,1.0,1.0,1.000471965167167,68636.0,0.031675260554700324,1171.5
259727,long,close,1178.45,-31743.0,1177.6,0.0,0.0,0.0194427609751793,0.006734057448343163,0.02617681842352246,1.935570856131877,25.14563406415065,58.47821875383872,6.542647897706862,0.0,8.478218753838739,1.093668421255176,1610720540844.0,0.6815716706818622,1.0,0.6815716706818622,1.0004718924823985,8543.0,0.03167696803044381,
259922,long,entry,1177.2,31750.0,1177.2,31750.0,374.77352495071176,0.0,0.0067426945293917765,0.0067426945293917765,1.9423135506612688,25.148533422798288,58.48496144836811,6.542647897706862,0.0,8.48496144836813,1.093676188849621,1610720640103.0,1.0,1.0,1.0,1.0004708214518019,99259.0,0.031700750728299386,1170.4
259943,long,close,1178.05,-31750.0,1177.2,0.0,0.0,0.01946026178848814,0.006737829463944655,0.026198091252432793,1.9490513801252134,25.159798602036833,58.51115953962054,6.5621081594953505,0.0,8.511159539620563,1.0939522948982505,1610720645856.0,0.6814640049715593,1.0,0.6814640049715593,1.0004707529609642,5753.0,0.0317033119419146,
261814,long,entry,1176.4,31747.0,1176.4,31747.0,374.5245653911369,0.0,0.006746642298537912,0.006746642298537912,1.9557980224237512,25.162699658225204,58.51790618191908,6.5621081594953505,0.0,8.5179061819191,1.0935188149016726,1610721427793.0,1.0,1.0,1.0,1.0004696917349756,781937.0,0.031931503878775074,1169.3
261889,long,close,1177.2,-31747.0,1176.4,0.0,0.0,0.018339496564151295,0.0067420574243968745,0.02508155398854817,1.962540079848148,25.17348472644028,58.54298773590763,6.580447656059502,0.0,8.542987735907648,1.0937773728028972,1610721439861.0,0.6812556890288197,1.0,0.6812556890288197,1.0004695694752825,12068.0,0.031940651070257994,
261913,long,entry,1176.15,31757.0,1176.15,31757.0,374.44075296345295,0.0,0.006750201930025931,0.006750201930025931,1.969290281778174,25.17638731327019,58.549737937837655,6.580447656059502,0.0,8.549737937837675,1.0938452755227126,1610721445692.0,1.0,1.0,1.0,1.0004685180548427,5831.0,0.031943578171532525,1169.3
262205,long,reentry,1169.3,58845.0,1171.7010005297896,90602.0,676.8733471676104,0.0,0.012581245189429574,0.012581245189429574,1.9818715269676035,25.181797248701645,58.562319183027086,6.580447656059502,0.0,8.562319183027103,1.0939614299574256,1610721472626.0,0.6797461914441901,1.0,0.6797461914441901,1.0004677675554576,26934.0,0.031979191237039344,1161.6
262440,long,close,1172.5,-12943.0,1171.7010005297896,77659.0,630.8512775594213,0.007527517786463522,0.0027597014925373133,0.010287219279000835,1.9846312284601408,25.186220752991616,58.572606402306086,6.587975173845965,0.0,8.572606402306103,1.094057990572749,1610721492131.0,0.42021213142523417,1.0,0.42021213142523417,1.0004669057639848,19505.0,0.032007852437019146,1162.7
262490,long,close,1175.2,-15531.0,1171.7010005297896,62128.0,563.6180631009137,0.03946523678752437,0.0033039057181756294,0.042769142505700006,1.9879351341783165,25.204611484269066,58.61537554481178,6.62744041063349,0.0,8.615375544811803,1.0945056961838564,1610721501421.0,0.4618687387533726,1.0,0.4618687387533726,1.0004676800283647,9290.0,0.032013950564674425,1163.8
262506,long,close,1175.85,-15532.0,1171.7010005297896,46596.0,478.56586958523843,0.04677373351123012,0.0033022919590083772,0.0500760254702385,1.991237426137325,25.22614417522127,58.66545157028202,6.67421414414472,0.0,8.665451570282041,1.0950365746443493,1610721501676.0,1.0,1.0,1.0,1.0004688136384194,255.0,0.03201590196552411,1163.8
262508,long,close,1176.05,-46596.0,1171.7010005297896,0.0,0.0,0.14706028535289076,0.00990519110582033,0.1569654764587111,2.0011426172431452,25.293639330098518,58.82241704674074,6.821274429497611,0.0,8.822417046740751,1.0966998615197503,1610721501716.0,1.0,1.0,1.0,1.0004752591545802,40.0,0.03201614589063032,
262629,long,entry,1174.1,31853.0,1174.1,31853.0,373.78841743552454,0.0,0.006782429094625671,0.006782429094625671,2.0079250463377707,25.296555774609207,58.82919947583537,6.821274429497611,0.0,8.829199475835377,1.0967538197862625,1610721528550.0,1.0,1.0,1.0,1.0004742095328325,26834.0,0.03203090335955609,1167.1
262764,long,close,1174.9,-31853.0,1174.1,0.0,0.0,0.018472868416722146,0.006777810877521491,0.025250679294243638,2.0147028572152923,25.307413566705733,58.85445015512961,6.839747297914333,0.0,8.854450155129621,1.0970033467200555,1610721555216.0,0.6801810332102465,1.0,0.6801810332102465,1.0004740787468835,26666.0,0.032047368304225346,
262795,long,entry,1173.65,31858.0,1173.65,31858.0,373.64409277661883,0.0,0.00678609466195203,0.00678609466195203,2.0214889518772443,25.310331587410374,58.86123624979157,6.839747297914333,0.0,8.861236249791574,1.0970710028711947,1610721561453.0,1.0,1.0,1.0,1.0004730386312157,6237.0,0.032051149143371614,1167.1
262812,long,close,1174.45,-31858.0,1173.65,0.0,0.0,0.018489933942055323,0.006781472178466516,0.02527140612052184,2.028270424055711,25.321198292042197,58.88650765591209,6.858237231856388,0.0,8.886507655912096,1.0973366705817456,1610721564073.0,0.6813677629500543,1.0,0.6813677629500543,1.00047291232806,2620.0,0.03205322250677441,
262919,long,entry,1173.4,31869.0,1173.4,31869.0,373.56803600576643,0.0,0.006789884097494461,0.006789884097494461,2.0350603081532053,25.324117942204122,58.893297540009584,6.858237231856388,0.0,8.893297540009591,1.0973764246333835,1610721611954.0,1.0,1.0,1.0,1.0004718815744884,47881.0,0.0320662724999567,1167.1
262991,long,close,1174.2,-31869.0,1173.4,0.0,0.0,0.018504197847029516,0.006785258048032703,0.02528945589506222,2.041845566201238,25.334992408238996,58.91858699590465,6.876741429703418,0.0,8.918586995904654,1.0976272384210384,1610721636726.0,0.6809837438037861,1.0,0.6809837438037861,1.0004717595312984,24772.0,0.032075053803780305,
263043,long,entry,1173.1,31878.0,1173.1,31878.0,373.47083932677674,0.0,0.006793538487767455,0.006793538487767455,2.048639104689005,25.33791362978874,58.92538053439242,6.876741429703418,0.0,8.925380534392422,1.0976813603589184,1610721663070.0,1.0,1.0,1.0,1.000470737986774,26344.0,0.03208139585654179,1166.0
263130,long,close,1173.9,-31878.0,1173.1,0.0,0.0,0.018518888458011678,0.006788908765652951,0.02530779722366463,2.055428013454658,25.348795982594915,58.95068833161608,6.895260318161429,0.0,8.950688331616087,1.0979218624058216,1610721703129.0,0.6807941544215583,1.0,0.6807941544215583,1.000470620129835,40059.0,0.032092006598661973,
263139,long,entry,1172.85,31889.0,1172.85,31889.0,373.3947115861946,0.0,0.006797331287035854,0.006797331287035854,2.0622253447416936,25.35171883504834,58.95748566290312,6.895260318161429,0.0,8.957485662903123,1.0979911836557603,1610721706828.0,1.0,1.0,1.0,1.0004696076578024,3699.0,0.03209310426163992,1166.0
263178,long,close,1173.65,-31889.0,1172.85,0.0,0.0,0.01853317438633322,0.00679269799343927,0.02532587237977249,2.069018042735133,25.36260896017164,58.98281153528289,6.913793492547763,0.0,8.982811535282895,1.0982468768627611,1610721724345.0,0.6811453724553225,1.0,0.6811453724553225,1.0004694938883465,17517.0,0.03209786080121104,
263690,long,entry,1171.95,31881.0,1171.95,31881.0,373.10097354512686,0.0,0.00680084474593626,0.00680084474593626,2.0758188874810695,25.365533323412397,58.98961238002883,6.913793492547763,0.0,8.98961238002883,1.098118966755588,1610722020328.0,1.0,1.0,1.0,1.0004684903351568,295983.0,0.03216030562840108,1164.9
264049,long,reentry,1164.9,59075.0,1167.3710964642246,90956.0,674.406534382798,0.0,0.01267812687784359,0.01267812687784359,2.088497014358913,25.37098491796987,59.002290506906675,6.913793492547763,0.0,9.002290506906675,1.0981767586339157,1610722132822.0,0.6796866641954611,1.0,0.6796866641954611,1.000467773948045,112494.0,0.03220409018496597,1157.2
264287,long,reentry,1157.2,168541.0,1160.7650595189925,259497.0,937.4952237573026,0.0,0.03641138091946077,0.03641138091946077,2.1249083952783736,25.386641811765237,59.038701887826136,6.913793492547763,0.0,9.038701887826136,1.0985536966455471,1610722142258.0,0.4171831358226695,1.0,0.4171831358226695,1.000468194604466,9436.0,0.03223311727260509,1141.35
264556,long,close,1161.6,-13657.0,1160.7650595189925,245840.0,926.4854285149829,0.008456874719911184,0.0029392648071625348,0.01139613952707372,2.127847660085536,25.39154215176188,59.05009802735321,6.922250367267674,0.0,9.05009802735321,1.098661627432882,1610722160006.0,0.18863194101233063,1.0,0.18863194101233063,1.0004674215593592,17748.0,0.03226592519939048,1142.4
264560,long,close,1162.3,-13657.0,1160.7650595189925,232183.0,914.4570150873298,0.015537612446879363,0.0029374946227307924,0.018475107069610155,2.130785154708267,25.39948644780181,59.06857313442281,6.937787979714553,0.0,9.06857313442282,1.0988559807950729,1610722160077.0,1.0,1.0,1.0,1.0004669886133597,71.0,0.0322664130496029,1142.4
264568,long,close,1162.35,-13657.0,1160.7650595189925,218526.0,901.2912182659461,0.016043053083990188,0.002937368262571515,0.018980421346561704,2.1337225229708383,25.40764802898083,59.087553555769375,6.9538310327985435,0.0,9.087553555769382,1.0990545634770637,1610722161708.0,0.21299796455326847,1.0,0.21299796455326847,1.0004665817122487,1631.0,0.03226738875002775,1143.45
264573,long,close,1163.25,-14568.0,1160.7650595189925,203958.0,885.7673517531368,0.026810106291201043,0.003130883301096067,0.02994098959229711,2.136853406271934,25.42052265450552,59.11749454536167,6.9806411390897445,0.0,9.11749454536168,1.0993692207303125,1610722162131.0,0.22479575257734827,1.0,0.22479575257734827,1.0004666935226372,423.0,0.032267998562793276,1144.5
264579,long,close,1163.35,-14568.0,1160.7650595189925,189390.0,868.502540903489,0.02788661234736346,0.0031306141745820262,0.031017226521945485,2.139984020446516,25.433860061909957,59.14851177188362,7.008527751437108,0.0,9.148511771883625,1.099694960245588,1610722162793.0,0.23791847909047847,1.0,0.23791847909047847,1.0004668545661348,662.0,0.03226873033811191,1145.55
264602,long,close,1163.45,-14568.0,1160.7650595189925,174822.0,849.1876398656055,0.028962933349413952,0.003130345094331514,0.03209327844374547,2.1431143655408476,25.447660171640766,59.180605050327365,7.037490684786522,0.0,9.18060505032737,1.1000295971009748,1610722166860.0,0.25290104008302017,1.0,0.25290104008302017,1.000467064346391,4067.0,0.032271535476833334,1145.55
264638,long,close,1161.6,-12487.0,1160.7650595189925,162335.0,830.7856188342272,0.007732371284142269,0.0026874569559228656,0.010419828240065133,2.1458018224967703,25.452140697783996,59.19102487856743,7.045223056070664,0.0,9.191024878567436,1.1001357991497185,1610722171708.0,0.26866671845531975,1.0,0.26866671845531975,1.0004662603732914,4848.0,0.032275926128745136,1146.6
264683,long,close,1161.6,-12487.0,1160.7650595189925,149848.0,810.2998277920854,0.007732371284142269,0.0026874569559228656,0.010419828240065133,2.148489279452693,25.456621223927225,59.2014447068075,7.052955427354806,0.0,9.201444706807502,1.1002440665677495,1610722173531.0,0.2837746292217534,1.0,0.2837746292217534,1.0004654607450272,1823.0,0.03228141444363489,1147.65
264699,long,close,1161.6,-12487.0,1160.7650595189925,137361.0,787.3550884469774,0.007732371284142269,0.0026874569559228656,0.010419828240065133,2.151176736408616,25.461101750070455,59.21186453504757,7.060687798638948,0.0,9.211864535047567,1.1003527746093704,1610722174698.0,0.30155598173332304,1.0,0.30155598173332304,1.0004646654258142,1167.0,0.032283365844484574,1147.65
265314,long,reentry,1147.65,184063.0,1153.2547391936769,321424.0,971.8169336132353,0.0,0.0400956302008452,0.0400956302008452,2.191272366609461,25.478342871056817,59.25196016524841,7.060687798638948,0.0,9.251960165248413,1.1007494140660914,1610722210385.0,0.3139115646157394,1.0,0.3139115646157394,1.0004652475283147,35687.0,0.03235837281464448,0.05
265884,long,close,1154.05,-16917.0,1153.2547391936769,304507.0,962.205436821562,0.010108414805782952,0.0036647025692127726,0.013773117374995725,2.194937069178674,25.484265311528066,59.26573328262341,7.070796213444731,0.0,9.265733282623408,1.1008534506757046,1610722269073.0,0.15121452149592973,1.0,0.15121452149592973,1.0004646113956477,58688.0,0.03242789146991464,1130.85
265893,long,close,1154.05,-16026.0,1153.2547391936769,288481.0,952.2645063569976,0.009576015586538842,0.003471686668688532,0.013047702255227374,2.198408755847362,25.489875823497812,59.27878098487864,7.08037222903127,0.0,9.278780984878635,1.1009894527862643,1610722270471.0,0.16536805584285721,1.0,0.16536805584285721,1.0004639452232749,1398.0,0.03242898913289259,1131.9
265900,long,close,1154.8,-16026.0,1153.2547391936769,272455.0,941.3651053147897,0.018594945276586058,0.0034694319362660207,0.02206437721285208,2.201878187783628,25.49936350569934,59.300845362091486,7.098967174307856,0.0,9.300845362091486,1.1012203636821143,1610722271453.0,1.0,1.0,1.0,1.0004636959415627,982.0,0.03242984287076433,1132.95
265913,long,close,1155.5,-16026.0,1153.2547391936769,256429.0,929.3694995000324,0.027002049925262672,0.003467330160103851,0.030469380085366524,2.205345517943732,25.51246533913605,59.33131474217686,7.125969224233119,0.0,9.331314742176852,1.1015389799465827,1610722273080.0,0.1844003592836686,1.0,0.1844003592836686,1.000463831749209,1627.0,0.03243142838395471,1134.0
265923,long,close,1156.25,-16026.0,1153.2547391936769,240403.0,916.1075002023067,0.03599836601634256,0.003465081081081081,0.039463447097423644,2.208810599024813,25.529434621387942,59.37077818927428,7.1619675902494615,0.0,9.370778189274276,1.1019522517678888,1610722274155.0,0.19601237120979945,1.0,0.19601237120979945,1.0004643757626182,1075.0,0.03243264800948576,1135.05
265938,long,close,1157.0,-16026.0,1153.2547391936769,224377.0,901.3745575576681,0.04498301877627567,0.003462834917891098,0.04844585369416676,2.212273433942704,25.550266338476433,59.41922404296845,7.206950609025737,0.0,9.419224042968443,1.102458687087766,1610722276513.0,0.20741661962857916,1.0,0.20741661962857916,1.0004653233389498,2358.0,0.03243447744778234,1136.1
265939,long,close,1157.15,-16026.0,1153.2547391936769,208351.0,884.9465097960897,0.04677855172424023,0.003462386034654107,0.050240937758894336,2.2157358199773585,25.57186994171276,59.469464980727345,7.253729160749978,0.0,9.469464980727338,1.1029853307577964,1610722276623.0,1.0,1.0,1.0,1.0004663452153322,110.0,0.03243459941033545,1137.15
265944,long,close,1157.55,-17362.0,1153.2547391936769,190989.0,864.8638108360313,0.05586300371907331,0.0037497300332599024,0.05961273375233321,2.2194855500106185,25.597503417226264,59.52907771447968,7.309592164469051,0.0,9.529077714479671,1.1036097819844581,1610722277005.0,0.23487246256606453,1.0,0.23487246256606453,1.0004677820001053,382.0,0.032435209223100975,1137.15
265946,long,close,1157.8,-17362.0,1153.2547391936769,173627.0,841.9227975277652,0.059101671911559184,0.003748920366211781,0.06285059227777097,2.2232344703768305,25.624529171905703,59.59192830675745,7.3686938363806105,0.0,9.591928306757442,1.1042679291520445,1610722277300.0,0.2526237376114489,1.0,0.2526237376114489,1.0004693537707898,295.0,0.032435453148207186,1138.2
265954,long,close,1157.1,-15784.0,1153.2547391936769,157843.0,818.0880434569326,0.04548275174678247,0.003410249762336877,0.04889300150911935,2.2266447201391673,25.645553162554627,59.640821308266574,7.414176588127393,0.0,9.640821308266561,1.1047793344461967,1610722278047.0,0.2722911123836249,1.0,0.2722911123836249,1.0004702898995588,747.0,0.03243642884863203,1139.25
265955,long,close,1157.65,-17538.0,1153.2547391936769,140305.0,787.4041178638897,0.057738060604292235,0.0037874141579924848,0.06152547476228472,2.2304321342971596,25.67200911670241,59.70234678302886,7.471914648731685,0.0,9.702346783028846,1.105423268188477,1610722278071.0,1.0,1.0,1.0,1.0004717823282183,24.0,0.032436550811185134,1140.3
265969,long,close,1158.0,-17538.0,1153.2547391936769,122767.0,751.1589154295343,0.06231697236697704,0.0037862694300518137,0.06610324179702885,2.2342184037272115,25.700433510675133,59.76845002482589,7.534231621098662,0.0,9.768450024825874,1.106114063314745,1610722279095.0,0.31914905502473867,1.0,0.31914905502473867,1.0004734672883202,1024.0,0.03243825828692862,1141.35
265994,long,close,1155.5,-13640.0,1153.2547391936769,109127.0,718.2258261262486,0.02298190197058423,0.0029511034184335786,0.02593300538901781,2.237169507145645,25.711584702992408,59.7943830302149,7.5572135230692465,0.0,9.794383030214892,1.1063827845735148,1610722282492.0,0.34939247721663474,1.0,0.34939247721663474,1.0004733625876476,3397.0,0.03244130735075625,1142.4
266001,long,close,1155.7,-13640.0,1153.2547391936769,95487.0,679.89082587346,0.025024718215930337,0.0029505927143722416,0.027975310930302578,2.2401200998600173,25.723614086692436,59.822358341145204,7.582238241285177,0.0,9.822358341145195,1.1066736833505397,1610722284675.0,0.3784554315033978,1.0,0.3784554315033978,1.0004733480649746,2183.0,0.03244216108862799,1143.45
266006,long,close,1156.25,-15914.0,1153.2547391936769,79573.0,626.3633819611237,0.035746786271313835,0.003440864864864865,0.0391876511361787,2.243560964724882,25.74046477668099,59.86154599228138,7.61798502755649,0.0,9.861545992281373,1.1070823838594035,1610722285932.0,0.4118337074497513,1.0,0.4118337074497513,1.000473826229315,1257.0,0.03244277090139352,1144.5
266015,long,close,1156.7,-15914.0,1153.2547391936769,63659.0,560.1808285626284,0.041101291983043554,0.003439526238436933,0.04454081822148049,2.247000490963319,25.75961732851623,59.90608681050286,7.659086319539534,0.0,9.906086810502854,1.107546412735132,1610722287835.0,0.45769404159210075,1.0,0.45769404159210075,1.000474535419141,1903.0,0.03244386856437147,1144.5
266020,long,close,1157.35,-15914.0,1153.2547391936769,47745.0,476.2677805839244,0.04882822698104291,0.0034375945046874324,0.05226582148573034,2.250438085468007,25.782091631755097,59.958352631988596,7.707914546520577,0.0,9.958352631988586,1.1080912881075,1610722289295.0,0.515791487109838,1.0,0.515791487109838,1.0004755769068217,1460.0,0.032444478377136994,1145.55
266026,long,close,1157.1,-47745.0,1153.2547391936769,0.0,0.0,0.1375807135168607,0.010315659839253307,0.147896373356114,2.26075374530726,25.845687072298222,60.10624900534471,7.8454952600374375,0.0,10.106249005344699,1.109634038506049,1610722290643.0,0.5886796954970858,1.0,0.5886796954970858,1.0004807703829275,1348.0,0.032445210152455634,
266029,long,entry,1157.9,32099.0,1157.9,32099.0,368.630042415746,0.0,0.006930434407116331,0.006930434407116331,2.2676841797143763,25.848667159093285,60.113179439751825,7.8454952600374375,0.0,10.113179439751816,1.1097056062364434,1610722291612.0,1.0,1.0,1.0,1.0004798184716857,969.0,0.03244557604011495,1151.85
266206,long,close,1158.7,-32099.0,1157.9,0.0,0.0,0.01913988962006462,0.0069256494347113146,0.026065539054775936,2.2746098291490875,25.859875340886838,60.1392449788066,7.864635149657502,0.0,10.139244978806593,1.1099434140213484,1610722336616.0,0.6808397901162373,1.0,0.6808397901162373,1.0004796984410105,45004.0,0.03246716341201463,
266210,long,entry,1158.65,32138.0,1158.65,32138.0,368.8733746729724,0.0,0.006934363267595909,0.006934363267595909,2.2815441924166833,25.862857117091906,60.1461793420742,7.864635149657502,0.0,10.14617934207419,1.1100145030372757,1610722338214.0,1.0,1.0,1.0,1.0004787542453686,1598.0,0.03246765126222705,1151.85
266224,long,close,1159.45,-32138.0,1158.65,0.0,0.0,0.0191383521982887,0.006929578679546337,0.026067930877835037,2.2884737710962297,25.874066327369373,60.172247272952035,7.883773501855791,0.0,10.172247272952024,1.1102846745151256,1610722340300.0,0.6815527477248047,1.0,0.6815527477248047,1.0004786370730658,2086.0,0.03246935873797053,
266237,long,entry,1159.95,32191.0,1159.95,32191.0,369.2815940314712,0.0,0.006938014569593517,0.006938014569593517,2.295411785665823,25.8770496736343,60.179185287521626,7.883773501855791,0.0,10.179185287521618,1.1103545686448895,1610722343490.0,1.0,1.0,1.0,1.0004777004742864,3190.0,0.0324709442511609,1152.9
266261,long,close,1160.75,-32191.0,1159.95,0.0,0.0,0.019126983952353776,0.006933232823605428,0.026060216775959204,2.3023450184894285,25.888255566847963,60.20524550429759,7.902900485808145,0.0,10.205245504297578,1.1106211007760773,1610722350142.0,0.6815439858300524,1.0,0.6815439858300524,1.0004775856728132,6652.0,0.032473871352435436,
266300,long,entry,1160.9,32235.0,1160.9,32235.0,369.58378024386855,0.0,0.006941812386941166,0.006941812386941166,2.3092868308763697,25.89124054617435,60.21218731668453,7.902900485808145,0.0,10.212187316684519,1.1106898678664727,1610722354823.0,1.0,1.0,1.0,1.000476656573679,4681.0,0.03247862789200655,1153.95
266305,long,close,1161.7,-32235.0,1160.9,0.0,0.0,0.01912180394095853,0.006937031935955926,0.026058835876914457,2.3162238628123255,25.90244584560142,60.238246152561445,7.922022289749103,0.0,10.238246152561434,1.1109601086478489,1610722356469.0,0.6816128702240967,1.0,0.6816128702240967,1.0004765443636505,1646.0,0.032479237704772075,
266371,long,entry,1160.8,32250.0,1160.8,32250.0,369.55280651340246,0.0,0.006945640937284631,0.006945640937284631,2.32316950374961,25.905432471204453,60.245191793498726,7.922022289749103,0.0,10.24519179349872,1.1110205785713867,1610722372011.0,1.0,1.0,1.0,1.0004756226631704,15542.0,0.03248728723327704,1153.95
266586,long,reentry,1153.95,59759.0,1156.3509879468313,92009.0,668.0208183159008,0.0,0.01294661813770094,0.01294661813770094,2.336116121887311,25.910999517003663,60.25813841163643,7.922022289749103,0.0,10.25813841163642,1.1111207903251892,1610722417261.0,0.6796942088724572,1.0,0.6796942088724572,1.0004749591573783,45250.0,0.032513509182194734,1146.6
267179,long,reentry,1146.6,170492.0,1150.0178104083413,262501.0,928.7657792075222,0.0,0.03717338217338218,0.03717338217338218,2.3732895040606934,25.92698407133822,60.295311793809816,7.922022289749103,0.0,10.295311793809802,1.111445026004162,1610722499013.0,0.4173644251747409,1.0,0.4173644251747409,1.0004753193935882,81752.0,0.03258583297618632,1130.85
268391,long,reentry,1130.85,60013.0,1146.451088324848,322514.0,964.6317344826723,0.0,0.013267232612636515,0.013267232612636515,2.38655673667333,25.932688981361654,60.30857902642245,7.922022289749103,0.0,10.308579026422438,1.1115068120774028,1610722598320.0,0.17862853928143074,1.0,0.17862853928143074,1.0004746730281786,99307.0,0.03273365159055024,0.05
283602,long,close,1147.25,-16974.0,1146.451088324848,305540.0,955.0264421699774,0.010310254092927133,0.003698845064284158,0.01400909915721129,2.3902555817376143,25.938712893999256,60.322588125579664,7.93233254384203,0.0,10.32258812557965,1.1104645478365698,1610724161536.0,0.09750504328701654,1.0,0.09750504328701654,1.0004740608766662,1563216.0,0.034588823985838686,1124.55
283607,long,close,1147.25,-16081.0,1146.451088324848,289459.0,945.0926788568174,0.009767832924965312,0.0035042492917847024,0.013272082216750015,2.393759831029399,25.944419889352456,60.335860207796415,7.942100376766995,0.0,10.335860207796399,1.110600888439812,1610724161604.0,1.0,1.0,1.0,1.0004734208902522,68.0,0.03458943379860421,1125.6
283609,long,close,1147.25,-15234.0,1146.451088324848,274225.0,934.829246337575,0.009253352825006004,0.003319677489649161,0.012573030314655165,2.397079508519048,25.94982629238776,60.34843323811107,7.951353729592001,0.0,10.348433238111054,1.110730000412583,1610724161715.0,1.0,1.0,1.0,1.0004727548805192,111.0,0.034589677723710424,1126.65
284055,long,close,1147.25,-14432.0,1146.451088324848,259793.0,924.2349334942661,0.008766206378527416,0.0031449117454783178,0.011911118124005735,2.4002244202645264,25.954948073181082,60.360344356235075,7.960119935970528,0.0,10.36034435623506,1.1107968199454608,1610724235387.0,0.17914629113792416,1.0,0.17914629113792416,1.0004720646042229,73672.0,0.03464407302239549,1126.65
284066,long,close,1147.25,-13673.0,1146.451088324848,246120.0,913.3090716150491,0.008305178756485959,0.002979516234473742,0.011284694990959701,2.403203936499,25.959800492027195,60.37162905122604,7.968425114727014,0.0,10.37162905122602,1.1109102025470738,1610724238691.0,0.19386399171891314,1.0,0.19386399171891314,1.0004713517299963,3304.0,0.03464541461047966,1127.7
284422,long,close,1147.25,-12953.0,1146.451088324848,233167.0,902.0533725606725,0.007867840300794458,0.0028226193070385705,0.010690459607833028,2.4060265558060387,25.964397389658565,60.382319510833874,7.976292955027809,0.0,10.382319510833852,1.1109561426364556,1610724323228.0,0.1988516915657464,1.0,0.1988516915657464,1.0004706177714728,84537.0,0.03468883327938523,1128.75
284437,long,close,1148.0,-13715.0,1146.451088324848,219452.0,889.014292855884,0.01614079963131638,0.0029867160278745646,0.019127515659190943,2.4090132718339134,25.97262222139202,60.40144702649307,7.9924337546591255,0.0,10.401447026493043,1.1111509107210902,1610724325187.0,0.21399958823624585,1.0,0.21399958823624585,1.0004702350448014,1959.0,0.034690662717681814,1129.8
284446,long,close,1148.9,-14630.0,1146.451088324848,204822.0,873.641365423,0.027200675379469873,0.003183479850291583,0.030384155229761456,2.412196751684205,25.985687408140816,60.43183118172283,8.019634430038595,0.0,10.431831181722805,1.1114624527889831,1610724325371.0,1.0,1.0,1.0,1.000470316437593,184.0,0.03469176038065976,1129.8
284451,long,close,1149.0,-14630.0,1146.451088324848,190192.0,856.5468444807358,0.028308936423957008,0.003183202785030461,0.03149213920898747,2.4153799544692354,25.99922902800068,60.46332332093181,8.047943366462551,0.0,10.463323320931792,1.1117843984132951,1610724326723.0,0.23948520964265504,1.0,0.23948520964265504,1.0004704421818413,1352.0,0.03469237019342529,1130.85
284478,long,close,1147.25,-12679.0,1146.451088324848,177513.0,840.1758025609572,0.007701408721822971,0.0027629113096535192,0.01046432003147649,2.418142865778889,26.003728685614213,60.47378764096329,8.055644775184374,0.0,10.473787640963268,1.1118862559877656,1610724333875.0,0.25348889273075154,1.0,0.25348889273075154,1.000469707817916,7152.0,0.03469566318235914,1131.9
284481,long,close,1148.25,-13654.0,1146.451088324848,163859.0,820.5295225151621,0.01865854412533985,0.002972784672327455,0.021631328797667305,2.4211156504512164,26.01303015699721,60.495418969760955,8.074303319309715,0.0,10.495418969760935,1.1121077963871016,1610724334177.0,1.0,1.0,1.0,1.0004694319152767,302.0,0.03469602907001846,1132.95
284489,long,close,1148.35,-13654.0,1146.451088324848,150205.0,798.4597546569632,0.01969404189947631,0.002972525797883921,0.02266656769736023,2.4240881762491004,26.022776781107076,60.51808553745832,8.093997361209192,0.0,10.518085537458296,1.1123384533573915,1610724336387.0,0.28537752785650405,1.0,0.28537752785650405,1.000469199104444,2210.0,0.0346970047704433,1132.95
284497,long,close,1148.45,-13655.0,1146.451088324848,136550.0,773.4880085952724,0.020730877533486947,0.002972484653228264,0.02370336218671521,2.427060660902329,26.032969226847364,60.541788899645034,8.114728238742678,0.0,10.541788899645011,1.1125791101865354,1610724339353.0,0.30429576138628284,1.0,0.30429576138628284,1.000469009084652,2966.0,0.034697980470868146,1134.0
284524,long,close,1149.85,-15172.0,1146.451088324848,121378.0,741.5248234133593,0.03911884221134948,0.0032986911336261257,0.042417533344975604,2.4303593520359548,26.051208766185706,60.584206432990015,8.153847080954028,0.0,10.584206432989987,1.1130090279775833,1610724345455.0,0.3270799003042565,1.0,0.3270799003042565,1.0004695753352189,6102.0,0.03470127345980199,1135.05
284534,long,close,1150.5,-17339.0,1146.451088324848,104039.0,698.2055344799644,0.053225554630644684,0.003767709691438505,0.05699326432208319,2.434127061727393,26.075715869844203,60.641199697312096,8.207072635584673,0.0,10.64119969731207,1.1135925684830612,1610724345683.0,0.35502755204543857,1.0,0.35502755204543857,1.0004707242184183,228.0,0.034702493085333054,1136.1
284562,long,close,1151.0,-17339.0,1146.451088324848,86700.0,645.3881279447131,0.059772400315161574,0.003766072980017376,0.06353847329517895,2.4378931347074104,26.10303741336113,60.70473817060728,8.266845035899834,0.0,10.704738170607248,1.1142394247256941,1610724350322.0,0.3929175424050392,1.0,0.3929175424050392,1.0004721278367803,4639.0,0.034705908036820006,1137.15
284570,long,close,1151.6,-17340.0,1146.451088324848,69360.0,579.577425066289,0.06762501087989682,0.0037643278916290384,0.07138933877152585,2.4416574625990393,26.133734829032885,60.7761275093788,8.334470046779732,0.0,10.776127509378775,1.1149681239741165,1610724352562.0,1.0,1.0,1.0,1.0004738356877687,2240.0,0.03470688373724485,1138.2
284617,long,close,1153.8,-23120.0,1146.451088324848,46240.0,461.66526537244283,0.1284472444670496,0.005009533714681921,0.13345677818173152,2.4466669963137213,26.19112124365103,60.909584287560534,8.46291729124678,0.0,10.909584287560506,1.1163254607989104,1610724361580.0,0.49702557921870255,1.0,0.49702557921870255,1.000478001698839,9018.0,0.03471261597724081,1139.25
284627,long,close,1152.75,-46240.0,1146.451088324848,0.0,0.0,0.22039040461111098,0.010028193450444589,0.23041859806155557,2.456695189764166,26.2902012408175,61.14000288562209,8.683307695857891,0.0,11.140002885622062,1.1186773724829857,1610724362405.0,0.5995791097858165,1.0,0.5995791097858165,1.0004859715682377,825.0,0.034713835602771866,
293932,long,entry,1139.45,32131.0,1139.45,32131.0,362.75783538839767,0.0,0.007049673087893281,0.007049673087893281,2.4637448628520593,26.29323260024529,61.14705255870998,8.683307695857891,0.0,11.147052558709955,1.116612701218934,1610727048119.0,1.0,1.0,1.0,1.0004850782277332,2685714.0,0.03584869715941896,1132.95
294194,long,close,1140.25,-32131.0,1139.45,0.0,0.0,0.01978421739202278,0.007044727033545275,0.026828944425568053,2.4707895898856047,26.304769046348284,61.17388150313555,8.703091913249914,0.0,11.173881503135524,1.116865507004137,1610727068133.0,0.6801077289343936,1.0,0.6801077289343936,1.0004849668857705,20014.0,0.03588065134833261,
294265,long,entry,1138.6,32125.0,1138.6,32125.0,362.4886119894765,0.0,0.007053618478833656,0.007053618478833656,2.477843208364438,26.307802102294183,61.18093512161438,8.703091913249914,0.0,11.180935121614358,1.1169286874111557,1610727077562.0,1.0,1.0,1.0,1.0004840802416024,9429.0,0.035889310689603104,1131.9
294545,long,close,1139.4,-32125.0,1138.6,0.0,0.0,0.01981005716365867,0.007048665964542742,0.02685872312820141,2.484891874328981,26.31935135323931,61.20779384474258,8.722901970413572,0.0,11.20779384474256,1.1171620213099838,1610727122555.0,0.6803733251128855,1.0,0.6803733251128855,1.000483972403153,44993.0,0.03592346020447266,
294558,long,entry,1137.9,32123.0,1137.9,32123.0,362.2653863192652,0.0,0.007057518235345812,0.007057518235345812,2.491949392564327,26.322386086080506,61.214851362977925,8.722901970413572,0.0,11.214851362977905,1.1172303264203527,1610727125428.0,1.0,1.0,1.0,1.0004830923651062,2873.0,0.03592504571766303,1131.9
294613,long,close,1138.7,-32123.0,1137.9,0.0,0.0,0.019833194303247727,0.007052559936770001,0.02688575424001773,2.499001952501097,26.33394696040371,61.24173711721794,8.74273516471682,0.0,11.241737117217923,1.1174892420647369,1610727137942.0,0.6808375081985241,1.0,0.6808375081985241,1.0004829878646375,12514.0,0.035931753658083834,
294622,long,entry,1137.7,32135.0,1137.7,32135.0,362.20043154465804,0.0,0.0070613957985409155,0.0070613957985409155,2.5060633482996377,26.336983360597088,61.24879851301648,8.74273516471682,0.0,11.248798513016464,1.1175593220042228,1610727138570.0,1.0,1.0,1.0,1.0004821143453162,628.0,0.03593285132106178,1130.85
294879,long,close,1138.5,-32135.0,1137.7,0.0,0.0,0.019847577123696798,0.0070564339042599915,0.026904011027956788,2.5131197822038978,26.348552085339108,61.27570252404444,8.762582741840516,0.0,11.275702524044421,1.117765731241971,1610727217722.0,0.6804724700766106,1.0,0.6804724700766106,1.000482012787295,79152.0,0.03596419569720991,
300315,long,entry,1141.0,32246.0,1141.0,32246.0,363.25036891593965,0.0,0.007065293602103419,0.007065293602103419,2.520185075806001,26.351590161588014,61.282767817646544,8.762582741840516,0.0,11.282767817646524,1.1162613455930646,1610729240833.0,1.0,1.0,1.0,1.0004811457033636,2023111.0,0.03662718413589165,1135.05
300422,long,close,1141.8,-32246.0,1141.0,0.0,0.0,0.0198011381386682,0.007060343317568752,0.026861481456236954,2.52724541912357,26.363140598614194,61.30962929910278,8.782383879979184,0.0,11.309629299102761,1.1165136198784877,1610729256642.0,0.6807151543324782,1.0,0.6807151543324782,1.0004810446979078,15809.0,0.03664023412907395,
300465,long,entry,1140.65,32254.0,1140.65,32254.0,363.1392772007541,0.0,0.007069214921316793,0.007069214921316793,2.5343146340448865,26.366180361030363,61.3166985140241,8.782383879979184,0.0,11.316698514024079,1.1165660558165473,1610729278901.0,1.0,1.0,1.0,1.0004801839734214,22259.0,0.03664547851885749,1134.0
300493,long,close,1141.45,-32254.0,1140.65,0.0,0.0,0.019818202942059795,0.007064260370581278,0.02688246331264107,2.541378894415468,26.3777398202548,61.34358097733674,8.802202082921244,0.0,11.34358097733672,1.116825977424725,1610729284851.0,0.6815405794959624,1.0,0.6815405794959624,1.000480085933744,5950.0,0.03664889347034444,
307848,long,entry,1146.3,32432.0,1146.3,32432.0,364.94023937230406,0.0,0.007073192009072669,0.007073192009072669,2.5484520864245406,26.3807812928187,61.350654169345816,8.802202082921244,0.0,11.350654169345791,1.1145172717164455,1610732428346.0,1.0,1.0,1.0,1.0004792314893005,3143495.0,0.03754592804843572,1140.3
307868,long,close,1147.1,-32432.0,1146.3,0.0,0.0,0.019731683749482438,0.007068259088135299,0.026799942837617736,2.555520345512676,26.39230526823888,61.377454112183436,8.821933766670726,0.0,11.37745411218341,1.1147729480567483,1610732431460.0,0.6814696348325879,1.0,0.6814696348325879,1.0004791324235072,3114.0,0.03754836729949783,
307885,long,entry,1146.2,32447.0,1146.2,32447.0,364.9078003323737,0.0,0.007077080788693072,0.007077080788693072,2.562597426301369,26.395348412978013,61.384531192972126,8.821933766670726,0.0,11.384531192972103,1.114836910719833,1610732437049.0,1.0,1.0,1.0,1.0004782841852844,5589.0,0.03755044066290063,1139.25
307895,long,close,1147.0,-32447.0,1146.2,0.0,0.0,0.019744253290160985,0.007072144725370532,0.02681639801553152,2.5696695710267394,26.406879464124692,61.41134759098766,8.841678019960888,0.0,11.411347590987635,1.1150915464443256,1610732441653.0,0.6816229984449037,1.0,0.6816229984449037,1.0004781878461508,4604.0,0.03755166028843168,
307937,long,entry,1146.1,32462.0,1146.1,32462.0,364.87530280815395,0.0,0.007080970246924353,0.007080970246924353,2.5767505412736638,26.40992428133087,61.418428561234585,8.841678019960888,0.0,11.41842856123456,1.1151490257356242,1610732455944.0,1.0,1.0,1.0,1.0004773457357523,14291.0,0.03755678271566212,1139.25
308023,long,close,1146.9,-32462.0,1146.1,0.0,0.0,0.01975682691617643,0.007076031040195309,0.02683285795637174,2.583826572313859,26.42146241025211,61.445261419190956,8.861434846877064,0.0,11.445261419190931,1.1153853537667215,1610732485123.0,0.6813316132679879,1.0,0.6813316132679879,1.0004772520773075,29179.0,0.03756727149522919,
308036,long,entry,1145.9,32474.0,1145.9,32474.0,364.8096240055528,0.0,0.007084824155685487,0.007084824155685487,2.5909113964695445,26.424508884639053,61.45234624334664,8.861434846877064,0.0,11.452346243346616,1.1154481543040384,1610732492257.0,1.0,1.0,1.0,1.000476416016349,7134.0,0.03756885700841956,1139.25
308056,long,close,1146.7,-32474.0,1145.9,0.0,0.0,0.019771027555763165,0.007079881398796547,0.026850908954559712,2.597991277868341,26.436054775489513,61.4791971523012,8.881205874432826,0.0,11.479197152301175,1.115697313926661,1610732504284.0,0.68141679852803,1.0,0.68141679852803,1.0004763250530255,12027.0,0.037571296259481676,
308078,long,entry,1145.8,32489.0,1145.8,32489.0,364.7770162873272,0.0,0.00708871530808169,0.00708871530808169,2.605079993176423,26.43910292307199,61.486285867609276,8.881205874432826,0.0,11.486285867609258,1.1157599092402668,1610732511687.0,1.0,1.0,1.0,1.0004754949670696,7403.0,0.037573979435649996,1139.25
308234,long,reentry,1139.25,60202.0,1141.54583184991,92691.0,659.4332202944458,0.0,0.013210884353741497,0.013210884353741497,2.618290877530164,26.444783603344096,61.499496751963015,8.881205874432826,0.0,11.499496751963,1.1158855881126157,1610732513418.0,0.6797954562084557,1.0,0.6797954562084557,1.0004748971005453,1731.0,0.03759300559393446,1131.9
308403,long,reentry,1131.9,171756.0,1135.2809489236029,264447.0,916.8430247071607,0.0,0.0379353299761463,0.0379353299761463,2.6562262075063106,26.461095795233838,61.53743208193916,8.881205874432826,0.0,11.537432081939146,1.1162466634948736,1610732518025.0,0.41733313868394445,1.0,0.41733313868394445,1.0004752218889565,4607.0,0.0376136172654093,1116.15
308759,long,close,1136.1,-13918.0,1135.2809489236029,250529.0,906.0723054269547,0.008838283085640919,0.0030626705395651794,0.011900953625206098,2.6592888780458757,26.466213205292675,61.54933303556436,8.890044157518467,0.0,11.549333035564352,1.1163499088202682,1610732532751.0,0.18629418708039877,1.0,0.18629418708039877,1.0004745783552378,14726.0,0.037657035934314874,1117.2
308766,long,close,1136.8,-13918.0,1135.2809489236029,236611.0,894.3045835714064,0.01638180658210622,0.003060784658691063,0.019442591240797284,2.6623496627045666,26.474573519526217,61.568775626805156,8.906425964100574,0.0,11.568775626805149,1.1165362373749437,1610732533313.0,0.2020499291704494,1.0,0.2020499291704494,1.0004742168413177,562.0,0.03765788967218661,1117.2
308772,long,close,1136.85,-13918.0,1135.2809489236029,222693.0,881.4241603207608,0.01692027421788718,0.0030606500417821175,0.019980924259669297,2.665410312746349,26.483165316957876,61.588756551064826,8.92334623831846,0.0,11.588756551064819,1.1167276565525672,1610732533941.0,0.21286398488632105,1.0,0.21286398488632105,1.0004738766189079,628.0,0.037658621447505244,1118.25
308783,long,close,1137.7,-14846.0,1135.2809489236029,207847.0,866.2385869149854,0.0278050311743701,0.0032622835545398614,0.03106731472890996,2.6686725963008886,26.496524262291306,61.619823865793734,8.951151269492831,0.0,11.619823865793729,1.1170255666224034,1610732534464.0,0.22481495068751517,1.0,0.22481495068751517,1.0004739459035135,523.0,0.037659963035589404,1119.3
308811,long,close,1136.1,-12990.0,1135.2809489236029,194857.0,851.6275096467509,0.008248979543215658,0.0028584631634539217,0.011107442706669579,2.6715310594643427,26.501300462655173,61.63093130850041,8.959400249036047,0.0,11.630931308500399,1.1171308473682549,1610732536250.0,0.23729818453446147,1.0,0.23729818453446147,1.0004732813530568,1786.0,0.03766337798707636,1120.35
308816,long,close,1137.0,-13918.0,1135.2809489236029,180939.0,834.2701567647825,0.01853539297344601,0.0030602462620932277,0.021595639235539237,2.674591305726436,26.510586587526458,61.65252694773595,8.977935642009493,0.0,11.652526947735938,1.1173380080362143,1610732536430.0,1.0,1.0,1.0,1.0004730039574092,180.0,0.03766398779984189,1120.35
308827,long,close,1136.1,-12924.0,1135.2809489236029,168015.0,816.3874396169819,0.008207067868862139,0.0028439397940322156,0.011051007662894354,2.6774352455204684,26.5153385208215,61.66357795539884,8.986142709878354,0.0,11.663577955398832,1.1174437010817635,1610732536920.0,0.26499259348506005,1.0,0.26499259348506005,1.0004723422448747,490.0,0.03766532938792605,1121.4
308831,long,close,1136.1,-12924.0,1135.2809489236029,155091.0,796.4696285672238,0.008207067868862139,0.0028439397940322156,0.011051007662894354,2.6802791853145007,26.520090454116545,61.674628963061735,8.994349777747216,0.0,11.674628963061727,1.117549462136302,1610732537308.0,1.0,1.0,1.0,1.0004716834345546,388.0,0.03766581723813847,1122.45
308844,long,close,1137.25,-14099.0,1135.2809489236029,140992.0,771.9317075836929,0.021502353464648065,0.003099362497252143,0.02460171596190021,2.6833785478117527,26.530669191980163,61.699230679023636,9.015852131211863,0.0,11.699230679023627,1.117784480611816,1610732538686.0,0.2987589112808383,1.0,0.2987589112808383,1.0004715202264025,1378.0,0.03766740275132884,1122.45
308859,long,close,1136.1,-12817.0,1135.2809489236029,128175.0,746.6792599260302,0.008139120154379915,0.0028203943314849046,0.010959514485864819,2.6861989421432377,26.535381783209086,61.710190193509504,9.023991251366244,0.0,11.710190193509492,1.1178883630831995,1610732540344.0,0.319943874915256,1.0,0.319943874915256,1.0004708626531433,1658.0,0.03766923218962542,1123.5
308866,long,close,1137.5,-14241.0,1135.2809489236029,113934.0,714.4701968338442,0.024471073962586798,0.0031298901098901102,0.02760096407247691,2.689328832253128,26.547250197760253,61.73779115758198,9.048462325328831,0.0,11.737791157581968,1.1181521970163133,1610732541566.0,0.3432611285227757,1.0,0.3432611285227757,1.000470809984828,1222.0,0.03767008592749717,1124.55
308877,long,close,1137.7,-14241.0,1135.2809489236029,99693.0,676.9174469657742,0.026671928395137046,0.0031293398962819723,0.02980126829141902,2.69245817214941,26.56006474312556,61.7675924258734,9.075134253723968,0.0,11.767592425873387,1.1184370507226864,1610732542814.0,0.3715904860953919,1.0,0.3715904860953919,1.0004708364815205,1248.0,0.03767142751558133,1125.6
308880,long,close,1137.95,-14241.0,1135.2809489236029,85452.0,632.5734776823925,0.029421908531595067,0.003128652401247858,0.03255056093284293,2.695586824550658,26.574061484326684,61.80014298680624,9.104556162255564,0.0,11.80014298680623,1.1187489694937705,1610732543052.0,1.0,1.0,1.0,1.0004709612512979,238.0,0.037671793403240644,1125.6
308896,long,close,1138.25,-14242.0,1135.2809489236029,71210.0,579.414011224502,0.03272258776565463,0.003128047441247529,0.035850635206902154,2.6987148719919056,26.58947725746565,61.83599362201314,9.137278750021219,0.0,11.835993622013133,1.1190917286738737,1610732544211.0,0.4436224304653745,1.0,0.4436224304653745,1.0004712032442746,1159.0,0.03767374480409033,1126.65
308935,long,close,1136.1,-14242.0,1135.2809489236029,56968.0,514.6619944598576,0.009044031305194567,0.003133967080362644,0.01217799838555721,2.701848839072268,26.59471379677144,61.8481716203987,9.146322781326413,0.0,11.84817162039869,1.1192047822218927,1610732548947.0,0.48975033135969176,1.0,0.48975033135969176,1.0004705963848222,4736.0,0.03767850134366145,1127.7
308959,long,close,1136.1,-56968.0,1135.2809489236029,0.0,0.0,0.03617612522077827,0.012535868321450577,0.04871199354222884,2.7143847073937186,26.615659953994598,61.89688361394093,9.182498906547192,0.0,11.896883613940918,1.1196700203868046,1610732550866.0,0.5465932565766385,1.0,0.5465932565766385,1.0004712960747844,1919.0,0.03768142844493598,
308968,long,entry,1136.7,32450.0,1136.7,32450.0,361.8803523447308,0.0,0.007136887481305533,0.007136887481305533,2.721521594875024,26.61872881561156,61.90402050142224,9.182498906547192,0.0,11.904020501422224,1.1197375655897697,1610732551923.0,1.0,1.0,1.0,1.000470511809521,1057.0,0.03768252610791393,1129.8
309062,long,close,1137.5,-32450.0,1136.7,0.0,0.0,0.02007739774960702,0.007131868131868132,0.027209265881475153,2.728653463006892,26.6304287999406,61.93122976730372,9.202576304296798,0.0,11.9312297673037,1.1199854854379654,1610732568233.0,0.681373231481637,1.0,0.681373231481637,1.0004704437375898,16310.0,0.03769399058790585,
309069,long,entry,1138.5,32520.0,1138.5,32520.0,362.4578571532479,0.0,0.007140974967061924,0.007140974967061924,2.735794437973954,26.633499419176438,61.938370742270784,9.202576304296798,0.0,11.938370742270761,1.1200528432028058,1610732569545.0,1.0,1.0,1.0,1.0004696647864166,1312.0,0.03769484432577759,1131.9
309210,long,reentry,1131.9,60259.0,1134.2133683268844,92779.0,655.216748363246,0.0,0.01330925876844244,0.01330925876844244,2.749103696742396,26.63922240044687,61.95168000103923,9.202576304296798,0.0,11.951680001039204,1.1201528665979095,1610732604733.0,0.679765112732917,1.0,0.679765112732917,1.0004691071975647,35188.0,0.03771204104576547,1124.55
309279,long,close,1135.0,-13254.0,1134.2133683268844,79525.0,610.666461576443,0.008098932360840692,0.0029193832599118943,0.011018315620752585,2.7520230800023078,26.643960276163792,61.96269831665998,9.21067523665764,0.0,11.962698316659957,1.120246764153615,1610732619571.0,0.4207516701027751,1.0,0.4207516701027751,1.0004684711798162,14838.0,0.03772045646192976,1125.6
309296,long,close,1135.0,-13254.0,1134.2133683268844,66271.0,557.5894764817021,0.008098932360840692,0.0029193832599118943,0.011018315620752585,2.7549424632622195,26.648698151880716,61.973716632280734,9.21877416901848,0.0,11.97371663228071,1.1203475354586567,1610732625560.0,0.4616358445063537,1.0,0.4616358445063537,1.0004678378648664,5989.0,0.03772252982533255,1125.6
309350,long,close,1138.25,-16567.0,1134.2133683268844,49704.0,474.83044954786624,0.051800097244089884,0.003638699758401054,0.055438797002490936,2.7585811630206205,26.67253683459179,62.02915542928323,9.270574266262571,0.0,12.0291554292832,1.120863116376676,1610732644450.0,0.5092289957473026,1.0,0.5092289957473026,1.0004687653099256,18890.0,0.03772911580320025,1126.65
309351,long,close,1138.35,-49704.0,1134.2133683268844,0.0,0.0,0.15924566540594268,0.010915799183028067,0.17016146458897075,2.7694969622036485,26.745706264365047,62.1993168938722,9.429819931668513,0.0,12.19931689387217,1.122489370779217,1610732644543.0,1.0,1.0,1.0,1.0004736935279541,93.0,0.037729237765753355,
309365,long,entry,1139.15,32679.0,1139.15,32679.0,362.66158617152576,0.0,0.007171794759250318,0.007171794759250318,2.776668756962899,26.748790136111523,62.20648868863145,9.429819931668513,0.0,12.20648868863142,1.1225528987091735,1610732650796.0,1.0,1.0,1.0,1.0004729176531428,6253.0,0.03773094524149683,1132.95
309394,long,close,1139.95,-32679.0,1139.15,0.0,0.0,0.02013223670301215,0.007166761700074565,0.027298998403086715,2.7838355186629733,26.760528705424854,62.23378768703454,9.449952168371526,0.0,12.233787687034507,1.1228093532731354,1610732656114.0,0.6814286839673878,1.0,0.6814286839673878,1.0004728440605668,5318.0,0.037734482155536896,
309405,long,entry,1140.25,32729.0,1140.25,32729.0,363.0142010349088,0.0,0.007175838631878974,0.007175838631878974,2.791011357294852,26.763614316036563,62.24096352566642,9.449952168371526,0.0,12.240963525666386,1.1228753549243746,1610732659266.0,1.0,1.0,1.0,1.0004720733638446,3152.0,0.037735823743621055,1134.0
309554,long,reentry,1134.0,60646.0,1136.1906961178045,93375.0,656.2982056193645,0.0,0.013369929453262786,0.013369929453262786,2.804381286748115,26.769363385701464,62.254333455119685,9.449952168371526,0.0,12.25433345511965,1.12296953562312,1610732701211.0,0.679853425315364,1.0,0.679853425315364,1.0004715200365124,41945.0,0.03775399616403378,1126.65
309807,long,reentry,1126.65,173023.0,1129.994103559336,266398.0,912.5382537986374,0.0,0.03839324546221098,0.03839324546221098,2.842774532210326,26.785872481250216,62.292726700581895,9.449952168371526,0.0,12.292726700581861,1.123307630410602,1610732736551.0,0.4174523294697634,1.0,0.4174523294697634,1.0004718315933419,35340.0,0.037784852689969485,1110.9
310471,long,close,1130.8,-14020.0,1129.994103559336,252378.0,901.8174797958085,0.008842300584340204,0.00309957552175451,0.011941876106094713,2.8458741077320804,26.791007487975833,62.30466857668799,9.458794468955867,0.0,12.304668576687956,1.1233523001314634,1610732823095.0,0.18527007383720603,1.0,0.18527007383720603,1.0004712316684001,86544.0,0.037865835825231564,1111.95
310482,long,close,1131.5,-14021.0,1129.994103559336,238357.0,890.1034212737115,0.01651366083143174,0.0030978789217852407,0.01961153975321698,2.8489719866538654,26.799440450069717,62.3242801164412,9.4753081297873,0.0,12.324280116441173,1.1235372892251134,1610732825514.0,0.20253129964556876,1.0,0.20253129964556876,1.0004708973190504,2419.0,0.037867177413315724,1111.95
310508,long,close,1132.3,-14897.0,1129.994103559336,223460.0,876.4104425548492,0.026847319555362917,0.0032891018281374198,0.030136421383500336,2.852261088482003,26.81239911126462,62.354416537824704,9.502155449342663,0.0,12.354416537824674,1.1238221348073998,1610732828428.0,0.21302911341345512,1.0,0.21302911341345512,1.0004709242803107,2914.0,0.03787034843969647,1113.0
310523,long,close,1133.2,-15961.0,1129.994103559336,207499.0,860.0853966468544,0.039960125525073255,0.0035212230850688317,0.043481348610142086,2.8557823115670717,26.83109609116698,62.39789788643484,9.542115574867736,0.0,12.397897886434816,1.124234230943668,1610732831079.0,0.2259909542039661,1.0,0.2259909542039661,1.00047140593147,2651.0,0.03787217787799305,1114.05
310544,long,close,1132.5,-14821.0,1129.994103559336,192678.0,843.2011397689132,0.029021926544650103,0.0032717439293598236,0.032293670474009925,2.8590540554964314,26.844982369470806,62.43019155690885,9.571137501412387,0.0,12.430191556908825,1.124538991896123,1610732834541.0,0.24050916451335214,1.0,0.24050916451335214,1.0004715038873349,3462.0,0.03787473909160827,1115.1
310545,long,close,1132.65,-14821.0,1129.994103559336,177857.0,824.3153804112843,0.03075507125627149,0.0032713106431819182,0.03402638189945341,2.8623253661396135,26.85961371368757,62.464217938808304,9.601892572668659,0.0,12.464217938808279,1.1248629384531312,1610732834570.0,1.0,1.0,1.0,1.000471659659138,29.0,0.03787486105416137,1116.15
310684,long,close,1130.8,-12704.0,1129.994103559336,165153.0,806.3288911014927,0.008012310030203848,0.002808631057658295,0.010820941087862143,2.865133997197272,26.864266718355353,62.47503887989617,9.609904882698862,0.0,12.475038879896141,1.1249452548068664,1610732860106.0,0.2678934407289096,1.0,0.2678934407289096,1.0004710286446656,25536.0,0.03789181384904305,1116.15
310686,long,close,1130.8,-12704.0,1129.994103559336,152449.0,786.3121051529938,0.008012310030203848,0.002808631057658295,0.010820941087862143,2.8679426282549305,26.868919723023133,62.48585982098403,9.617917192729065,0.0,12.485859820984004,1.1250468600785668,1610732861806.0,1.0,1.0,1.0,1.0004704002297766,1700.0,0.03789205777414926,1117.2
310688,long,close,1130.8,-12704.0,1129.994103559336,139745.0,763.9006932729408,0.008012310030203848,0.002808631057658295,0.010820941087862143,2.870751259312589,26.873572727690917,62.4966807620719,9.625929502759268,0.0,12.496680762071867,1.1251494334012566,1610732862300.0,1.0,1.0,1.0,1.0004697743980724,494.0,0.03789230169925547,1118.25
310690,long,close,1132.05,-13974.0,1129.994103559336,125771.0,735.8755321320976,0.022458471082577265,0.003085994434874785,0.02554446551745205,2.873837253747464,26.884556847863422,62.52222522758935,9.648387973841846,0.0,12.522225227589319,1.1253916275388063,1610732863355.0,1.0,1.0,1.0,1.0004696461562632,1055.0,0.03789254562436168,1118.25
310768,long,close,1130.8,-12577.0,1129.994103559336,113194.0,707.1071739291372,0.007932212157578227,0.002780553590378493,0.01071276574795672,2.8766178073378423,26.88916333713504,62.532937993337306,9.656320185999425,0.0,12.532937993337276,1.1254777069350033,1610732882813.0,0.34644031073129566,1.0,0.34644031073129566,1.0004690206903897,19458.0,0.03790205870350391,1119.3
310784,long,close,1130.8,-12577.0,1129.994103559336,100617.0,674.1625547899,0.007932212157578227,0.002780553590378493,0.01071276574795672,2.8793983609282208,26.89376982640666,62.54365075908526,9.664252398157004,0.0,12.543650759085233,1.1255726237906545,1610732891380.0,0.37418605723591725,1.0,0.37418605723591725,1.0004683977804898,8567.0,0.0379040101043536,1120.35
311103,long,reentry,1120.35,186443.0,1123.7303412799752,287060.0,921.7860705035754,0.0,0.041603739902708985,0.041603739902708985,2.92100210083093,26.91165943456483,62.58525449898797,9.664252398157004,0.0,12.585254498987942,1.1258799163794115,1610732999545.0,0.39823033581192535,1.0,0.39823033581192535,1.0004688085908549,108165.0,0.03794291615879427,1103.55
311131,long,close,1124.5,-15108.0,1123.7303412799752,271952.0,911.577493980741,0.009202029122275735,0.0033588261449533125,0.012560855267229047,2.9243609269758832,26.917060602329737,62.597815354255204,9.67345442727928,0.0,12.59781535425517,1.125992262307542,1610733008095.0,0.17745409315702912,1.0,0.17745409315702912,1.0004682499564141,8550.0,0.03794633111028122,1104.6
311141,long,close,1125.25,-15108.0,1123.7303412799752,256844.0,900.4040172753266,0.018156908868873722,0.003356587425016663,0.021513496293890384,2.9277175144009,26.92631140573611,62.619328850549095,9.691611336148153,0.0,12.61932885054906,1.1261961888140803,1610733008602.0,0.18963686196040455,1.0,0.18963686196040455,1.0004679909551095,507.0,0.037947550735812276,1105.65
311146,long,close,1125.95,-15108.0,1123.7303412799752,241736.0,888.1296489944423,0.026504033332701692,0.003354500643900706,0.0298585339766024,2.931072015044801,26.939150575346048,62.649187384525696,9.718115369480854,0.0,12.649187384525662,1.1264794597509973,1610733008941.0,1.0,1.0,1.0,1.0004680092853246,339.0,0.03794816054857781,1105.65
311154,long,close,1126.65,-15108.0,1123.7303412799752,226628.0,874.589042433043,0.034840785476599315,0.003352416455864732,0.038193201932464046,2.934424431500666,26.955573652177005,62.687380586458154,9.752956154957454,0.0,12.687380586458126,1.126841954926514,1610733009074.0,0.21135759091200798,1.0,0.21135759091200798,1.0004683024876908,133.0,0.03794913624900265,1106.7
311157,long,close,1126.9,-16187.0,1123.7303412799752,210441.0,858.46911921261,0.04051644985777214,0.0035910462330286624,0.0441074960908008,2.9380154777336944,26.97453987549605,62.73148808254895,9.793472604815227,0.0,12.731488082548926,1.12726037147216,1610733009326.0,0.22355376204452865,1.0,0.22355376204452865,1.000468788604121,252.0,0.03794950213666197,1107.75
311166,long,close,1127.1,-16187.0,1123.7303412799752,194254.0,840.3886406478595,0.043065324834633927,0.003590409014284447,0.04665573384891837,2.941605886747979,26.994601841051086,62.77814381639787,9.836537929649861,0.0,12.778143816397845,1.1277023891082738,1610733010099.0,0.23786477342630505,1.0,0.23786477342630505,1.0004693554304742,773.0,0.03795059979963992,1108.8
311167,long,close,1127.25,-16187.0,1123.7303412799752,178067.0,819.9718127764393,0.044976387516889725,0.003589931248613883,0.04856631876550361,2.945195817996593,27.01548535812025,62.826710135163374,9.88151431716675,0.0,12.82671013516335,1.128162675958081,1610733010497.0,1.0,1.0,1.0,1.0004699813907085,398.0,0.037950721762193024,1109.85
311185,long,close,1126.5,-14838.0,1123.7303412799752,163229.0,798.8356618051923,0.032464470336646366,0.003292942743009321,0.03575741307965569,2.9484887607396026,27.030861045744505,62.86246754824303,9.913978787503398,0.0,12.862467548243005,1.1284998641168291,1610733012701.0,0.2715570445729674,1.0,0.2715570445729674,1.000470184998913,2204.0,0.03795291708814892,1109.85
311188,long,close,1126.85,-16322.0,1123.7303412799752,146907.0,772.2745370539288,0.04021168238504736,0.003621156320717043,0.043832838705764404,2.9521099170603198,27.049709166387984,62.9063003869488,9.954190469888445,0.0,12.90630038694877,1.1289144029611309,1610733013803.0,0.2908378873405901,1.0,0.2908378873405901,1.0004706503079948,1102.0,0.03795328297580824,1110.9
311199,long,close,1127.1,-16323.0,1123.7303412799752,130584.0,741.4427362991785,0.04342715124950452,0.003620574926803301,0.04704772617630782,2.955730491987123,27.069939688643796,62.95334811312511,9.99761762113795,0.0,12.953348113125077,1.129357742505755,1610733016706.0,0.31417384924832037,1.0,0.31417384924832037,1.0004712172057795,2903.0,0.0379546245638924,1111.95
311203,long,close,1127.35,-16323.0,1123.7303412799752,114261.0,705.2286364062593,0.04663873143915613,0.003619772031755888,0.05025850347091202,2.959350264018879,27.09155084513629,63.003606616596024,10.044256352577106,0.0,13.00360661659599,1.1298331416169263,1610733017438.0,0.34228445285267584,1.0,0.34228445285267584,1.000471884705038,732.0,0.037955112414104826,1113.0
311232,long,close,1126.1,-14282.0,1123.7303412799752,99979.0,668.008286261961,0.02674457902139607,0.003170677559719386,0.029915256581115456,2.9625209415785982,27.104414405466173,63.03352187317714,10.071000931598503,0.0,13.033521873177106,1.1301090144842025,1610733026172.0,0.37332506650707836,1.0,0.37332506650707836,1.0004718906794796,8734.0,0.03795864932814488,1114.05
311238,long,close,1126.35,-14282.0,1123.7303412799752,85697.0,624.0786591422076,0.0295595810720193,0.00316997380920673,0.03272955488122603,2.965690915387805,27.118488114065098,63.06625142805837,10.100560512670523,0.0,13.066251428058331,1.130416228708564,1610733029234.0,0.40658409322025324,1.0,0.40658409322025324,1.0004719869165979,3062.0,0.037959381103463516,1114.05
311260,long,close,1128.8,-17139.0,1123.7303412799752,68558.0,559.5178984935085,0.06849913625629658,0.003795845145287031,0.07229498140158361,2.969486760533092,27.14957495606778,63.138546409459956,10.169059648926819,0.0,13.138546409459915,1.1310933964053056,1610733037302.0,0.44649342869870723,1.0,0.44649342869870723,1.0004733543005182,8068.0,0.03796206427963184,1115.1
311300,long,close,1130.9,-22852.0,1123.7303412799752,45706.0,444.38673876706997,0.12892477662352667,0.005051728711645592,0.13397650533517225,2.9745384892447375,27.207184853361902,63.272522914795125,10.297984425550345,0.0,13.272522914795086,1.1323471387939845,1610733052259.0,0.5043689445535402,1.0,0.5043689445535402,1.0004766887871073,14957.0,0.03796694278175606,1117.2
311398,long,close,1130.4,-45706.0,1123.7303412799752,0.0,0.0,0.23998415668072826,0.010108368719037508,0.2500925253997658,2.984646857963775,27.314724639283803,63.52261544019489,10.537968582231073,0.0,13.522615440194851,1.1346939914759393,1610733068105.0,0.6068591686052373,1.0,0.6068591686052373,1.0004836987338752,15846.0,0.037978895111960405,
311401,long,entry,1130.65,33125.0,1130.65,33125.0,359.9538548689159,0.0,0.00732432671472162,0.00732432671472162,2.9919711846784964,27.317874099771135,63.529939766909614,10.537968582231073,0.0,13.529939766909573,1.1347612909463904,1610733070118.0,1.0,1.0,1.0,1.0004829558633594,2013.0,0.03797926099961972,1124.55
311407,long,close,1131.45,-33125.0,1130.65,0.0,0.0,0.020714875148796087,0.007319147995934421,0.028034023144730507,2.999290332674431,27.32992872972337,63.55797379005435,10.55868345737987,0.0,13.557973790054303,1.135023360862605,1610733072663.0,0.6817524823226949,1.0,0.6817524823226949,1.0004828719919163,2545.0,0.037979992774938354,
311410,long,entry,1131.7,33175.0,1131.7,33175.0,360.29399441186837,0.0,0.007328576477865158,0.007328576477865158,3.006618909152296,27.333080017608854,63.565302366532215,10.55868345737987,0.0,13.565302366532169,1.1350912660916048,1610733074004.0,1.0,1.0,1.0,1.000482133771012,1341.0,0.03798035866259767,1125.6
311554,long,close,1132.5,-33175.0,1131.7,0.0,0.0,0.020707677465050058,0.007323399558498896,0.028031077023548956,3.013942308710795,27.345133380728978,63.593333443555764,10.579391134844919,0.0,13.593333443555718,1.1353133887157103,1610733121804.0,0.680562111524188,1.0,0.680562111524188,1.000482051298408,47800.0,0.03799792127024487,
311556,long,entry,1132.5,33216.0,1132.5,33216.0,360.5417914654885,0.0,0.007332450331125828,0.007332450331125828,3.0212747590419204,27.348286334371362,63.60066589388689,10.579391134844919,0.0,13.600665893886843,1.1353821354125373,1610733122181.0,1.0,1.0,1.0,1.0004813176659784,377.0,0.03799816519535108,1125.6
311565,long,close,1133.3,-33216.0,1132.5,0.0,0.0,0.020703998111357057,0.007327274331597989,0.028031272442955044,3.0286020333735184,27.360339781521834,63.62869716632985,10.600095132956275,0.0,13.628697166329799,1.13564506073428,1610733123451.0,0.6815705087520526,1.0,0.6815705087520526,1.000481236668325,1270.0,0.03799926285832903,
311720,long,entry,1132.25,33228.0,1132.25,33228.0,360.4686770868391,0.0,0.007336718922499448,0.007336718922499448,3.0359387522960177,27.36349457065851,63.63603388525235,10.600095132956275,0.0,13.636033885252298,1.1356930929335354,1610733147320.0,1.0,1.0,1.0,1.0004805075880787,23869.0,0.03801816705406039,1125.6
311946,long,reentry,1125.6,61571.0,1127.9308916760724,94799.0,651.6025522935088,0.0,0.01367515103056148,0.01367515103056148,3.0496139033265792,27.36937488560165,63.649709036282914,10.600095132956275,0.0,13.649709036282859,1.1357504527432005,1610733228195.0,0.6797399697153933,1.0,0.6797399697153933,1.0004799794639478,80875.0,0.03804573059106224,1118.25
311955,long,close,1128.7,-13542.0,1127.9308916760724,81257.0,607.301890760923,0.008181054858420926,0.002999468414990697,0.011180523273411624,3.05261337174157,27.37418251060922,63.660889559556324,10.608276187814695,0.0,13.66088955955627,1.135849394440696,1610733235291.0,0.42192818284820016,1.0,0.42192818284820016,1.0004793755580632,7096.0,0.03804682825404019,1119.3
311965,long,close,1128.7,-13542.0,1127.9308916760724,67715.0,554.5223770661445,0.008181054858420926,0.002999468414990697,0.011180523273411624,3.0556128401565608,27.378990135616785,63.672070082829734,10.616457242673116,0.0,13.672070082829682,1.1359520330839112,1610733238183.0,0.4618980234264371,1.0,0.4618980234264371,1.00047877398314,2892.0,0.03804804787957125,1119.3
312112,long,close,1128.7,-13543.0,1127.9308916760724,54172.0,490.56699987321434,0.008181658982985866,0.0029996899087445733,0.01118134889173044,3.0586125300653055,27.38379811564023,63.683251431721466,10.624638901656102,0.0,13.683251431721413,1.1359977746505814,1610733305424.0,0.5072664145493652,1.0,0.5072664145493652,1.000478174751011,67241.0,0.03806597637487776,1120.35
312113,long,close,1128.75,-54172.0,1127.9308916760724,0.0,0.0,0.03485266200236468,0.011998228128460686,0.046850890130825364,3.0706107581937663,27.403943998396485,63.73010232185229,10.659491563658467,0.0,13.730102321852238,1.1364382099664854,1610733305456.0,1.0,1.0,1.0,1.0004786825979413,32.0,0.03806609833743087,
312138,long,entry,1130.6,33232.0,1130.6,33232.0,359.93996830630334,0.0,0.007348310631523086,0.007348310631523086,3.0779590688252894,27.40710377196804,63.737450632483814,10.659491563658467,0.0,13.73745063248376,1.1365021744748824,1610733311211.0,1.0,1.0,1.0,1.0004779671552873,5755.0,0.03806914740125851,1124.55
312219,long,close,1131.4,-33232.0,1130.6,0.0,0.0,0.020783625615061002,0.007343114725119321,0.028126740340180322,3.0853021835504086,27.419198270314315,63.76557737282399,10.680275189273528,0.0,13.765577372823941,1.1367429244132836,1610733337742.0,0.6806353149316327,1.0,0.6806353149316327,1.0004778950979456,26531.0,0.03807902636806006,
312240,long,entry,1130.8,33256.0,1130.8,33256.0,360.0008007320574,0.0,0.007352316943756633,0.007352316943756633,3.0926545004941652,27.42235976660013,63.77292968976775,10.680275189273528,0.0,13.772929689767698,1.1368102864647016,1610733339668.0,1.0,1.0,1.0,1.0004771840030384,1926.0,0.03808158758167527,1124.55
312246,long,close,1131.6,-33256.0,1130.8,0.0,0.0,0.020791281565940452,0.007347119123365148,0.0281384006893056,3.1000016196175304,27.434459278896533,63.80106809045706,10.70106647083947,0.0,13.801068090457004,1.1370726555772126,1610733341858.0,0.68151386673857,1.0,0.68151386673857,1.0004771136377315,2190.0,0.0380823193569939,
312257,long,entry,1130.75,33273.0,1130.75,33273.0,359.9845963467137,0.0,0.0073564006190581475,0.0073564006190581475,3.1073580202365885,27.43762253116273,63.80842449107612,10.70106647083947,0.0,13.808424491076062,1.1371394289386363,1610733344460.0,1.0,1.0,1.0,1.0004764068471188,2602.0,0.03808366094507807,1124.55
312283,long,close,1131.55,-33273.0,1130.75,0.0,0.0,0.020803748823283074,0.007351199681852327,0.0281549485051354,3.1147092199184407,27.449729159019938,63.83657943958125,10.721870219662753,0.0,13.836579439581197,1.1374001214318192,1610733348608.0,0.6812885379843172,1.0,0.6812885379843172,1.0004763382982016,4148.0,0.03808683197145881,
313963,long,entry,1129.4,33252.0,1129.4,33252.0,359.556505242296,0.0,0.007360545422348149,0.007360545422348149,3.1220697653407887,27.452894193551547,63.8439399850036,10.721870219662753,0.0,13.843939985003544,1.1368614727853876,1610734031718.0,1.0,1.0,1.0,1.0004756357682654,683110.0,0.03829172906067613,1123.5
314007,long,close,1130.2,-33252.0,1129.4,0.0,0.0,0.020840333880297556,0.007355335338878074,0.02819566921917563,3.1294251006796667,27.465018331315797,63.87213565422278,10.74271055354305,0.0,13.87213565422272,1.1371017015941736,1610734057900.0,0.681554773498985,1.0,0.681554773498985,1.0004755697447396,26182.0,0.03829709541301277,
319774,long,entry,1135.55,33452.0,1135.55,33452.0,361.51672472909036,0.0,0.007364713134604376,0.007364713134604376,3.136789813814271,27.468185157963678,63.87950036735739,10.74271055354305,0.0,13.879500367357325,1.134568578935105,1610737045434.0,1.0,1.0,1.0,1.0004748714298306,2987534.0,0.039000453456772444,1128.75
319793,long,close,1136.35,-33452.0,1135.55,0.0,0.0,0.020739281058417314,0.007359528314339773,0.028098809372757088,3.144149342128611,27.480267645993962,63.907599176730145,10.763449834601468,0.0,13.907599176730082,1.134824173122564,1610737047280.0,0.6814830619126957,1.0,0.6814830619126957,1.0004748037316675,1846.0,0.039002770745281454,
319847,long,entry,1135.4,33466.0,1135.4,33466.0,361.4678366872185,0.0,0.007368768715871058,0.007368768715871058,3.151518110844482,27.483436216541786,63.914967945446016,10.763449834601468,0.0,13.914967945445953,1.134871968988001,1610737070208.0,1.0,1.0,1.0,1.0004741095912624,22928.0,0.039009356723149154,1128.75
320357,long,reentry,1128.75,62012.0,1131.0808919332203,95478.0,653.415007252071,0.0,0.013734662236987818,0.013734662236987818,3.1652527730814697,27.48934212130369,63.928702607683,10.763449834601468,0.0,13.928702607682942,1.1348640130542242,1610737226239.0,0.6797485277866407,1.0,0.6797485277866407,1.0004736100661977,156031.0,0.039071557625232976,1121.4
320847,long,close,1131.9,-13639.0,1131.0808919332203,81839.0,608.9882039995568,0.00872613659228585,0.003012412757310716,0.011738549349596566,3.1682651858387803,27.494389697524014,63.940441157032595,10.772175971193754,0.0,13.940441157032538,1.1348907234249095,1610737320388.0,0.4180227056316447,1.0,0.4180227056316447,1.0004730523111376,94149.0,0.0391313192762547,1122.45
320879,long,close,1134.45,-16367.0,1131.0808919332203,65472.0,544.0860932529127,0.042973922755956705,0.0036068138745647673,0.04658073663052147,3.171871999713345,27.51441941427514,63.98702189366311,10.81514989394971,0.0,13.987021893663059,1.135315014143462,1610737321585.0,0.46197702623945863,1.0,0.46197702623945863,1.000473542555099,1197.0,0.03913522207795407,1123.5
320895,long,close,1135.1,-16368.0,1131.0808919332203,49104.0,461.98140528740225,0.05123863018944966,0.0036049687252224477,0.0548435989146721,3.1754769684385673,27.538002161808446,64.04186549257778,10.866388524139161,0.0,14.041865492577731,1.1358145263470503,1610737322810.0,0.5205022532361746,1.0,0.5205022532361746,1.0004742772085828,1225.0,0.039137173478803765,1123.5
320897,long,close,1135.0,-49104.0,1131.0808919332203,0.0,0.0,0.14990446988970152,0.010815859030837004,0.16072032892053853,3.1862928274694045,27.60711190324428,64.20258582149833,11.016292994028863,0.0,14.20258582149827,1.1372800930773213,1610737322979.0,1.0,1.0,1.0,1.0004781649193102,169.0,0.039137417403909976,
320983,long,entry,1132.05,33521.0,1132.05,33521.0,360.3992775307203,0.0,0.007402720727883044,0.007402720727883044,3.1936955481972875,27.61029507315727,64.20998854222621,11.016292994028863,0.0,14.209988542226153,1.13734479282063,1610737326154.0,1.0,1.0,1.0,1.00047747230847,3175.0,0.03914790618347705,1125.6
321721,long,reentry,1125.6,62114.0,1127.8607878914622,95635.0,651.5231138268998,0.0,0.013795753375977257,0.013795753375977257,3.2074913015732647,27.616227247108938,64.22378429560219,11.016292994028863,0.0,14.22378429560213,1.1372858928302856,1610737538041.0,0.6797874033489824,1.0,0.6797874033489824,1.0004769720170026,211887.0,0.039237914547668944,1118.25
321821,long,close,1128.65,-13662.0,1127.8607878914622,81973.0,607.2216754477632,0.008470191650971494,0.0030261817215257165,0.01149637337249721,3.2105174832947903,27.621170687659113,64.23528066897468,11.024763185679834,0.0,14.235280668974626,1.1373668303644755,1610737565225.0,0.420945550524908,1.0,0.420945550524908,1.00047640545542,27184.0,0.03925011080297949,1119.3
321823,long,close,1128.65,-13662.0,1127.8607878914622,68311.0,554.4415977625404,0.008470191650971494,0.0030261817215257165,0.01149637337249721,3.213543665016316,27.626114128209284,64.24677704234718,11.033233377330806,0.0,14.246777042347123,1.1374712056918337,1610737565458.0,1.0,1.0,1.0,1.000475840983486,233.0,0.039250354728085704,1119.3
321831,long,close,1128.65,-13662.0,1127.8607878914622,54649.0,490.4912860639881,0.008470191650971494,0.0030261817215257165,0.01149637337249721,3.2165698467378414,27.63105756875946,64.25827341571967,11.041703568981777,0.0,14.25827341571962,1.1375698745464908,1610737572225.0,0.508691539421763,1.0,0.508691539421763,1.0004752785893474,6767.0,0.039251330428510554,1120.35
321832,long,close,1128.75,-54649.0,1127.8607878914622,0.0,0.0,0.03817106929300427,0.01210387596899225,0.050274945261996516,3.2286737227068336,27.652675795222112,64.30854836098166,11.07987463827478,0.0,14.308548360981616,1.1380268057216085,1610737572492.0,1.0,1.0,1.0,1.0004758590487923,267.0,0.03925145239106366,
321845,long,entry,1129.1,33489.0,1129.1,33489.0,359.4613883521996,0.0,0.007414976529979631,0.007414976529979631,3.2360886992368134,27.655864235130007,64.31596333751165,11.07987463827478,0.0,14.315963337511596,1.1380924631819846,1610737574496.0,1.0,1.0,1.0,1.0004751786322128,2004.0,0.03925303790425403,1122.45
321956,long,reentry,1122.45,62055.0,1124.7808826299924,95544.0,649.7818544430379,0.0,0.01382132834424696,0.01382132834424696,3.2499100275810604,27.661807406318037,64.3297846658559,11.07987463827478,0.0,14.329784665855842,1.1381993488511704,1610737595905.0,0.6797386062435855,1.0,0.6797386062435855,1.0004746883966038,21409.0,0.039266575747648746,1115.1
322586,long,reentry,1115.1,177043.0,1118.4932295010399,272587.0,903.3279185999156,0.0,0.03969218007353601,0.03969218007353601,3.2896022076545965,27.678875043749652,64.36947684592943,11.07987463827478,0.0,14.369476845929377,1.1384394845580637,1610737733273.0,0.4172360049838225,1.0,0.4172360049838225,1.0004749559011665,137368.0,0.03934341215610524,1099.35
323118,long,close,1119.3,-14346.0,1118.4932295010399,258241.0,892.7181071719762,0.00924487348446335,0.003204234789600644,0.012449108274063994,3.2928064424441974,27.6842281603075,64.3819259542035,11.089119511759245,0.0,14.38192595420344,1.1384828343800157,1610737812677.0,0.18699674322750814,1.0,0.18699674322750814,1.0004744275809925,79404.0,0.03940829623435739,1100.4
323130,long,close,1120.0,-14346.0,1118.4932295010399,243895.0,881.1257863830564,0.01725546045846535,0.003202232142857143,0.02045769260132249,3.2960086745870547,27.69302496812607,64.40238364680482,11.10637497221771,0.0,14.402383646804763,1.1386676842976502,1610737813503.0,0.20282349674333505,1.0,0.20282349674333505,1.0004741341641132,826.0,0.039409759784994655,1101.45
323163,long,close,1119.3,-13549.0,1118.4932295010399,230346.0,869.2001218382862,0.008731269401993164,0.003026221745733941,0.011757491147727105,3.2990348963327887,27.698080689319593,64.41414113795254,11.115106241619703,0.0,14.41414113795249,1.1387710702474987,1610737817207.0,0.2129291769691323,1.0,0.2129291769691323,1.0004735890919665,3704.0,0.039413784549247134,1101.45
323177,long,close,1119.3,-13549.0,1118.4932295010399,216797.0,856.1639154828139,0.008731269401993164,0.003026221745733941,0.011757491147727105,3.3020611180785227,27.70313641051311,64.42589862910026,11.123837511021696,0.0,14.425898629100216,1.1388755398672503,1610737819662.0,0.22340842364236208,1.0,0.22340842364236208,1.000473045991778,2455.0,0.03941549202499062,1102.5
323195,long,close,1119.3,-13549.0,1118.4932295010399,203248.0,841.8544680532151,0.008731269401993164,0.003026221745733941,0.011757491147727105,3.3050873398242566,27.70819213170663,64.43765612024798,11.13256878042369,0.0,14.437656120247942,1.1389788639691585,1610737823404.0,0.23485060504686192,1.0,0.23485060504686192,1.0004725048525527,3742.0,0.039417687350946515,1103.55
323302,long,close,1119.3,-13549.0,1118.4932295010399,189699.0,826.0756670111463,0.008731269401993164,0.003026221745733941,0.011757491147727105,3.3081135615699906,27.71324785290015,64.4494136113957,11.141300049825682,0.0,14.449413611395668,1.139054358694011,1610737858735.0,0.24534582219244755,1.0,0.24534582219244755,1.0004719656633767,35331.0,0.03943073734412881,1103.55
324060,long,close,1119.3,-13549.0,1118.4932295010399,176150.0,808.5889447853696,0.008731269401993164,0.003026221745733941,0.011757491147727105,3.3111397833157246,27.718303574093667,64.46117110254342,11.150031319227676,0.0,14.461171102543394,1.1389934221417721,1610738049084.0,0.25488146212858326,1.0,0.25488146212858326,1.0004714284134173,190349.0,0.03952318495938281,1104.6
324073,long,close,1120.35,-14679.0,1118.4932295010399,161471.0,787.3274551002926,0.021750418603663963,0.0032755388940955955,0.025025957497759557,3.31441532220982,27.729064735817705,64.48619706004118,11.17178173783134,0.0,14.486197060041153,1.1392190006875245,1610738050148.0,0.2776586164147137,1.0,0.2776586164147137,1.0004712743415478,1064.0,0.03952477047257318,1105.65
324091,long,close,1121.6,-16147.0,1118.4932295010399,145324.0,760.5951933721637,0.03998799762650706,0.003599099500713267,0.04358709712722032,3.3180144217105334,27.747807187582413,64.52978415716841,11.211769735457848,0.0,14.529784157168374,1.1396123335262018,1610738051369.0,0.2972800293642516,1.0,0.2972800293642516,1.0004716525640318,1221.0,0.03952696579852908,1106.7
324096,long,close,1121.85,-16147.0,1118.4932295010399,129177.0,729.6155242714964,0.04319618009360378,0.0035982974550964925,0.046794477548700274,3.3216127191656297,27.767928812928357,64.57657863471711,11.254965915551452,0.0,14.576578634717073,1.1400355450905795,1610738051453.0,0.3217449675653971,1.0,0.3217449675653971,1.0004721202324838,84.0,0.03952757561129461,1106.7
324109,long,close,1122.1,-16147.0,1118.4932295010399,113030.0,693.2946635863918,0.0464029330167801,0.0035974957668656986,0.0500004287836458,3.3252102149324956,27.789428997305325,64.62657906350076,11.301368848568233,0.0,14.626579063500719,1.1404855586389686,1610738053823.0,0.3493998624356892,1.0,0.3493998624356892,1.0004726766144367,2370.0,0.039529161124484985,1107.75
324132,long,close,1121.1,-16147.0,1118.4932295010399,96883.0,650.197920803424,0.03356734023517027,0.0036007046650611014,0.03716804490023137,3.3288109195975566,27.805411256612423,64.66374710840098,11.334936188803402,0.0,14.66374710840095,1.140820041095706,1610738055492.0,0.3812631293294138,1.0,0.3812631293294138,1.000472864920053,1669.0,0.03953196626320641,1108.8
324134,long,close,1121.4,-16147.0,1118.4932295010399,80736.0,598.1263482720628,0.037420421738715993,0.0035997413946852147,0.041020163133401205,3.3324106609922417,27.823049926759783,64.70476727153438,11.372356610542118,0.0,14.704767271534351,1.1411905745709567,1610738055652.0,1.0,1.0,1.0,1.000473161219375,160.0,0.03953221018831262,1109.85
324142,long,close,1121.85,-16147.0,1118.4932295010399,64589.0,533.9548998119578,0.04319618009360378,0.0035982974550964925,0.046794477548700274,3.336008958447338,27.843171552105723,64.75156174908308,11.415552790635722,0.0,14.75156174908305,1.1416118887482003,1610738057215.0,0.46653019240807814,1.0,0.46653019240807814,1.0004736191084618,1563.0,0.039533185888737464,1110.9
324150,long,close,1122.45,-16147.0,1118.4932295010399,48442.0,452.9280413344695,0.05088998729413339,0.0035963740032963604,0.05448636129742975,3.3396053324506343,27.866600687463617,64.8060481103805,11.466442777929856,0.0,14.80604811038048,1.142101705463751,1610738059649.0,0.5242739666678922,1.0,0.5242739666678922,1.000474291469187,2434.0,0.03953416158916231,1110.9
324153,long,close,1122.5,-48442.0,1118.4932295010399,0.0,0.0,0.15459549123206662,0.010788864142538974,0.16538435537460558,3.3503941965931734,27.937715960274698,64.97143246575511,11.621038269161923,0.0,14.971432465755086,1.1435937445731164,1610738059767.0,0.5964826572814206,1.0,0.5964826572814206,1.000478078964747,118.0,0.039534527476821624,
324898,long,entry,1120.3,33571.0,1120.3,33571.0,356.6634564281384,0.0,0.007491520128536999,0.007491520128536999,3.3578857167217104,27.94093731392997,64.97892398588365,11.621038269161923,0.0,14.978923985883624,1.1434868410826622,1610738251657.0,1.0,1.0,1.0,1.0004774180543652,191890.0,0.039625389578885256,1114.05
324904,long,close,1121.1,-33571.0,1120.3,0.0,0.0,0.02138334172805127,0.007486174293104986,0.028869516021156255,3.3653718910148154,27.953351205819068,65.00779350190481,11.642421610889974,0.0,15.00779350190478,1.1437427235866,1610738256105.0,0.6815931291093708,1.0,0.6815931291093708,1.00047735782138,4448.0,0.03962612135420389,
324915,long,entry,1120.25,33588.0,1120.25,33588.0,356.64542342787746,0.0,0.007495648292791788,0.007495648292791788,3.3728675393076073,27.956574334584968,65.0152891501976,11.642421610889974,0.0,15.015289150197573,1.143802333014882,1610738264749.0,1.0,1.0,1.0,1.00047670061741,8644.0,0.03962746294228805,1114.05
325024,long,reentry,1114.05,62238.0,1116.2231638594953,95826.0,644.7732770037576,0.0,0.013966608320990979,0.013966608320990979,3.386834147628598,27.962579976162992,65.02925575851859,11.642421610889974,0.0,15.029255758518564,1.143912997518002,1610738281269.0,0.6798515050019054,1.0,0.6798515050019054,1.0004762261346782,16520.0,0.039640756860576554,1106.7
325061,long,close,1117.0,-13689.0,1116.2231638594953,82137.0,600.9297882618948,0.00852897696635186,0.0030637869292748435,0.011592763895626704,3.389897934557873,27.96756486463811,65.04084852241421,11.650950587856325,0.0,15.04084852241419,1.1440142335544137,1610738284656.0,0.42115694676025,1.0,0.42115694676025,1.0004756872550136,3387.0,0.03964526947504146,1107.75
325270,long,close,1117.0,-13689.0,1116.2231638594953,68448.0,548.6958965125415,0.00852897696635186,0.0030637869292748435,0.011592763895626704,3.3929617214871475,27.972549753113228,65.05244128630983,11.659479564822677,0.0,15.052441286309817,1.144028101620268,1610738383880.0,0.4596684006097246,1.0,0.4596684006097246,1.00047515026368,99224.0,0.03967075964864052,1107.75
325276,long,close,1117.0,-13689.0,1116.2231638594953,54759.0,485.40822582452586,0.00852897696635186,0.0030637869292748435,0.011592763895626704,3.396025508416422,27.977534641588342,65.06403405020545,11.668008541789028,0.0,15.064034050205443,1.1441321804745401,1610738384049.0,1.0,1.0,1.0,1.0004746151504889,169.0,0.039671491423959156,1108.8
325277,long,close,1117.2,-54759.0,1116.2231638594953,0.0,0.0,0.04289387380909816,0.012253625134264232,0.05514749894336239,3.4082791335506863,28.001248066133986,65.1191815491488,11.710902415598126,0.0,15.119181549148806,1.1446274278717168,1610738384563.0,1.0,1.0,1.0,1.0004752858403068,514.0,0.03967161338651226,
325321,long,entry,1119.05,33610.0,1119.05,33610.0,356.26696513488355,0.0,0.007508601045529691,0.007508601045529691,3.415787734596216,28.004476764583565,65.12669015019434,11.710902415598126,0.0,15.126690150194335,1.1446811085635908,1610738399637.0,1.0,1.0,1.0,1.0004746394399793,15074.0,0.0396769797388489,1113.0
325369,long,reentry,1113.0,62279.0,1115.120582131423,95889.0,644.117661643792,0.0,0.013988993710691825,0.013988993710691825,3.429776728306908,28.010492031879163,65.14067914390503,11.710902415598126,0.0,15.140679143905027,1.1447862773224942,1610738422045.0,0.67988951423255,1.0,0.67988951423255,1.0004741737114915,22408.0,0.03968283394139797,1105.65
325439,long,close,1115.9,-13698.0,1115.120582131423,82191.0,600.3170675267639,0.008579864130937413,0.003068823371269827,0.01164868750220724,3.4328455516781777,28.015500967505112,65.15232783140723,11.719482279729062,0.0,15.152327831407234,1.1448624533727843,1610738453107.0,0.42101783223029937,1.0,0.42101783223029937,1.0004736452791352,31062.0,0.039691371320115354,1106.7
325454,long,close,1118.45,-16438.0,1115.120582131423,65753.0,536.3278713455766,0.04388123849066074,0.0036742813715409718,0.04755551986220171,3.4365198330497186,28.035949841045856,65.19988335126943,11.763363518219723,0.0,15.199883351269436,1.145279085728509,1610738464394.0,0.4630677809339797,1.0,0.4630677809339797,1.000474102841264,11287.0,0.03969320075841194,1106.7
325462,long,close,1119.1,-16438.0,1115.120582131423,49315.0,455.3853203774467,0.05241767988643019,0.0036721472611920295,0.056089827147622215,3.4401919803109107,28.060068466719336,65.25597317841707,11.815781198106153,0.0,15.255973178417058,1.1457772945598523,1610738470024.0,0.5203864329572309,1.0,0.5203864329572309,1.0004747910725353,5630.0,0.039694176458836786,1107.75
325546,long,close,1115.9,-49315.0,1115.120582131423,0.0,0.0,0.030888888860941637,0.011048257012277086,0.04193714587321872,3.4512402373231876,28.078101439444822,65.29791032429029,11.846670086967094,0.0,15.297910324290276,1.1461146535462245,1610738512069.0,0.5909590223861971,1.0,0.5909590223861971,1.000475089739653,42045.0,0.03970442131329765,
325550,long,entry,1116.35,33620.0,1116.35,33620.0,355.40058314709756,0.0,0.0075290007614099526,0.0075290007614099526,3.4587692380845976,28.081338909772228,65.3054393250517,11.846670086967094,0.0,15.305439325051687,1.1461786353049184,1610738515888.0,1.0,1.0,1.0,1.0004744505708967,3819.0,0.03970490916351007,1109.85
325628,long,close,1117.15,-33620.0,1116.35,0.0,0.0,0.021566309301810378,0.0075236091840845,0.02908991848589488,3.466292847268682,28.093847574721163,65.33452924353759,11.868236396268905,0.0,15.334529243537581,1.1463939427372605,1610738565019.0,0.6808256999127996,1.0,0.6808256999127996,1.0004743991401266,49131.0,0.03971442224265231,
325658,long,entry,1118.1,33692.0,1118.1,33692.0,355.9607249337362,0.0,0.007533315445845632,0.007533315445845632,3.4738261627145275,28.097086900362875,65.34206255898343,11.868236396268905,0.0,15.342062558983427,1.1464445898112732,1610738583225.0,1.0,1.0,1.0,1.0004737634591574,18206.0,0.03971808111924547,1111.95
325706,long,close,1118.9,-33692.0,1118.1,0.0,0.0,0.021544918604622272,0.007527929216194476,0.029072847820816747,3.4813540919307218,28.109588224925822,65.37113540680424,11.889781314873527,0.0,15.371135406804244,1.1466744592652065,1610738616209.0,0.6809816051857536,1.0,0.6809816051857536,1.0004737125214314,32984.0,0.03972393532179454,
326196,long,entry,1117.35,33688.0,1117.35,33688.0,355.7200260234248,0.0,0.007537477066272879,0.007537477066272879,3.4888915689969946,28.112829340064323,65.37867288387052,11.889781314873527,0.0,15.378672883870518,1.1464931271142558,1610738884836.0,1.0,1.0,1.0,1.0004730802925257,268627.0,0.03978369697281625,1110.9
326234,long,close,1118.15,-33688.0,1117.35,0.0,0.0,0.021571279892753266,0.007532084246299691,0.029103364139052956,3.496423653243294,28.125343786644112,65.40777624800957,11.911352594766281,0.0,15.40777624800957,1.1467371471603647,1610738902238.0,0.6813401182267985,1.0,0.6813401182267985,1.0004730311200805,17402.0,0.039788331549834265,
326318,long,entry,1117.1,33700.0,1117.1,33700.0,355.64523588188456,0.0,0.007541849431563872,0.007541849431563872,3.503965502674858,28.128586781899685,65.41531809744113,11.911352594766281,0.0,15.415318097441133,1.1467619053041664,1610738948259.0,1.0,1.0,1.0,1.0004724023153562,46021.0,0.039798576404295134,1110.9
326335,long,close,1117.9,-33700.0,1117.1,0.0,0.0,0.021588619895348507,0.007536452276590035,0.02912507217193854,3.511501954951448,28.141110562933623,65.44444316961308,11.93294121466163,0.0,15.444443169613072,1.1470112466463704,1610738959911.0,0.6813785738381253,1.0,0.6813785738381253,1.0004723546496161,11652.0,0.039800649767697927,
326347,long,entry,1117.05,33717.0,1117.05,33717.0,355.62653380804795,0.0,0.007545991674499799,0.007545991674499799,3.519047946625948,28.144355339353663,65.45198916128759,11.93294121466163,0.0,15.451989161287571,1.147070978031599,1610738968160.0,1.0,1.0,1.0,1.0004717292302014,8249.0,0.03980211331833519,1110.9
326382,long,close,1117.85,-33717.0,1117.05,0.0,0.0,0.02160144326912988,0.007540591313682517,0.029142034582812396,3.5265885379396305,28.156886414224275,65.4811311958704,11.95454265793076,0.0,15.481131195870384,1.1473163483939262,1610738984107.0,0.6813096748740497,1.0,0.6813096748740497,1.0004716829248463,15947.0,0.03980638200769389,
327096,long,entry,1116.3,33713.0,1116.3,33713.0,355.3859369749092,0.0,0.007550165726059303,0.007550165726059303,3.5341387036656897,28.160132985486477,65.48868136159646,11.95454265793076,0.0,15.488681361596443,1.147083232514827,1610739307831.0,1.0,1.0,1.0,1.0004710608596088,323724.0,0.039893463270611246,1109.85
327540,long,reentry,1109.85,62470.0,1112.1107825707245,96183.0,642.4412473879968,0.0,0.014071721403793307,0.014071721403793307,3.548210425069483,28.166183825690112,65.50275308300026,11.95454265793076,0.0,15.502753083000236,1.1470373592285896,1610739492680.0,0.6797747909759333,1.0,0.6797747909759333,1.0004706144814959,184849.0,0.0399476146441901,1102.5
327657,long,close,1112.9,-13740.0,1112.1107825707245,82443.0,598.7591283943715,0.008761514954240601,0.0030865306855961897,0.011848045639836791,3.551296955755079,28.17127848531524,65.5146011286401,11.963304172885001,0.0,15.514601128640074,1.1470835321163757,1610739556661.0,0.4208588773208358,1.0,0.4208588773208358,1.0004701105201395,63981.0,0.03996188426290345,1103.55
327704,long,close,1115.45,-16488.0,1112.1107825707245,65955.0,534.9431498716502,0.04438278167425418,0.003695369581783137,0.04807815125603732,3.554992325336862,28.191952090355336,65.56267927989613,12.007686954559256,0.0,15.56267927989611,1.1474957390739806,1610739572985.0,0.4618379216300813,1.0,0.4618379216300813,1.0004705683478643,16324.0,0.039967616502899414,1104.6
327717,long,close,1116.05,-16488.0,1112.1107825707245,49467.0,454.2210256024802,0.052329456999085734,0.003693382912951929,0.056022839912037665,3.5586857082498136,28.216041911517515,65.61870211980818,12.060016411558342,0.0,15.618702119808148,1.1479844748910017,1610739582637.0,0.5202518722284648,1.0,0.5202518722284648,1.0004712336008499,9652.0,0.039969202016089785,1104.6
327719,long,close,1116.1,-49467.0,1112.1107825707245,0.0,0.0,0.15898352461514487,0.011080324343696803,0.17006384895884166,3.5697660325935106,28.289169366569812,65.78876596876701,12.218999936173487,0.0,15.78876596876699,1.1494938250301774,1610739582812.0,0.5929371998006181,1.0,0.5929371998006181,1.0004748983485483,175.0,0.039969445941196,
327776,long,entry,1114.55,33819.0,1114.55,33819.0,354.83396958579976,0.0,0.00758579695841371,0.00758579695841371,3.577351829551924,28.292431259261928,65.79635176572542,12.218999936173487,0.0,15.796351765725404,1.149544558793146,1610739600397.0,1.0,1.0,1.0,1.000474277178391,17585.0,0.03997639780672301,1107.75
327985,long,close,1115.35,-33819.0,1114.55,0.0,0.0,0.02176406533099228,0.007580355942080961,0.029344421273073244,3.5849321854940053,28.305049360409352,65.8256961869985,12.240764001504479,0.0,15.825696186998478,1.1497063359277302,1610739704863.0,0.6804736879011258,1.0,0.6804736879011258,1.0004742284042512,104466.0,0.04000188798032207,
356509,long,entry,1170.3,35530.0,1170.3,35530.0,372.5787341940327,0.0,0.007589934204904726,0.007589934204904726,3.59252211969891,28.30831303211746,65.8332861212034,12.240764001504479,0.0,15.833286121203383,1.1318170935219691,1610761354385.0,1.0,1.0,1.0,1.0004736105227092,21649522.0,0.04348074784510463,1163.8
356554,long,close,1171.1,-35530.0,1170.3,0.0,0.0,0.020739295923229872,0.007584749380923919,0.02832404530415379,3.600106869079834,28.32049237159825,65.86161016650756,12.261503297427709,0.0,15.861610166507537,1.132030104781372,1610761362782.0,0.6814341120994976,1.0,0.6814341120994976,1.0004735359995307,8397.0,0.04348623615999438,
357375,long,entry,1168.75,35502.0,1168.75,35502.0,372.0830930854101,0.0,0.007594010695187166,0.007594010695187166,3.607700879775021,28.32375779619718,65.86920417720275,12.261503297427709,0.0,15.869204177202725,1.1316751317104063,1610761930012.0,1.0,1.0,1.0,1.0004729214240526,567230.0,0.043586367416094035,1162.7
357567,long,reentry,1162.7,65785.0,1164.820579146386,101287.0,672.7741912529232,0.0,0.01414487830050744,0.01414487830050744,3.6218457580755286,28.3298400938664,65.88334905550326,12.261503297427709,0.0,15.883349055503233,1.1317647037946013,1610761956781.0,0.6799698162943189,1.0,0.6799698162943189,1.0004724792788786,26769.0,0.0436097842262903,1155.0
357634,long,close,1165.65,-14469.0,1164.820579146386,86818.0,627.0204280306899,0.008838656664730535,0.003103204220821001,0.011941860885551535,3.6249489622963496,28.33497509404719,65.89529091638882,12.270341954092439,0.0,15.895290916388785,1.1318378242401221,1610761982773.0,0.4211201245457553,1.0,0.4211201245457553,1.0004719813917817,25992.0,0.04361795571734837,1156.1
357800,long,close,1165.65,-14469.0,1164.820579146386,72349.0,572.5120447767076,0.008838656664730535,0.003103204220821001,0.011941860885551535,3.6280521665171706,28.34011009422798,65.90723277727437,12.27918061075717,0.0,15.907232777274336,1.1318532639880021,1610762087970.0,0.4603026097170856,1.0,0.4603026097170856,1.000471485148133,105197.0,0.04363820150116389,1156.1
357811,long,close,1165.65,-14469.0,1164.820579146386,57880.0,506.4705274101033,0.008838656664730535,0.003103204220821001,0.011941860885551535,3.6311553707379916,28.34524509440877,65.91917463815993,12.2880192674219,0.0,15.919174638159888,1.1319400610138155,1610762095051.0,0.5087841743657592,1.0,0.5087841743657592,1.0004709905395528,7081.0,0.04363954308924805,1157.2
357871,long,close,1165.65,-57880.0,1164.820579146386,0.0,0.0,0.035357070133015644,0.012413674773731394,0.04777074490674704,3.643569045511723,28.365786514718668,65.96694538306667,12.323376337554915,0.0,15.966945383066635,1.1322785835930915,1610762135058.0,0.5646634627728183,1.0,0.5646634627728183,1.0004714219408974,40007.0,0.04364686084243438,
357907,long,entry,1167.2,35512.0,1167.2,35512.0,371.59236595794226,0.0,0.0076062371487320085,0.0076062371487320085,3.6511752826604553,28.369057196692626,65.97455162021541,12.323376337554915,0.0,15.974551620215367,1.1323241450969854,1610762152812.0,1.0,1.0,1.0,1.0004708172185481,17754.0,0.043651251494346184,1160.5
358307,long,reentry,1160.5,65803.0,1162.8484222474463,101315.0,671.744590809113,0.0,0.014175570874623008,0.014175570874623008,3.6653508535350783,28.375152692168715,65.98872719109004,12.323376337554915,0.0,15.98872719108999,1.1323370890746711,1610762284437.0,0.6797859744427228,1.0,0.6797859744427228,1.0004703833445063,131625.0,0.0437000365155884,1152.9
358620,long,close,1163.65,-14473.0,1162.8484222474463,86842.0,626.0710322741136,0.008573511511972132,0.0031093971555020837,0.011682908667474215,3.6684602506905803,28.380176342895727,66.0004100997575,12.331949849066888,0.0,16.000410099757467,1.1323266465494943,1610762421827.0,0.42036017705659423,1.0,0.42036017705659423,1.000469886927794,137390.0,0.043738210794710436,1153.95
358714,long,close,1166.3,-17368.0,1162.8484222474463,69474.0,559.3449012233903,0.04420120284102493,0.0037228843350767386,0.04792408717610167,3.6721831350256573,28.40078370038145,66.0483341869336,12.376151051907913,0.0,16.04833418693357,1.1326641804444642,1610762463443.0,0.46197651160218833,1.0,0.46197651160218833,1.0004703196952645,41616.0,0.04374967527470236,1155.0
359017,long,close,1163.65,-13894.0,1162.8484222474463,55580.0,493.7089212142157,0.008230523661116618,0.002985004081983414,0.011215527743100032,3.6751681391076407,28.405606377310978,66.05954971467669,12.38438157556903,0.0,16.05954971467667,1.132664181145208,1610762581206.0,0.5163468212508515,1.0,0.5163468212508515,1.0004698128539853,117763.0,0.04378662992829334,1155.0
359020,long,close,1163.8,-55580.0,1162.8484222474463,0.0,0.0,0.03908061248407196,0.011939336655782782,0.05101994913985474,3.6871074757634235,28.427544955441114,66.11056966381655,12.423462188053103,0.0,16.110569663816523,1.1330551901647292,1610762581416.0,0.5757603254872475,1.0,0.5757603254872475,1.0004703220697693,210.0,0.043786995815952655,
359050,long,entry,1163.8,35486.0,1163.8,35486.0,370.51247492716703,0.0,0.0076228733459357285,0.0076228733459357285,3.694730349109359,28.430822790979867,66.11819253716249,12.423462188053103,0.0,16.11819253716246,1.1330938230092646,1610762608427.0,1.0,1.0,1.0,1.0004697252965644,27011.0,0.04379065469254582,1157.2
359085,long,close,1164.6,-35486.0,1163.8,0.0,0.0,0.02094555616262306,0.0076176369568950715,0.028563193119518132,3.702347986066254,28.443104964021263,66.14675573028201,12.444407744215725,0.0,16.146755730281978,1.1332996668900936,1610762626172.0,0.6814440074566529,1.0,0.6814440074566529,1.0004696620012947,17745.0,0.043794923381904514,
366247,long,entry,1161.3,35429.0,1161.3,35429.0,369.71546237795644,0.0,0.007627012830448636,0.007627012830448636,3.7099749988967026,28.44638457953836,66.15438274311246,12.444407744215725,0.0,16.154382743112425,1.1271260098464053,1610771529329.0,1.0,1.0,1.0,1.0004690683325288,8903157.0,0.04466841918724643,1155.0
366428,long,close,1162.1,-35429.0,1161.3,0.0,0.0,0.021002014506010847,0.007621762326822133,0.02862377683283298,3.7175967612235246,28.458692803576476,66.1830065199453,12.465409758721737,0.0,16.18300651994526,1.127244367093066,1610771664175.0,0.681018538994904,1.0,0.681018538994904,1.0004690074838598,134846.0,0.04469049440935853,
366485,long,entry,1160.8,35433.0,1160.8,35433.0,369.55517298333814,0.0,0.007631159545141283,0.007631159545141283,3.725227920768666,28.461974202180887,66.19063767949044,12.465409758721737,0.0,16.1906376794904,1.1272656152785914,1610771715505.0,1.0,1.0,1.0,1.0004684168895255,51330.0,0.04469744627488555,1153.95
366680,long,reentry,1153.95,65657.0,1156.3509897121378,101090.0,668.0233145986829,0.0,0.014224403137050999,0.014224403137050999,3.739452323905717,28.468090695529817,66.20486208262749,12.465409758721737,0.0,16.20486208262745,1.1272804385919657,1610771848259.0,0.6797337958373012,1.0,0.6797337958373012,1.0004679943088066,132754.0,0.044721228972741126,1146.6
366900,long,close,1157.15,-14441.0,1156.3509897121378,86649.0,622.6048119149038,0.008623236617251158,0.003119949876852612,0.01174318649410377,3.7425722737825695,28.473140265722282,66.21660526912159,12.474032995338987,0.0,16.216605269121555,1.1272861626427335,1610771967578.0,0.4201438178909918,1.0,0.4201438178909918,1.0004675106815857,119319.0,0.04474806073442435,1147.65
366933,long,close,1159.8,-17329.0,1156.3509897121378,69320.0,556.252196040904,0.044565133380346775,0.0037353423003966203,0.048300475680743395,3.7463076160829663,28.493909470265002,66.26490574480233,12.518598128719335,0.0,16.2649057448023,1.127618266915847,1610771995309.0,0.46211247350764245,1.0,0.46211247350764245,1.0004679457091032,27731.0,0.044752085498676826,1147.65
366946,long,close,1160.45,-17330.0,1156.3509897121378,51990.0,472.3133061501472,0.052937260366777414,0.0037334654659830235,0.056670725832760435,3.7500410815489493,28.51827788237309,66.3215764706351,12.571535389086112,0.0,16.32157647063506,1.1280289443139229,1610771996029.0,0.5203895533360028,1.0,0.5203895533360028,1.0004685878222814,720.0,0.044753671011867203,1148.7
366951,long,close,1160.85,-51990.0,1156.3509897121378,0.0,0.0,0.174249291749173,0.01119653702028686,0.18544582876945986,3.761237618569236,28.59801958874396,66.50702229940455,12.745784680835285,0.0,16.507022299404518,1.12937293603733,1610771996106.0,1.0,1.0,1.0,1.000472436952515,77.0,0.04475428082463273,
366969,long,entry,1159.3,35560.0,1159.3,35560.0,369.0743349955166,0.0,0.007668420598637109,0.007668420598637109,3.7689060391678733,28.60131700960137,66.51469072000319,12.745784680835285,0.0,16.514690720003156,1.129420296853542,1610772008149.0,1.0,1.0,1.0,1.000471846542292,12043.0,0.04475647615058863,1152.9
367016,long,close,1160.1,-35560.0,1159.3,0.0,0.0,0.021152440234149236,0.007663132488578571,0.028815572722727806,3.776569171656452,28.61370770587214,66.54350629272591,12.766937121069434,0.0,16.543506292725883,1.1296148774788997,1610772028816.0,0.6808971684285694,1.0,0.6808971684285694,1.00047178280284,20667.0,0.04476220839058459,
367471,long,entry,1158.35,35551.0,1158.35,35551.0,368.77653479693623,0.0,0.007672767298312256,0.007672767298312256,3.7842419389547644,28.617006995810417,66.55117906002423,12.766937121069434,0.0,16.551179060024197,1.1295020385539523,1610772276842.0,1.0,1.0,1.0,1.0004711954194825,248026.0,0.044817701352247614,1151.85
367483,long,close,1159.15,-35551.0,1158.35,0.0,0.0,0.02118177574481988,0.007667471854376051,0.02884924759919593,3.7919094108091405,28.62941217227807,66.58002830762342,12.788118896814254,0.0,16.580028307623394,1.1297033496572155,1610772287416.0,0.6816088626834136,1.0,0.6816088626834136,1.0004711334022545,10574.0,0.04481916490288488,
367683,long,entry,1158.0,35560.0,1158.0,35560.0,368.6667937925255,0.0,0.007677029360967185,0.007677029360967185,3.7995864401701076,28.632713294903287,66.58770533698438,12.788118896814254,0.0,16.58770533698436,1.1296398393905334,1610772462711.0,1.0,1.0,1.0,1.00047054901588,175295.0,0.044843557413505986,1151.85
367711,long,close,1158.8,-35560.0,1158.0,0.0,0.0,0.02119994300577454,0.007671729375215742,0.028871672380990282,3.807258169545323,28.64512811402711,66.61657700936537,12.809318839820028,0.0,16.61657700936535,1.1298403607824288,1610772474272.0,0.6814285644480229,1.0,0.6814285644480229,1.0004704884239772,11561.0,0.044846972364992944,
393545,long,entry,1205.7,37045.0,1205.7,37045.0,383.8520823368386,0.0,0.00768122252633325,0.00768122252633325,3.8149393920716563,28.648431039713433,66.6242582318917,12.809318839820028,0.0,16.624258231891684,1.115462685572986,1610796367271.0,1.0,1.0,1.0,1.0004699070059544,23892999.0,0.04799775296192158,1199.0
393616,long,close,1206.55,-37045.0,1205.7,0.0,0.0,0.021645316472195867,0.007675811197215201,0.029321127669411067,3.8226152032688714,28.661039124611282,66.65357935956112,12.830964156292223,0.0,16.653579359561096,1.1156430019575698,1610796379416.0,0.6812124554963553,1.0,0.6812124554963553,1.000469858295861,12145.0,0.048006412303192074,
393636,long,entry,1205.45,37058.0,1205.45,37058.0,383.7732680027324,0.0,0.007685511634659256,0.007685511634659256,3.830300714903531,28.664343894614188,66.66126487119578,12.830964156292223,0.0,16.661264871195755,1.115687919663037,1610796386937.0,1.0,1.0,1.0,1.0004692798036547,7521.0,0.04800885155425419,1199.0
393644,long,close,1206.3,-37058.0,1205.45,0.0,0.0,0.021661891368513462,0.0076800961618171265,0.02934198753033059,3.837980811065348,28.67696094925223,66.69060685872611,12.852626047660737,0.0,16.690606858726085,1.1158720189925515,1610796392133.0,0.6817536545296191,1.0,0.6817536545296191,1.0004692323854978,5196.0,0.04800982725467903,
393733,long,entry,1205.25,37072.0,1205.25,37072.0,383.706491658444,0.0,0.0076896909354905625,0.0076896909354905625,3.845670502000839,28.68026751635449,66.6982965496616,12.852626047660737,0.0,16.698296549661574,1.1159013847569323,1610796428500.0,1.0,1.0,1.0,1.0004686567904675,36367.0,0.04802068192190542,1199.0
393887,long,reentry,1199.0,68694.0,1201.1906850972903,105766.0,693.7857232183945,0.0,0.014323185988323604,0.014323185988323604,3.8599936879891623,28.686426486329466,66.71261973564992,12.852626047660737,0.0,16.7126197356499,1.1159878987635117,1610796437170.0,0.6799645592739947,1.0,0.6799645592739947,1.0004682445452404,8670.0,0.04803946415508368,1191.3
394149,long,reentry,1191.3,195984.0,1194.7667711681856,301750.0,964.784991330408,0.0,0.041128179299924454,0.041128179299924454,3.9011218672890866,28.70411160342843,66.75374791494984,12.852626047660737,0.0,16.753747914949823,1.1162444851361077,1610796446759.0,0.4175985534368147,1.0,0.4175985534368147,1.0004684848081729,9589.0,0.048071418343997335,1174.8
394209,long,close,1195.6,-15881.0,1194.7667711681856,285869.0,953.4480997201955,0.009263457067926362,0.0033207176313148215,0.012584174699241182,3.9044425849204014,28.709522798549106,66.76633208964908,12.861889504728662,0.0,16.766332089649065,1.1163212839828263,1610796452808.0,0.18993703498706294,1.0,0.18993703498706294,1.0004680317215255,6049.0,0.04807873609718367,1175.9
394211,long,close,1195.6,-15045.0,1194.7667711681856,270824.0,941.7670619124783,0.008775814595236579,0.003145910003345601,0.01192172459858218,3.907588494923747,28.714649140126493,66.77825381424766,12.8706653193239,0.0,16.77825381424765,1.1163966520368114,1610796453690.0,1.0,1.0,1.0,1.000467564008096,882.0,0.04807898002228988,1175.9
394220,long,close,1196.4,-15930.0,1194.7667711681856,254894.0,928.2322380720113,0.018201336296344333,0.0033287362086258775,0.02153007250497021,3.9109172311323728,28.723907071303632,66.79978388675264,12.888866655620244,0.0,16.799783886752618,1.1165332204569045,1610796454397.0,0.212371780620157,1.0,0.212371780620157,1.0004673298740818,707.0,0.04808007768526783,1177.0
394227,long,close,1196.45,-15930.0,1194.7667711681856,238964.0,913.3536972538116,0.018757771786104764,0.0033285970997534373,0.0220863688858582,3.914245828232126,28.733404209924547,66.82187025563849,12.907624427406349,0.0,16.821870255638476,1.1166730679552763,1610796455528.0,0.22369136232164313,1.0,0.22369136232164313,1.0004671097390354,1131.0,0.048080931423139565,1178.1
394234,long,close,1196.5,-15930.0,1194.7667711681856,223034.0,896.921314662288,0.019314160770600965,0.0033284580025073132,0.02264261877310828,3.9175742862346334,28.74314053599699,66.8445128744116,12.92693858817695,0.0,16.844512874411585,1.1168166041529295,1610796456323.0,0.2365816639469981,1.0,0.2365816639469981,1.0004669035211442,795.0,0.0480817851610113,1178.1
394248,long,close,1197.55,-17156.0,1194.7667711681856,205878.0,877.1465278991434,0.03337245542409332,0.003581478852657509,0.036953934276750824,3.921155765087291,28.759030727735993,66.88146680868836,12.960311043601044,0.0,16.881466808688337,1.1170498628714758,1610796459333.0,0.2504418229464416,1.0,0.2504418229464416,1.0004670414457297,3010.0,0.04808349263675478,1179.2
394255,long,close,1196.65,-15836.0,1194.7667711681856,190042.0,856.7237621891275,0.020859231639529095,0.0033084026239919772,0.024167634263521073,3.924464167711283,28.769422810469308,66.90563444295188,12.981170275240572,0.0,16.905634442951857,1.1172031219850957,1610796459914.0,0.26675316372067426,1.0,0.26675316372067426,1.0004668720598688,581.0,0.04808434637462652,1180.3
394267,long,close,1197.85,-17276.0,1194.7667711681856,172766.0,831.4960000798889,0.03721888694674131,0.003605626747923363,0.04082451369466467,3.9280697944592062,28.78697735135802,66.94645895664655,13.018389162187313,0.0,16.946458956646524,1.1174614122740807,1610796461844.0,0.28424431915357584,1.0,0.28424431915357584,1.000467101336984,1930.0,0.04808580992526379,1181.4
394270,long,close,1198.1,-17276.0,1194.7667711681856,155490.0,802.5974033900967,0.04022834087205855,0.0036048743844420334,0.043833215256500586,3.931674668843648,28.80582563391831,66.99029217190305,13.058617503059372,0.0,16.990292171903025,1.1177392226737317,1610796462823.0,0.30558209447144746,1.0,0.30558209447144746,1.0004674010676755,979.0,0.048086175812923106,1182.5
394274,long,close,1198.65,-19436.0,1194.7667711681856,136054.0,764.6007372594856,0.05270166652916766,0.004053727109665039,0.0567553936388327,3.9357283959533134,28.830230453183013,67.04704756554189,13.111319169588539,0.0,17.04704756554186,1.118098867407396,1610796463897.0,0.33016407662318753,1.0,0.33016407662318753,1.0004680067218257,1074.0,0.04808666366313553,1182.5
394285,long,close,1199.0,-19436.0,1194.7667711681856,116618.0,719.1818404847872,0.05743495923436379,0.004052543786488741,0.061487503020852534,3.9397809397398023,28.85667007948198,67.10853506856274,13.168754128822902,0.0,17.108535068562713,1.1184875128944263,1610796466453.0,0.361955407635928,1.0,0.361955407635928,1.0004687216463994,2556.0,0.04808800525121969,1183.6
394320,long,close,1199.5,-19436.0,1194.7667711681856,97182.0,663.9342642449014,0.06419201431812895,0.004050854522717799,0.06824286884084674,3.94383179426252,28.88601451308354,67.17677793740359,13.232946143141032,0.0,17.17677793740356,1.1189180467219424,1610796470265.0,0.3999066790564586,1.0,0.3999066790564586,1.0004695929205478,3812.0,0.048092273940578384,1184.7
394328,long,close,1200.15,-19436.0,1194.7667711681856,77746.0,595.2944684003353,0.07296776881470735,0.0040486605840936545,0.077016429398801,3.9478804548466138,28.919131577725025,67.25379436680238,13.30591391195574,0.0,17.25379436680236,1.1194041325823916,1610796473583.0,0.44649081763659737,1.0,0.44649081763659737,1.0004706669722474,3318.0,0.04809324964100323,1185.8
394384,long,close,1199.0,-19436.0,1194.7667711681856,58310.0,507.8676348492554,0.05743495923436379,0.004052543786488741,0.061487503020852534,3.9519329986331027,28.94557120402399,67.31528186982324,13.363348871190103,0.0,17.315281869823213,1.1197859737956102,1610796486941.0,0.5029893814232225,1.0,0.5029893814232225,1.0004713698178884,13358.0,0.04810007954397714,1186.9
394390,long,close,1198.6,-58310.0,1194.7667711681856,0.0,0.0,0.15608112209066086,0.012162105790088439,0.1682432278807493,3.964095104423191,29.017915792012708,67.48352509770397,13.519429993280765,0.0,17.48352509770396,1.1208479301486078,1610796490568.0,0.5762649577829415,1.0,0.5762649577829415,1.0004745753759636,3627.0,0.04810081131929577,
394401,long,entry,1198.55,37304.0,1198.55,37304.0,381.5718132975208,0.0,0.0077810687914563435,0.0077810687914563435,3.971876173214647,29.021261651593036,67.49130616649543,13.519429993280765,0.0,17.491306166495416,1.1208966115787673,1610796491432.0,1.0,1.0,1.0,1.0004740077036705,864.0,0.04810215290737993,1191.3
394421,long,close,1199.4,-37304.0,1198.55,0.0,0.0,0.02205739027093134,0.00777555444388861,0.02983294471481995,3.9796517276585357,29.034089817820405,67.52113911121025,13.541487383551695,0.0,17.521139111210235,1.1210779401212019,1610796504106.0,0.6814926433242732,1.0,0.6814926433242732,1.0004739572593002,12674.0,0.04810459215844204,
394480,long,entry,1202.15,37437.0,1202.15,37437.0,382.718602011393,0.0,0.00778542611155014,0.00778542611155014,3.987437153770086,29.037437551048374,67.5289245373218,13.541487383551695,0.0,17.528924537321785,1.1211219586477037,1610796513243.0,1.0,1.0,1.0,1.0004733923491853,9137.0,0.048111787949075266,1195.7
394805,long,reentry,1195.7,69370.0,1197.9607942363327,106807.0,691.9535546121551,0.0,0.014504056201388308,0.014504056201388308,4.001941209971474,29.04367429521497,67.54342859352319,13.541487383551695,0.0,17.543428593523174,1.1211607009374567,1610796606865.0,0.6799074963313738,1.0,0.6799074963313738,1.0004729856780277,93622.0,0.04815142577883457,1188.0
395150,long,close,1198.8,-15258.0,1197.9607942363327,91549.0,644.8976913490137,0.008916136921079447,0.003181931931931932,0.012098068853011379,4.005123141903407,29.048876464821763,67.5555266623762,13.550403520472775,0.0,17.555526662376185,1.1211967711909188,1610796678235.0,0.41857528391550697,1.0,0.41857528391550697,1.0004725242755648,71370.0,0.048193502859655984,1188.0
395245,long,close,1198.8,-15258.0,1197.9607942363327,76291.0,588.8370174586641,0.008916136921079447,0.003181931931931932,0.012098068853011379,4.008305073835339,29.054078634428556,67.5676247312292,13.559319657393855,0.0,17.567624731229195,1.1212502799113766,1610796718646.0,0.4607427950923876,1.0,0.4607427950923876,1.0004720642694247,40411.0,0.04820508930220101,1189.1
395329,long,close,1202.2,-19072.0,1197.9607942363327,57219.0,501.43043569247226,0.0561385778227841,0.003966062219264681,0.06010464004204878,4.012271136054603,29.079923629646633,67.62772937127124,13.61545823521664,0.0,17.627729371271244,1.121603981591666,1610796763306.0,0.508954661669796,1.0,0.508954661669796,1.0004727174724073,44660.0,0.048215334156661876,1190.2
395338,long,close,1202.55,-57219.0,1197.9607942363327,0.0,0.0,0.18227707300935717,0.011895347386803045,0.1941724203961602,4.024166483441406,29.16341777041698,67.8219017916674,13.797735308225997,0.0,17.821901791667404,1.1228249118282554,1610796766331.0,0.5830100326881728,1.0,0.5830100326881728,1.0004764606160503,3025.0,0.048216431819639825,
408333,long,entry,1220.4,38175.0,1220.4,38175.0,388.53133602103753,0.0,0.007820181907571288,0.007820181907571288,4.0319866653489775,29.16678044863724,67.82972197357498,13.797735308225997,0.0,17.829721973574976,1.1189852198581556,1610803782903.0,1.0,1.0,1.0,1.0004758970886756,7016572.0,0.04980133519724638,1213.25
408367,long,close,1221.25,-38175.0,1220.4,0.0,0.0,0.02177164256764994,0.007814738996929376,0.029586381564579316,4.039801404345907,29.179502592710005,67.85930835513955,13.819506950793647,0.0,17.859308355139557,1.1191634302881912,1610803786038.0,0.6813749909619178,1.0,0.6813749909619178,1.0004758352323198,3135.0,0.049805481924051966,
408382,long,entry,1220.3,38193.0,1220.3,38193.0,388.5000238617444,0.0,0.007824510366303368,0.007824510366303368,4.04762591471221,29.182867132167516,67.86713286550585,13.819506950793647,0.0,17.867132865505862,1.119210733585911,1610803786528.0,1.0,1.0,1.0,1.0004752744310557,490.0,0.04980731136234855,1213.25
408608,long,close,1221.15,-38193.0,1220.3,0.0,0.0,0.021785477005640347,0.007819063997051958,0.029604541002692303,4.055444978709262,29.19559708479867,67.89673740650854,13.841292427799287,0.0,17.896737406508553,1.1193744529834306,1610803816647.0,0.6809296781687381,1.0,0.6809296781687381,1.000475213775829,30119.0,0.0498348748993504,
428477,long,entry,1266.45,39659.0,1266.45,39659.0,403.19066413519175,0.0,0.007828773342808638,0.007828773342808638,4.06327375205207,29.198963457336077,67.90456617985134,13.841292427799287,0.0,17.90456617985136,1.1159863461251112,1610810382906.0,1.0,1.0,1.0,1.0004746556761224,6566259.0,0.05225814886700447,1259.25
428504,long,close,1267.35,-39659.0,1266.45,0.0,0.0,0.022238200997441424,0.007823213792559278,0.030061414790000702,4.071096965844629,29.211889865695778,67.93462759464134,13.863530628796727,0.0,17.934627594641363,1.1161630855683269,1610810383625.0,0.6813351795019231,1.0,0.6813351795019231,1.0004746062097867,719.0,0.05226144185593832,
428513,long,entry,1266.35,39678.0,1266.35,39678.0,403.1588370301962,0.0,0.007833142496150355,0.007833142496150355,4.07893010834078,29.21525811696912,67.9424607371375,13.863530628796727,0.0,17.942460737137512,1.1162086564484164,1610810384743.0,1.0,1.0,1.0,1.000474050774666,1118.0,0.05226253951891627,1259.25
428535,long,close,1267.25,-39678.0,1266.35,0.0,0.0,0.022252367714455146,0.00782757940422174,0.030079947118676887,4.086757687745001,29.228192494230154,67.97254068425617,13.885782996511182,0.0,17.972540684256188,1.1163844688590252,1610810387365.0,0.6813225539244359,1.0,0.6813225539244359,1.000474002434418,2622.0,0.052265222695084594,
428538,long,entry,1266.3,39699.0,1266.3,39699.0,403.14588826653164,0.0,0.007837597725657428,0.007837597725657428,4.094595285470659,29.231562661252184,67.98037828198183,13.885782996511182,0.0,17.980378281981846,1.1164303419365842,1610810387906.0,1.0,1.0,1.0,1.0004734496435088,541.0,0.05226558858274391,1259.25
428568,long,close,1267.2,-39699.0,1266.3,0.0,0.0,0.022265902629710958,0.00783203125,0.030097933879710957,4.102427316720659,29.244504772820463,68.01047621586154,13.908048899140892,0.0,18.01047621586156,1.1166075039505357,1610810387960.0,0.681143759033075,1.0,0.681143759033075,1.000473402403996,54.0,0.05226924745933707,
428578,long,entry,1266.2,39718.0,1266.2,39718.0,403.1139169399063,0.0,0.007841968093508135,0.007841968093508135,4.1102692848141675,29.247876819100668,68.01831818395505,13.908048899140892,0.0,18.018318183955067,1.1166532659230608,1610810388735.0,1.0,1.0,1.0,1.0004728522333184,775.0,0.05227046708486813,1259.25
428687,long,close,1267.1,-39718.0,1266.2,0.0,0.0,0.022280076660582487,0.007836398074342988,0.030116474734925475,4.11810568288851,29.260826903236687,68.04843465868997,13.930328975801475,0.0,18.04843465868999,1.1168224954147938,1610810404369.0,0.6807397798757325,1.0,0.6807397798757325,1.000472806094321,15634.0,0.05228376100315663,
433164,long,entry,1263.2,39646.0,1263.2,39646.0,402.1587409330559,0.0,0.007846342621912602,0.007846342621912602,4.125952025510423,29.26420083056411,68.05628100131189,13.930328975801475,0.0,18.056281001311905,1.11599598735334,1610812120906.0,1.0,1.0,1.0,1.0004722585221582,1716537.0,0.05282978735341016,1255.8
433653,long,reentry,1255.8,73464.0,1258.3937618247724,113110.0,726.9691808231593,0.0,0.01462494027711419,0.01462494027711419,4.140576965787537,29.27048955488327,68.070905941589,13.930328975801475,0.0,18.070905941589018,1.1160436918749959,1610812195500.0,0.6797461748492487,1.0,0.6797461748492487,1.0004718649490867,74594.0,0.05288942704187877,1247.75
433745,long,close,1259.25,-16158.0,1258.3937618247724,96952.0,677.5435892967247,0.008730792655260397,0.003207861822513401,0.011938654477773798,4.143784827610051,29.275623176308713,68.08284459606678,13.939059768456735,0.0,18.082844596066792,1.1161068692785607,1610812208318.0,0.4208570557075011,1.0,0.4208570557075011,1.0004714122418312,12818.0,0.05290064759676448,1248.9
433752,long,close,1259.25,-16158.0,1258.3937618247724,80794.0,618.6580772585816,0.008730792655260397,0.003207861822513401,0.011938654477773798,4.146992689432564,29.280756797734156,68.09478325054455,13.947790561111995,0.0,18.094783250544566,1.1161756710361868,1610812209973.0,0.46179713297583236,1.0,0.46179713297583236,1.0004709608680888,1655.0,0.05290150133463622,1248.9
433764,long,close,1259.25,-16158.0,1258.3937618247724,64636.0,547.3093278225866,0.008730792655260397,0.003207861822513401,0.011938654477773798,4.150200551255078,29.2858904191596,68.10672190502233,13.956521353767256,0.0,18.10672190502234,1.1162444345663434,1610812211686.0,0.508787107659231,1.0,0.508787107659231,1.0004705108217855,1713.0,0.05290296488527348,1250.05
433769,long,close,1259.4,-64636.0,1258.3937618247724,0.0,0.0,0.04103883431672117,0.012830713037954581,0.05386954735467575,4.163031264293033,29.309054324522112,68.160591452377,13.997560188083977,0.0,18.160591452377016,1.1165583136783368,1610812212086.0,0.5652825037151814,1.0,0.5652825037151814,1.000470997745514,400.0,0.05290357469803901,
433800,long,entry,1260.95,39640.0,1260.95,39640.0,401.43815377530564,0.0,0.00785915381260161,0.00785915381260161,4.1708904181056345,29.31243376066153,68.16845060618961,13.997560188083977,0.0,18.16845060618962,1.1166016787825919,1610812216904.0,1.0,1.0,1.0,1.0004704579011925,4818.0,0.052907355537185285,1253.5
433816,long,close,1261.85,-39640.0,1260.95,0.0,0.0,0.02242180427575655,0.00785354836153267,0.03027535263728922,4.1787439664671675,29.325452162295566,68.1987259588269,14.019981992359734,0.0,18.19872595882691,1.1167757735878627,1610812221502.0,0.6816004490995355,1.0,0.6816004490995355,1.0004704180032113,4598.0,0.05290930693803497,
433829,long,entry,1261.2,39670.0,1261.2,39670.0,401.5174555254091,0.0,0.007863542657786235,0.007863542657786235,4.186607509124954,29.328833485638416,68.20658950148469,14.019981992359734,0.0,18.206589501484697,1.1168201543378735,1610812224326.0,1.0,1.0,1.0,1.0004698806695043,2824.0,0.05291089245122534,1254.65
433839,long,close,1262.1,-39670.0,1261.2,0.0,0.0,0.022429881600530305,0.007857935187386103,0.030287816787916408,4.19446544431234,29.34185724685722,68.2368773182726,14.042411873960264,0.0,18.23687731827261,1.1169962692228188,1610812224952.0,1.0,1.0,1.0,1.0004698416649394,626.0,0.052912112076756404,
434001,long,entry,1260.85,39681.0,1260.85,39681.0,401.40479502079876,0.0,0.007867906570964034,0.007867906570964034,4.202333350883304,29.345240446682734,68.24474522484357,14.042411873960264,0.0,18.244745224843577,1.1170216039096184,1610812265200.0,1.0,1.0,1.0,1.0004693068209691,40248.0,0.0529318700103595,1253.5
434034,long,close,1261.75,-39681.0,1260.85,0.0,0.0,0.022448554511968817,0.00786229443233604,0.030310848944304858,4.21019564531564,29.35827411172879,68.27505607378788,14.064860428472233,0.0,18.27505607378788,1.117191166646825,1610812278752.0,0.6811210716390224,1.0,0.6811210716390224,1.000469268932509,13552.0,0.05293589477461198,
436705,long,entry,1258.2,39620.0,1258.2,39620.0,400.5628470525888,0.0,0.00787235733587665,0.00787235733587665,4.218068002651516,29.361659225383214,68.28292843112375,14.064860428472233,0.0,18.282928431123757,1.1165307829449196,1610813672007.0,1.0,1.0,1.0,1.0004687365597196,1393255.0,0.053261656753956894,1251.2
437028,long,close,1259.1,-39620.0,1258.2,0.0,0.0,0.022508527050395445,0.007866730204114051,0.030375257254509496,4.22593473285563,29.37472058600265,68.31330368837826,14.087368955522628,0.0,18.313303688378266,1.1166571071148688,1610813769800.0,0.6808264166911644,1.0,0.6808264166911644,1.0004687006847148,97793.0,0.05330105065860998,
437278,long,entry,1256.85,39600.0,1256.85,39600.0,400.1354244843573,0.0,0.007876834944504118,0.007876834944504118,4.233811567800134,29.378107625028782,68.32118052332275,14.087368955522628,0.0,18.32118052332277,1.116620697975924,1610813932344.0,1.0,1.0,1.0,1.0004681707619743,162544.0,0.053331541296886366,1250.05
437600,long,reentry,1250.05,73378.0,1252.433472888527,112978.0,723.429561425926,0.0,0.01467501299948002,0.01467501299948002,4.248486580799614,29.384417880618557,68.33585553632223,14.087368955522628,0.0,18.33585553632225,1.1166640569699495,1610814014459.0,0.6798916604125141,1.0,0.6798916604125141,1.0004677914082079,82115.0,0.053370813238986355,1242.0
437682,long,close,1253.3,-16139.0,1252.433472888527,96839.0,674.2365633270546,0.008909412583041808,0.0032193010452405647,0.012128713628282373,4.251705881844855,29.389633227478715,68.3479842499505,14.09627836810567,0.0,18.34798424995053,1.1167249033262312,1610814032619.0,0.4209784205010998,1.0,0.4209784205010998,1.0004673574072318,18160.0,0.053380814168341006,1242.0
437730,long,close,1256.15,-19367.0,1252.433472888527,77472.0,602.371569176846,0.045751305279835744,0.003854436174023803,0.04960574145385955,4.255560318018879,29.410963696303874,68.39758999140436,14.142029673385506,0.0,18.39758999140439,1.1170039750220362,1610814046698.0,0.46228840950071415,1.0,0.46228840950071415,1.0004677430659508,14079.0,0.053386668370890074,1243.15
438023,long,close,1253.3,-15494.0,1252.433472888527,61978.0,531.6781153372808,0.008553345223474179,0.0030906407085294824,0.01164398593200366,4.258650958727408,29.41597061025464,68.40923397733637,14.15058301860898,0.0,18.409233977336395,1.117001703226532,1610814184116.0,0.5186033971255126,1.0,0.5186033971255126,1.0004672996270065,137418.0,0.05342240339895,1244.3
438024,long,close,1253.35,-61978.0,1252.433472888527,0.0,0.0,0.036187271795010176,0.012362468584194361,0.04854974037920454,4.271013427311602,29.4368469986177,68.45778371771559,14.18677029040399,0.0,18.4577837177156,1.1172809526097025,1610814185084.0,1.0,1.0,1.0,1.0004676602918496,968.0,0.053422525361503104,
438052,long,entry,1254.5,39609.0,1254.5,39609.0,399.3834192696766,0.0,0.007893383818254284,0.007893383818254284,4.278906811129857,29.440241153659553,68.46567710153384,14.18677029040399,0.0,18.465677101533853,1.117313744949785,1610814210120.0,1.0,1.0,1.0,1.0004671366375826,25036.0,0.05342594031299006,1247.75
438127,long,close,1255.4,-39609.0,1254.5,0.0,0.0,0.022635161498899232,0.00788772502787956,0.030522886526778793,4.286794536157736,29.45336599486607,68.49619998806062,14.209405451902889,0.0,18.49619998806063,1.1174658930564536,1610814256716.0,0.6810673433661996,1.0,0.6810673433661996,1.00046710499975,46596.0,0.053435087504472976,
441487,long,entry,1250.6,39508.0,1250.6,39508.0,398.14166411679633,0.0,0.007897809051655207,0.007897809051655207,4.294692345209391,29.45676205275828,68.50409779711228,14.209405451902889,0.0,18.504097797112287,1.1163459409574084,1610816578051.0,1.0,1.0,1.0,1.0004665837199023,2321335.0,0.05384488168290761,1243.15
442095,long,reentry,1243.15,73208.0,1245.7612938713226,112716.0,719.6844529156933,0.0,0.014722278083899771,0.014722278083899771,4.309414623293291,29.463092632334355,68.51882007519617,14.209405451902889,0.0,18.518820075196185,1.1163633785476157,1610816711643.0,0.6797187160189877,1.0,0.6797187160189877,1.000466211376083,133592.0,0.05391903491519578,1235.1
442345,long,close,1246.65,-16102.0,1245.7612938713226,96614.0,670.7522810402501,0.009214220968979826,0.0032290538643564752,0.0124432748333363,4.312643677157648,29.46844324051269,68.53126335002952,14.218619672871869,0.0,18.531263350029523,1.1163961732047032,1610816788152.0,0.4207537905624425,1.0,0.4207537905624425,1.0004657909210557,76509.0,0.05394952555347216,1236.25
442355,long,close,1246.65,-16102.0,1245.7612938713226,80512.0,612.4546066137608,0.009214220968979826,0.0032290538643564752,0.0124432748333363,4.315872731022004,29.47379384869103,68.54370662486286,14.227833893840849,0.0,18.54370662486286,1.1164649896133982,1610816792121.0,0.46189147128740465,1.0,0.46189147128740465,1.0004653716578367,3969.0,0.053950745179003216,1236.25
442418,long,close,1246.65,-16102.0,1245.7612938713226,64410.0,541.818080939978,0.009214220968979826,0.0032290538643564752,0.0124432748333363,4.319101784886361,29.47914445686937,68.55614989969621,14.237048114809829,0.0,18.556149899696198,1.1165217873768079,1610816820230.0,0.5081080984549347,1.0,0.5081080984549347,1.0004649535811772,28109.0,0.05395842881984887,1237.4
442421,long,close,1246.8,-64410.0,1245.7612938713226,0.0,0.0,0.043073916967817746,0.012915062560153996,0.055988979527971744,4.332016847446515,29.503219718066394,68.61213887922418,14.280122031777646,0.0,18.61213887922417,1.1168393379368975,1610816821801.0,0.5654156158492256,1.0,0.5654156158492256,1.000465470746788,1571.0,0.05395879470750819,
442608,long,entry,1247.3,39471.0,1247.3,39471.0,397.0949257704105,0.0,0.00791128838290708,0.00791128838290708,4.339928135829422,29.506621572071047,68.62005016760709,14.280122031777646,0.0,18.620050167607076,1.1168376303401026,1610816915375.0,1.0,1.0,1.0,1.0004649564627197,93574.0,0.053981601704938924,1239.7
442616,long,close,1248.15,-39471.0,1247.3,0.0,0.0,0.021550599288460003,0.007905900733084965,0.029456500021544967,4.3478340365625066,29.51928786708031,68.64950666762863,14.301672631066106,0.0,18.64950666762862,1.1170031219495156,1610816919052.0,0.6815598029106571,1.0,0.6815598029106571,1.0004649041349782,3677.0,0.05398257740536377,
445649,long,entry,1244.55,39405.0,1244.55,39405.0,396.21647643113204,0.0,0.007915511630709896,0.007915511630709896,4.3557495481932165,29.522691537081517,68.65742217925934,14.301672631066106,0.0,18.65742217925933,1.1161133669159218,1610818805258.0,1.0,1.0,1.0,1.0004643921849257,1886206.0,0.054352489828932884,1237.4
445699,long,close,1245.4,-39405.0,1244.55,0.0,0.0,0.021609715388161446,0.007910109201862855,0.0295198245900243,4.363659657395079,29.535385061655226,68.68694200384937,14.323282346454267,0.0,18.686942003849357,1.1162652972645544,1610818834282.0,0.6813699425563876,1.0,0.6813699425563876,1.0004643418420398,29024.0,0.05435858795658816,
447747,long,entry,1242.15,39351.0,1242.15,39351.0,395.45616894942486,0.0,0.00791993720565149,0.00791993720565149,4.37157959460073,29.538790634653658,68.69486194105502,14.323282346454267,0.0,18.69486194105501,1.115778908059097,1610819917523.0,1.0,1.0,1.0,1.0004638322102044,1083241.0,0.05460836726534832,1235.1
447964,long,reentry,1235.1,72917.0,1237.5710919407134,112268.0,714.9006820335419,0.0,0.01475933122824063,0.01475933122824063,4.386338925828971,29.5451371470818,68.70962127228326,14.323282346454267,0.0,18.70962127228325,1.1158579719162054,1610819924914.0,0.679805539087952,1.0,0.679805539087952,1.0004634692223686,7391.0,0.05463483313937222,1227.05
448004,long,close,1238.45,-16038.0,1237.5710919407134,96230.0,666.2897066738176,0.009196975344662331,0.003237514635229521,0.012434489979891852,4.389576440464201,29.550483977773155,68.72205576226315,14.33247932179893,0.0,18.722055762263142,1.1159257163578566,1610819928792.0,0.4211330509849863,1.0,0.4211330509849863,1.000463057959694,3878.0,0.05463971164149644,1228.2
448063,long,close,1238.45,-16038.0,1237.5710919407134,80192.0,608.3754793906488,0.009196975344662331,0.003237514635229521,0.012434489979891852,4.392813955099431,29.55583080846451,68.73449025224305,14.341676297143593,0.0,18.734490252243035,1.1159919303889554,1610819935779.0,0.4606033542409896,1.0,0.4606033542409896,1.000462647845111,6987.0,0.05464690743212967,1228.2
448859,long,close,1238.45,-16038.0,1237.5710919407134,64154.0,538.2046865817083,0.009196975344662331,0.003237514635229521,0.012434489979891852,4.396051469734661,29.561177639155865,68.74692474222294,14.350873272488256,0.0,18.746924742222927,1.116011847436622,1610820037432.0,0.5052852373322636,1.0,0.5052852373322636,1.0004622388736377,101653.0,0.05474398962440168,1229.35
449241,long,reentry,1229.35,118877.0,1232.231566141061,183031.0,857.5560996634408,0.0,0.024174767153373737,0.024174767153373737,4.420226236888035,29.571572789031816,68.77109950937631,14.350873272488256,0.0,18.7710995093763,1.1161148718370284,1610820103342.0,0.5621860517516405,1.0,0.5621860517516405,1.0004620785891867,65910.0,0.054790579319688,1217.85
450376,long,close,1233.1,-15252.0,1232.231566141061,167779.0,833.1212485346243,0.008717117831802013,0.0030922066336874546,0.011809324465489468,4.4233184435217225,29.576650798551974,68.7829088338418,14.359590390320058,0.0,18.782908833841788,1.1161251817402364,1610820217297.0,0.2964508165859047,1.0,0.2964508165859047,1.0004616583266976,113955.0,0.054929006817462794,1219.0
450390,long,close,1233.1,-15252.0,1232.231566141061,152527.0,805.5769257340149,0.008717117831802013,0.0030922066336874546,0.011809324465489468,4.42641065015541,29.581728808072135,68.79471815830729,14.36830750815186,0.0,18.794718158307276,1.116189989678361,1610820219747.0,0.3241218119217748,1.0,0.3241218119217748,1.000461239236399,2450.0,0.05493071429320627,1220.15
450393,long,close,1233.1,-15252.0,1232.231566141061,137275.0,774.2892524139389,0.008717117831802013,0.0030922066336874546,0.011809324465489468,4.429502856789098,29.586806817592294,68.80652748277278,14.377024625983662,0.0,18.806527482772765,1.1162559243080157,1610820219877.0,0.3466794325177284,1.0,0.3466794325177284,1.0004608213132298,130.0,0.05493108018086559,1220.15
450415,long,close,1233.1,-15252.0,1232.231566141061,122023.0,738.4394969015557,0.008717117831802013,0.0030922066336874546,0.011809324465489468,4.432595063422785,29.591884827112455,68.81833680723827,14.385741743815464,0.0,18.818336807238254,1.116320339608199,1610820223094.0,0.3720281813350049,1.0,0.3720281813350049,1.000460404552159,3217.0,0.05493376335703391,1221.3
450500,long,close,1233.1,-15252.0,1232.231566141061,106771.0,696.9513918572774,0.008717117831802013,0.0030922066336874546,0.011809324465489468,4.435687270056473,29.596962836632613,68.83014613170376,14.394458861647266,0.0,18.830146131703742,1.1163776619651502,1610820240768.0,0.4006416160857468,1.0,0.4006416160857468,1.0004599889481842,17674.0,0.05494413017404788,1222.45
450575,long,close,1233.1,-15253.0,1232.231566141061,91518.0,648.3777740261888,0.008717689371130087,0.003092409374746574,0.01181009874587666,4.438779679431219,29.602041179093337,68.84195623044963,14.403176551018396,0.0,18.841956230449618,1.1164353197267542,1610820257733.0,0.433372852148555,1.0,0.433372852148555,1.0004595745124991,16965.0,0.054953277365530795,1222.45
450634,long,close,1235.9,-18303.0,1232.231566141061,73215.0,577.7440936385947,0.04408870176384964,0.0037023626506998944,0.047791064414549535,4.442482042081919,29.622591336791597,68.88974729486418,14.447265252782245,0.0,18.88974729486417,1.1166983349054924,1610820265593.0,0.4744019341551647,1.0,0.4744019341551647,1.000459911115409,7860.0,0.05496047315616402,1223.6
450684,long,close,1236.6,-18303.0,1232.231566141061,54912.0,488.9302614427977,0.05247186157458719,0.0037002668607472107,0.0561721284353344,4.446182308942666,29.64674535201879,68.94591942329951,14.499737114356831,0.0,18.945919423299504,1.1170081817633457,1610820273034.0,0.5321152464863989,1.0,0.5321152464863989,1.0004604203095921,7441.0,0.0549665712838193,1224.75
450691,long,close,1235.8,-54912.0,1232.231566141061,0.0,0.0,0.12867802676296453,0.011108593623563683,0.1397866203865282,4.45729090256623,29.706853598785,69.08570604368605,14.628415141119795,0.0,19.08570604368603,1.1177871558428751,1610820273969.0,0.6044253548197429,1.0,0.6044253548197429,1.0004626604205922,935.0,0.05496742502169104,
470468,long,entry,1250.5,39845.0,1250.5,39845.0,398.1109614220077,0.0,0.007965813674530187,0.007965813674530187,4.46525671624076,29.71027889866505,69.09367185736058,14.628415141119795,0.0,19.09367185736056,1.1135936531100106,1610829130736.0,1.0,1.0,1.0,1.000462164110172,8856767.0,0.0573794784344594,1243.15
470480,long,close,1251.4,-39845.0,1250.5,0.0,0.0,0.022915877599738767,0.007960084705130254,0.03087596230486902,4.473216800945891,29.723555562456145,69.12454781966545,14.651331018719533,0.0,19.12454781966543,1.113757427863588,1610829134498.0,0.6816131146657008,1.0,0.6816131146657008,1.0004621422939552,3762.0,0.05738094198509666,
470485,long,entry,1250.45,39866.0,1250.45,39866.0,398.09636694473454,0.0,0.007970330680954856,0.007970330680954856,4.481187131626846,29.72698280464895,69.1325181503464,14.651331018719533,0.0,19.132518150346385,1.113798884360096,1610829137225.0,1.0,1.0,1.0,1.0004616481366442,2727.0,0.05738155179786219,1243.15
470631,long,close,1251.35,-39866.0,1250.45,0.0,0.0,0.022929788189897903,0.007964598233907381,0.030894386423805285,4.489151729860753,29.74026739081119,69.16341253677021,14.674260806909432,0.0,19.163412536770192,1.113942114099802,1610829185445.0,0.6810891877395381,1.0,0.6810891877395381,1.0004616271383744,48220.0,0.0573993583306156,
470645,long,entry,1250.05,39876.0,1250.05,39876.0,397.97139938830355,0.0,0.00797488100475981,0.00797488100475981,4.497126610865513,29.743696589643235,69.17138741777497,14.674260806909432,0.0,19.17138741777495,1.113979771530177,1610829196374.0,1.0,1.0,1.0,1.0004611351183466,10929.0,0.05740106580635908,1243.15
470968,long,reentry,1243.15,73890.0,1245.5685116818734,113766.0,719.4892298305546,0.0,0.0148594296746169,0.0148594296746169,4.51198604054013,29.75008614440332,69.18624684744958,14.674260806909432,0.0,19.186246847449567,1.1140121873485296,1610829298244.0,0.679855683864288,1.0,0.679855683864288,1.0004607856929055,101870.0,0.05744045971101217,1235.1
471498,long,reentry,1235.1,210808.0,1238.7693040724148,324574.0,1000.3897697505205,0.0,0.04267022913124444,0.04267022913124444,4.554656269671375,29.768434342929755,69.22891707658083,14.674260806909432,0.0,19.22891707658081,1.1141512620962415,1610829490912.0,0.41744121304355725,1.0,0.41744121304355725,1.000461006580374,192668.0,0.05750509986415811,1217.85
471739,long,close,1239.65,-17082.0,1238.7693040724148,307492.0,988.6371472630494,0.00979659570725518,0.003444923970475537,0.013241519677730717,4.55810119364185,29.77412819639118,69.24215859625856,14.684057402616688,0.0,19.24215859625854,1.114193462187943,1610829552625.0,0.18911423380844578,1.0,0.18911423380844578,1.0004606250084014,61713.0,0.057534492839456546,1219.0
471742,long,close,1240.4,-17082.0,1238.7693040724148,290410.0,975.7971925718226,0.018128401504922027,0.0034428410190261204,0.021571242523948146,4.5615440346608755,29.78340383067648,69.26372983878251,14.70218580412161,0.0,19.26372983878249,1.1143086969891582,1610829552693.0,1.0,1.0,1.0,1.000460414411311,68.0,0.05753485872711586,1219.0
471744,long,close,1240.45,-17082.0,1238.7693040724148,273328.0,961.7433750706208,0.01868349699753069,0.003442702245152969,0.02212619924268366,4.564986736906029,29.79291809635083,69.28585603802519,14.72086930111914,0.0,19.285856038025173,1.1144265269486946,1610829553505.0,1.0,1.0,1.0,1.0004602155738465,812.0,0.05753510265222207,1220.15
471745,long,close,1240.5,-17083.0,1238.7693040724148,256245.0,946.2944594186354,0.01923967398920881,0.003442765014107215,0.022682439003316027,4.568429501920136,29.80267154512226,69.3085384770285,14.740108975108349,0.0,19.30853847702849,1.114547294121059,1610829554333.0,1.0,1.0,1.0,1.0004600284616734,828.0,0.05753522461477518,1221.3
471750,long,close,1241.5,-18303.0,1238.7693040724148,237942.0,927.9058097713577,0.0324981368519995,0.003685662505034233,0.03618379935703374,4.57211516442517,29.81823057884578,69.34472227638554,14.77260711196035,0.0,19.34472227638552,1.114740428358856,1610829554496.0,1.0,1.0,1.0,1.0004601157163007,163.0,0.057535834427540705,1222.45
471756,long,close,1240.65,-16995.0,1238.7693040724148,220947.0,908.9213331482063,0.020796968686604512,0.003424616128642244,0.024221584815246756,4.575539780553812,29.82864586031634,69.36894386120079,14.793404080646953,0.0,19.36894386120077,1.114869256582057,1610829555504.0,0.25244244932821136,1.0,0.25244244932821136,1.0004599600569732,1008.0,0.05753656620285934,1222.45
471757,long,close,1241.8,-18412.0,1238.7693040724148,202535.0,885.8002720283293,0.036274483788877314,0.0037067160573361255,0.03998119984621344,4.579246496611148,29.84583777625021,69.408925061047,14.82967856443583,0.0,19.408925061046983,1.1150826098289779,1610829555514.0,1.0,1.0,1.0,1.000460123295513,10.0,0.05753668816541244,1223.6
471760,long,close,1242.0,-18412.0,1238.7693040724148,184123.0,859.5522231135933,0.03866206256977009,0.003706119162640902,0.04236818173241099,4.582952615773789,29.86405609439515,69.45129324277941,14.868340627005601,0.0,19.451293242779393,1.1153085380661296,1610829555681.0,1.0,1.0,1.0,1.0004603337709528,167.0,0.05753705405307176,1224.75
471775,long,close,1242.2,-18412.0,1238.7693040724148,165711.0,829.5001310818498,0.041048872527999526,0.0037055224601513443,0.04475439498815087,4.586658138233941,29.88330048424005,69.49604763776756,14.909389499533601,0.0,19.496047637767543,1.1155462349567975,1610829557682.0,0.3077338838532652,1.0,0.3077338838532652,1.0004605911822224,2001.0,0.05753888349136834,1225.9
471779,long,close,1242.75,-20713.0,1238.7693040724148,144998.0,790.0099048574151,0.05355842566954988,0.004166767250050292,0.057725192919600175,4.590824905483991,29.90812231719548,69.55377283068717,14.962947925203151,0.0,19.553772830687144,1.1158534614381534,1610829558567.0,1.0,1.0,1.0,1.000461107894584,885.0,0.05753937134158077,1227.05
471782,long,close,1243.15,-20714.0,1238.7693040724148,124284.0,742.8304539688626,0.05892412082232629,0.0041656276394642635,0.06308974846179055,4.594990533123456,29.93525090903405,69.61686257914896,15.021872046025477,0.0,19.616862579148936,1.1161887847606162,1610829560079.0,1.0,1.0,1.0,1.0004617297317402,1512.0,0.057539737229240086,1228.2
471793,long,close,1243.65,-20714.0,1238.7693040724148,103570.0,685.4854145692786,0.06562315614490685,0.004163952880633618,0.06978710902554047,4.599154486004089,29.965259365915035,69.6866496881745,15.087495202170384,0.0,19.686649688174477,1.116557975408379,1610829564895.0,0.40241305340182404,1.0,0.40241305340182404,1.0004624826145845,4816.0,0.057541078817324245,1228.2
471898,long,close,1239.65,-17261.0,1238.7693040724148,86309.0,627.5741317018611,0.009899252927229344,0.0034810228693582866,0.013380275796587631,4.602635508873448,29.971012884507562,69.70002996397108,15.097394455097614,0.0,19.700029963971065,1.1166137230145268,1610829597519.0,0.4465196491164484,1.0,0.4465196491164484,1.0004621063797698,32624.0,0.05755388488540033,1229.35
472070,long,close,1239.65,-17261.0,1238.7693040724148,69048.0,556.9917076723974,0.009899252927229344,0.0034810228693582866,0.013380275796587631,4.606116531742806,29.97676640310009,69.71341023976765,15.107293708024844,0.0,19.713410239767654,1.1166517042383988,1610829667616.0,0.4921101188023623,1.0,0.4921101188023623,1.0004617311389856,70097.0,0.05757486244453448,1230.5
472071,long,close,1239.75,-69048.0,1238.7693040724148,0.0,0.0,0.04409211416436195,0.01392377495462795,0.0580158891189899,4.620040306697434,30.001713235421256,69.77142612888665,15.151385822189207,0.0,19.771426128886645,1.1169596992075403,1610829668475.0,1.0,1.0,1.0,1.0004622448781821,859.0,0.05757498440708759,
472077,long,entry,1240.6,39922.0,1240.6,39922.0,394.9597972338172,0.0,0.008044897630178946,0.008044897630178946,4.628085204327613,30.005172541402235,69.77947102651683,15.151385822189207,0.0,19.779471026516823,1.1170000627711898,1610829673504.0,1.0,1.0,1.0,1.0004617642668934,5029.0,0.05757571618240622,1233.95
472433,long,close,1241.45,-39922.0,1240.6,0.0,0.0,0.022032826084506987,0.00803938942365782,0.030072215508164808,4.636124593751271,30.018103594070748,69.809543242025,15.173418648273714,0.0,19.80954324202499,1.1170747278149935,1610829852612.0,0.6802721628480392,1.0,0.6802721628480392,1.000461721661144,179108.0,0.057619134851311794,
472440,long,entry,1241.7,39979.0,1241.7,39979.0,395.3084482601753,0.0,0.008049247000080533,0.008049247000080533,4.6441738407513515,30.021564770280783,69.81759248902507,15.173418648273714,0.0,19.81759248902507,1.117116937038362,1610829853699.0,1.0,1.0,1.0,1.000461243099532,1087.0,0.05761998858918353,1235.1
472533,long,reentry,1235.1,74081.0,1237.4133561283534,114060.0,714.7319608268463,0.0,0.014994939680997492,0.014994939680997492,4.659168780432349,30.02801259434361,69.83258742870608,15.173418648273714,0.0,19.832587428706066,1.117181006664336,1610829886341.0,0.6799121876435827,1.0,0.6799121876435827,1.0004609030990659,32642.0,0.057631331106622344,1227.05
472661,long,close,1238.3,-16294.0,1237.4133561283534,97766.0,666.1257493012228,0.009428362164170112,0.0032895905677138015,0.012717952731883914,4.662458371000063,30.033481314018324,69.84530538143797,15.182847010437884,0.0,19.84530538143795,1.1172301420560984,1610829924927.0,0.4203309320139122,1.0,0.4203309320139122,1.0004605190476958,38586.0,0.05764694231341986,1227.05
472675,long,close,1238.3,-16294.0,1237.4133561283534,81472.0,608.2184696454482,0.009428362164170112,0.0032895905677138015,0.012717952731883914,4.665747961567776,30.038950033693038,69.85802333416986,15.192275372602055,0.0,19.858023334169832,1.1172958814574296,1610829928548.0,0.46199915252495843,1.0,0.46199915252495843,1.0004601360073828,3621.0,0.057648649789163335,1228.2
472728,long,close,1241.8,-20368.0,1237.4133561283534,61104.0,517.9291907485226,0.0581452589867852,0.0041004992752456115,0.06224575826203081,4.6698484608430215,30.065715709745707,69.92026909243188,15.25042063158884,0.0,19.920269092431862,1.117618310393376,1610829944537.0,0.509026098122822,1.0,0.509026098122822,1.0004607277707034,15989.0,0.05765511380447793,1229.35
472729,long,close,1241.85,-61104.0,1237.4133561283534,0.0,0.0,0.1764169337547712,0.012301002536538229,0.18871793629130942,4.6821494633795595,30.146864422350966,70.10898702872318,15.426837565343611,0.0,20.10898702872317,1.1186174157597208,1610829945157.0,1.0,1.0,1.0,1.0004637947395267,620.0,0.057655235767031035,
472786,long,entry,1242.3,40170.0,1242.3,40170.0,395.50022156888366,0.0,0.0080837961844965,0.0080837961844965,4.690233259564056,30.1503404547103,70.11707082490767,15.426837565343611,0.0,20.117070824907668,1.1186507151628537,1610829964829.0,1.0,1.0,1.0,1.000463317270917,19672.0,0.05766218763255805,1235.1
472819,long,close,1243.15,-40170.0,1242.3,0.0,0.0,0.02210908339885999,0.008078268913646785,0.03018735231250677,4.698311528477703,30.163321016204677,70.14725817722018,15.44894664874247,0.0,20.147258177220174,1.1188066223056503,1610829972639.0,0.681369408605129,1.0,0.681369408605129,1.0004632724146247,7810.0,0.05766621239681053,
472861,long,entry,1242.15,40187.0,1242.15,40187.0,395.4519576078855,0.0,0.008088193857424627,0.008088193857424627,4.706399722335127,30.166798939563368,70.1553463710776,15.44894664874247,0.0,20.1553463710776,1.1188393747975958,1610829993420.0,1.0,1.0,1.0,1.000462796964086,20781.0,0.057671334824040965,1235.1
472876,long,close,1243.0,-40187.0,1242.15,0.0,0.0,0.022123780462784813,0.00808266291230893,0.030206443375093744,4.714482385247436,30.17978771021466,70.1855528144527,15.471070429205255,0.0,20.18555281445269,1.118994617618504,1610830002642.0,0.6814082919573933,1.0,0.6814082919573933,1.0004627529908423,9222.0,0.057673164262337547,
472893,long,entry,1242.05,40206.0,1242.05,40206.0,395.42214470932134,0.0,0.008092669377239242,0.008092669377239242,4.722575054624675,30.183267558046875,70.19364548382994,15.471070429205255,0.0,20.19364548382993,1.1190290467218045,1610830019924.0,1.0,1.0,1.0,1.0004622795448819,17282.0,0.057675237625740346,1235.1
473011,long,reentry,1235.1,74501.0,1237.5360474949216,114707.0,714.8607907801216,0.0,0.015079953040239659,0.015079953040239659,4.737655007664915,30.18975193785418,70.20872543687018,15.471070429205255,0.0,20.208725436870168,1.1190802915540377,1610830078809.0,0.6798330879645995,1.0,0.6798330879645995,1.0004619428421389,58885.0,0.0576896292070068,1227.05
473067,long,close,1238.4,-16386.0,1237.5360474949216,98321.0,666.2530105799739,0.0092372780680667,0.003307897286821705,0.012545175354888406,4.740962904951737,30.19514636325678,70.22127061222507,15.480307707273322,0.0,20.221270612225055,1.1191394506208483,1610830093527.0,0.4206962797567896,1.0,0.4206962797567896,1.0004615579251521,14718.0,0.05769645910998071,1228.2
473084,long,close,1238.4,-16386.0,1237.5360474949216,81935.0,608.3430431613612,0.0092372780680667,0.003307897286821705,0.012545175354888406,4.744270802238559,30.20054078865938,70.23381578757996,15.48954498534139,0.0,20.233815787579942,1.1192033074837446,1610830098496.0,0.4616354809260443,1.0,0.4616354809260443,1.0004611740095377,4969.0,0.0576985324733835,1228.2
473087,long,close,1238.4,-16387.0,1237.5360474949216,65548.0,538.173336878198,0.009237841797962224,0.0033080991602067182,0.012545940958168942,4.747578901398766,30.205935543271398,70.24636172853813,15.498782827139351,0.0,20.246361728538112,1.1192683438956617,1610830101013.0,0.5088065860626878,1.0,0.5088065860626878,1.0004607911060148,2517.0,0.05769889836104282,1229.35
473113,long,close,1238.4,-65548.0,1237.5360474949216,0.0,0.0,0.0369513671918489,0.013232396640826873,0.05018376383267577,4.760811298039593,30.22751456171945,70.29654549237081,15.5357341943312,0.0,20.296545492370786,1.1195249867166341,1610830118114.0,0.5646903365864289,1.0,0.5646903365864289,1.0004611342364969,17101.0,0.05770206938742356,
473186,long,entry,1241.15,40240.0,1241.15,40240.0,395.13289032151044,0.0,0.008105386133827499,0.008105386133827499,4.768916684173421,30.23099987775699,70.30465087850463,15.5357341943312,0.0,20.304650878504614,1.119556214824339,1610830141926.0,1.0,1.0,1.0,1.0004606668159892,23812.0,0.05771097265380027,1233.95
473660,long,close,1242.0,-40240.0,1241.15,0.0,0.0,0.022188657693246218,0.008099838969404187,0.030288496662650405,4.777016523142825,30.24402393132193,70.33493937516728,15.557922852024445,0.0,20.334939375167263,1.1196089134935772,1610830362687.0,0.680390770588441,1.0,0.680390770588441,1.0004606265333478,220761.0,0.0577687829039723,
473715,long,entry,1239.75,40217.0,1239.75,40217.0,394.69014447449865,0.0,0.008109901189756,0.008109901189756,4.785126424332581,30.247511188833524,70.34304927635704,15.557922852024445,0.0,20.343049276357018,1.1196376859484776,1610830391494.0,1.0,1.0,1.0,1.0004601610588948,28807.0,0.0577754908443931,1232.8
473988,long,reentry,1232.8,74522.0,1235.2360343910964,114739.0,713.5362505218893,0.0,0.015112345879299157,0.015112345879299157,4.800238770211879,30.254009497561626,70.35816162223634,15.557922852024445,0.0,20.358161622236317,1.1196649901443039,1610830499389.0,0.6798295319614693,1.0,0.6798295319614693,1.0004598308391073,107895.0,0.05780878662139091,1224.75
474225,long,reentry,1224.75,212611.0,1228.425445547579,327350.0,992.0585665070133,0.0,0.04339885690957338,0.04339885690957338,4.843637627121453,30.27267100603274,70.40156047914591,15.557922852024445,0.0,20.40156047914589,1.1198777201826533,1610830531843.0,0.41737874538916525,1.0,0.41737874538916525,1.0004600418397438,32454.0,0.057837691746476926,1207.5
474295,long,close,1229.3,-17228.0,1228.425445547579,310122.0,980.4047907998942,0.00997734599113937,0.003503619946310909,0.01348096593745028,4.847141247067763,30.27846782138585,70.41504144508338,15.567900198015584,0.0,20.41504144508334,1.1199453957904724,1610830538576.0,0.18956084755574432,1.0,0.18956084755574432,1.0004596813147866,6733.0,0.05784622912519432,1208.65
474307,long,close,1229.3,-16322.0,1228.425445547579,293800.0,968.3964884612974,0.00945264924932533,0.003319368746441064,0.012772017995766393,4.850460615814204,30.283959789124033,70.42781346307915,15.57735284726491,0.0,20.427813463079104,1.1200108405458786,1610830542198.0,0.2023717277794459,1.0,0.2023717277794459,1.00045930820752,3622.0,0.057847692675831584,1209.8
474326,long,close,1229.3,-16322.0,1228.425445547579,277478.0,955.3188728771058,0.00945264924932533,0.003319368746441064,0.012772017995766393,4.853779984560645,30.289451756862213,70.44058548107492,15.586805496514236,0.0,20.44058548107487,1.1200756696015834,1610830547065.0,0.21172447011697404,1.0,0.21172447011697404,1.0004589360552942,4867.0,0.05785000996434059,1209.8
474396,long,close,1229.3,-16322.0,1228.425445547579,261156.0,941.0224583242727,0.00945264924932533,0.003319368746441064,0.012772017995766393,4.857099353307086,30.294943724600397,70.45335749907069,15.596258145763562,0.0,20.453357499070634,1.12013175056563,1610830569888.0,0.2212920827542339,1.0,0.2212920827542339,1.0004585648542943,22823.0,0.057858547343057974,1210.95
474409,long,close,1229.3,-16322.0,1228.425445547579,244834.0,925.3285338812761,0.00945264924932533,0.003319368746441064,0.012772017995766393,4.860418722053526,30.300435692338578,70.46612951706646,15.605710795012888,0.0,20.4661295170664,1.1201971782161713,1610830573471.0,0.23438088168230997,1.0,0.23438088168230997,1.0004581946007256,3583.0,0.05786013285624835,1212.1
474419,long,close,1230.3,-17488.0,1228.425445547579,227346.0,906.6752030455394,0.021690940207444567,0.003553604811834512,0.02524454501927908,4.863972326865361,30.311290846696867,70.49137406208574,15.627401735220332,0.0,20.49137406208568,1.1203266877869322,1610830580105.0,0.24754744144641094,1.0,0.24754744144641094,1.0004580613356344,6634.0,0.057861352481779406,1212.1
474576,long,close,1229.3,-16239.0,1228.425445547579,211107.0,887.4500410754623,0.009404581004766207,0.0033024892215081755,0.012707070226274382,4.867274816086869,30.31675488689417,70.50408113231202,15.636806316225098,0.0,20.504081132311953,1.1203653801288094,1610830637764.0,0.2604305207834419,1.0,0.2604305207834419,1.0004576913813434,57659.0,0.05788050060261697,1213.25
474965,long,close,1229.3,-16239.0,1228.425445547579,194868.0,866.0262600910747,0.009404581004766207,0.0033024892215081755,0.012707070226274382,4.870577305308378,30.322218927091473,70.51678820253831,15.646210897229864,0.0,20.516788202538226,1.1203733625141732,1610830758379.0,0.2740694960527916,1.0,0.2740694960527916,1.0004573223678939,120615.0,0.05792794403577503,1214.4
474972,long,close,1230.55,-17715.0,1228.425445547579,177153.0,839.616917931669,0.024897798890624375,0.003599000446954614,0.02849679933757899,4.8741763057553325,30.33447255080663,70.54528500187588,15.671108696120488,0.0,20.545285001875804,1.1205219019442123,1610830760659.0,1.0,1.0,1.0,1.0004572517037595,2280.0,0.05792879777364677,1214.4
474974,long,close,1230.7,-17715.0,1228.425445547579,159438.0,809.44049987363,0.026652410305407652,0.003598561794100918,0.03025097209950857,4.877774867549434,30.34748046880942,70.57553597397539,15.697761106425896,0.0,20.575535973975313,1.1206804820666212,1610830761146.0,1.0,1.0,1.0,1.0004572139905625,487.0,0.05792904169875298,1215.55
474975,long,close,1230.85,-17715.0,1228.425445547579,141723.0,774.6318809219824,0.02840659406172164,0.00359812324816184,0.03200471730988348,4.881372990797596,30.361242497252668,70.60754069128528,15.726167700487617,0.0,20.607540691285198,1.1208483648754308,1610830761335.0,1.0,1.0,1.0,1.0004572090471837,189.0,0.057929163661306085,1216.7
474977,long,close,1231.05,-17715.0,1228.425445547579,124008.0,734.0365325883749,0.03074484076049863,0.0035975386864871453,0.034342379446985774,4.884970529484083,30.376009720414878,70.64188307073228,15.756912541248115,0.0,20.641883070732185,1.121028291748391,1610830761867.0,1.0,1.0,1.0,1.0004572476378548,532.0,0.057929407586412296,1217.85
475054,long,close,1233.3,-20668.0,1228.425445547579,103340.0,677.1125597713761,0.06649911165362317,0.0041895726911538155,0.07068868434477699,4.889160102175237,30.406405854683136,70.71257175507706,15.823411652901738,0.0,20.71257175507696,1.1213880065099677,1610830784223.0,0.4039976188792019,1.0,0.4039976188792019,1.0004579652964316,22356.0,0.05793879870300143,1219.0
475077,long,close,1234.9,-25835.0,1228.425445547579,77505.0,586.074475165479,0.11026501964171638,0.005230180581423597,0.11549520022313997,4.89439028275666,30.456068790779085,70.8280669553002,15.933676672543454,0.0,20.828066955300102,1.1219921475081966,1610830786136.0,0.45117523017517636,1.0,0.45117523017517636,1.0004595149676763,1913.0,0.05794160384172285,1220.15
475103,long,close,1236.3,-25835.0,1228.425445547579,51670.0,461.7779975347962,0.1339558804812957,0.005224257866213703,0.1391801383475094,4.899614540622874,30.515916250268518,70.96724709364771,16.06763255302475,0.0,20.96724709364761,1.1227167420518653,1610830793569.0,0.5250804463632113,1.0,0.5250804463632113,1.0004614970454648,7433.0,0.0579447748681036,1221.3
475117,long,close,1235.2,-51670.0,1228.425445547579,0.0,0.0,0.23069230725252193,0.010457820595854922,0.24115012784837686,4.910072361218729,30.619610805243322,71.2083972214961,16.298324860277273,0.0,21.20839722149599,1.1239750367740977,1610830796106.0,0.6263780917231311,1.0,0.6263780917231311,1.0004653552764757,2537.0,0.057946482343847076,
475145,long,entry,1234.3,40537.0,1234.3,40537.0,392.9520900054954,0.0,0.008210524183747873,0.008210524183747873,4.918282885402477,30.623141330642337,71.21660774567985,16.298324860277273,0.0,21.216607745679738,1.1240133176013969,1610830805164.0,1.0,1.0,1.0,1.0004648952059134,9058.0,0.05794989729533403,1227.05
475432,long,reentry,1227.05,75115.0,1229.5911860581746,115652.0,710.3263916811155,0.0,0.015303981092865002,0.015303981092865002,4.933586866495342,30.62972204251227,71.23191172677272,16.298324860277273,0.0,21.2319117267726,1.1240389673103746,1610830912919.0,0.6797456479172816,1.0,0.6797456479172816,1.000464567078648,107755.0,0.05798490054807532,1219.0
475902,long,reentry,1219.0,214303.0,1222.712299707536,329955.0,987.496429577797,0.0,0.043950574241181296,0.043950574241181296,4.977537440736524,30.648620789435977,71.2758623010139,16.298324860277273,0.0,21.27586230101378,1.1241924987924823,1610831063052.0,0.41726371739520446,1.0,0.41726371739520446,1.0004647668533908,150133.0,0.058042222948034926,1201.75
477056,long,reentry,1201.75,75196.0,1218.8216982063477,405151.0,1025.450366602999,0.0,0.015643020594965674,0.015643020594965674,4.993180461331489,30.65534728829181,71.29150532160887,16.298324860277273,0.0,21.291505321608746,1.1241937531344695,1610831222520.0,0.17821626132584617,1.0,0.17821626132584617,1.000464445746863,159468.0,0.058182967734318726,0.05
478640,long,close,1219.7,-21323.0,1218.8216982063477,383828.0,1015.2351434654909,0.012597920853382568,0.0043705419365417724,0.01696846278992434,4.997551003268031,30.662643727291478,71.30847378439879,16.310922781130657,0.0,21.30847378439867,1.1240279808405782,1610831728626.0,0.14506618316478465,1.0,0.14506618316478465,1.0004641497257805,506106.0,0.05837615641843791,1195.7
478655,long,close,1220.45,-21323.0,1218.8216982063477,362505.0,1004.0265219060102,0.02334119244142276,0.004367856118644762,0.02770904856006752,5.0019188593866755,30.674558618172306,71.33618283295885,16.334263973572078,0.0,21.336182832958738,1.1241699770424882,1610831732293.0,0.16780594002582824,1.0,0.16780594002582824,1.000464051067098,3667.0,0.05837798585673449,1196.8
478666,long,close,1221.2,-21323.0,1218.8216982063477,341182.0,991.6781850594233,0.03407126806862221,0.004365173599737963,0.03843644166836017,5.006284032986414,30.6910862880897,71.37461927462721,16.3683352416407,0.0,21.374619274627097,1.1243686828317199,1610831733785.0,1.0,1.0,1.0,1.0004641485289518,1492.0,0.058379327444818656,1197.9
478684,long,close,1222.0,-21323.0,1218.8216982063477,319859.0,978.0114625050666,0.04550216456547899,0.0043623158756137485,0.049864480441092734,5.010646348862028,30.712528014679368,71.4244837550683,16.41383740620618,0.0,21.42448375506819,1.124626705071929,1610831735030.0,0.18808073926688781,1.0,0.18808073926688781,1.000464453808191,1245.0,0.058381522770774553,1199.0
478698,long,close,1222.75,-21323.0,1218.8216982063477,298536.0,962.8133411393356,0.05620504547068648,0.0043596401553874465,0.06056468562607392,5.015005989017415,30.738570829498578,71.48504844069437,16.470042451676868,0.0,21.485048440694264,1.1249399408971787,1610831736518.0,0.1992701305837019,1.0,0.1992701305837019,1.0004649524127802,1488.0,0.05838323024651803,1200.1
478703,long,close,1222.75,-19902.0,1218.8216982063477,278634.0,947.044876703333,0.05245944824638195,0.004069106522183603,0.05652855476856555,5.019075095539598,30.762878108049062,71.54157699546293,16.52250189992325,0.0,21.54157699546283,1.125231735747077,1610831738701.0,0.21245483527108447,1.0,0.21245483527108447,1.0004653754895736,2183.0,0.05838384005928356,1200.1
478717,long,close,1223.15,-21433.0,1218.8216982063477,257201.0,928.026859507983,0.062227249002795956,0.004380697379716306,0.06660794638251226,5.023455792919314,30.791519524993543,71.60818494184545,16.584729148926044,0.0,21.60818494184534,1.1255754306054122,1610831741121.0,0.22557455498950615,1.0,0.22557455498950615,1.0004659793217243,2420.0,0.05838554753502703,1201.2
478720,long,close,1223.4,-21433.0,1218.8216982063477,235768.0,906.5005496189196,0.06580800540276016,0.004379802190616315,0.07018780759337648,5.027835595109931,30.821700282258693,71.67837274943882,16.650537154328806,0.0,21.67837274943872,1.125938620585356,1610831741189.0,1.0,1.0,1.0,1.0004666451939497,68.0,0.05838591342268635,1202.3
478723,long,close,1223.65,-21433.0,1218.8216982063477,214335.0,881.9385995816407,0.06938729865705251,0.004378907367302742,0.07376620602435525,5.032214502477234,30.853419750849163,71.75213895546317,16.719924452985857,0.0,21.752138955463074,1.1263197121568271,1610831741961.0,1.0,1.0,1.0,1.000467372651582,772.0,0.05838627931034567,1203.4
478738,long,close,1224.3,-23815.0,1218.8216982063477,190520.0,850.2213629215732,0.08743161741133829,0.004862982929020665,0.09229460034035895,5.037077485406255,30.89310642899552,71.84443355580353,16.807356070397194,0.0,21.844433555803434,1.12679608735153,1610831743052.0,0.27925583330066556,1.0,0.27925583330066556,1.0004684302618516,1091.0,0.05838810874864225,1204.5
478773,long,close,1226.0,-27217.0,1218.8216982063477,163303.0,806.581562993034,0.13074687547971983,0.005549959216965742,0.13629683469668558,5.04262744462322,30.95171406791509,71.98073039050021,16.938102945876913,0.0,21.98073039050012,1.1274987194961608,1610831744857.0,0.3056866906850898,1.0,0.3056866906850898,1.0004702724070287,1805.0,0.05839237743800094,1206.7
478785,long,close,1225.85,-27217.0,1218.8216982063477,136086.0,752.5188281425677,0.1280304130004765,0.005550638332585553,0.13358105133306203,5.048178082955806,31.009153919988304,72.11431144183327,17.06613335887739,0.0,22.114311441833184,1.1281869194754468,1610831745768.0,0.3419689471808819,1.0,0.3419689471808819,1.000472056633042,911.0,0.058393840988638215,1207.8
478889,long,close,1227.6,-34021.0,1218.8216982063477,102065.0,663.3958538820558,0.19959999477679086,0.00692835614206582,0.20652835091885668,5.055106439097871,31.097961110883414,72.32083979275212,17.26573335365418,0.0,22.32083979275204,1.129231599461116,1610831780909.0,0.3861248699738404,1.0,0.3861248699738404,1.0004751312725417,35141.0,0.05840652509416119,1208.9
478897,long,close,1228.0,-34021.0,1218.8216982063477,68044.0,536.3157303636344,0.2086271689032634,0.006926099348534202,0.2155532682517976,5.062032538446405,31.190649016231685,72.53639306100392,17.474360522557443,0.0,22.53639306100384,1.1303379945961731,1610831782400.0,0.4596873644876561,1.0,0.4596873644876561,1.0004783475384749,1491.0,0.05840750079458604,1211.1
478900,long,close,1228.2,-68044.0,1218.8216982063477,0.0,0.0,0.42628963180264934,0.013850350105845953,0.4401399819084953,5.075882888552251,31.379909208452336,72.97653304291241,17.900650154360093,0.0,22.976533042912333,1.1325918912759698,1610831782434.0,1.0,1.0,1.0,1.0004855028233357,34.0,0.05840786668224535,
483439,long,entry,1216.7,40952.0,1216.7,40952.0,387.3543112143944,0.0,0.008414563984548368,0.008414563984548368,5.084297452536799,31.38352747096569,72.98494760689695,17.900650154360093,0.0,22.98494760689688,1.1304868310246803,1610835843546.0,1.0,1.0,1.0,1.0004850281231101,4061112.0,0.058961454710791415,1210.0
483698,long,close,1217.55,-40952.0,1216.7,0.0,0.0,0.02349761204670034,0.008408689581536694,0.03190630162823703,5.092706142118336,31.397247180665833,73.01685390852519,17.924147766406794,0.0,23.016853908525118,1.1306162513253017,1610835902694.0,0.6805193523737934,1.0,0.6805193523737934,1.0004849668343778,59148.0,0.058993043012045755,
487280,long,entry,1217.25,40993.0,1217.25,40993.0,387.52844025371127,0.0,0.008419182583692751,0.008419182583692751,5.101125324702029,31.40086742917682,73.02527309110889,17.924147766406794,0.0,23.02527309110881,1.1294846292457996,1610838176295.0,1.0,1.0,1.0,1.000484494033344,2273601.0,0.059429912877269814,1210.0
487485,long,close,1218.1,-40993.0,1217.25,0.0,0.0,0.02349989392049076,0.008413307610212627,0.031913201530703386,5.109538632312242,31.41459010583502,73.05718629263959,17.947647660327284,0.0,23.057186292639514,1.1296248877907247,1610838212192.0,0.6806522948053471,1.0,0.6806522948053471,1.000484433395653,35897.0,0.059454915200656454,
487498,long,entry,1216.7,40997.0,1216.7,40997.0,387.3526173398051,0.0,0.008423810306566944,0.008423810306566944,5.1179624426188095,31.418212344266845,73.06561010294615,17.947647660327284,0.0,23.06561010294608,1.1296648263294715,1610838215947.0,1.0,1.0,1.0,1.0004839624810034,3755.0,0.059456500713846824,1210.0
487501,long,close,1217.55,-40997.0,1216.7,0.0,0.0,0.023523432337335757,0.008417929448482608,0.03194136178581836,5.126380372067292,31.43194712983475,73.09755146473198,17.97117109266462,0.0,23.0975514647319,1.1298233191493694,1610838216354.0,1.0,1.0,1.0,1.0004839028586099,407.0,0.05945686660150614,
487514,long,entry,1216.65,41018.0,1216.65,41018.0,387.3369222338066,0.0,0.008428471622898944,0.008428471622898944,5.134808843690191,31.435571372632594,73.10597993635487,17.97117109266462,0.0,23.1059799363548,1.1298612302365043,1610838224067.0,1.0,1.0,1.0,1.0004834338175708,7713.0,0.05945845211469651,1210.0
487847,long,close,1217.5,-41018.0,1216.65,0.0,0.0,0.023537415620411884,0.008422587268993842,0.031960002889405724,5.143231430959185,31.449314173875038,73.13793993924428,17.99470850828503,0.0,23.137939939244205,1.1299619796821994,1610838336958.0,0.6805600410425907,1.0,0.6805600410425907,1.0004833750357323,112891.0,0.05949906564488066,
488394,long,entry,1214.85,40980.0,1214.85,40980.0,386.7642254638351,0.0,0.008433139893814052,0.008433139893814052,5.151664570852999,31.45294042402938,73.14637307913809,17.99470850828503,0.0,23.14637307913802,1.1298535896121387,1610838629866.0,1.0,1.0,1.0,1.0004829078554207,292908.0,0.05956577916142939,1207.8
488613,long,reentry,1207.8,75935.0,1210.2711029380318,116915.0,699.1538096173235,0.0,0.01571762709057791,0.01571762709057791,5.167382197943577,31.459699003678328,73.16209070622867,17.99470850828503,0.0,23.162090706228597,1.1299095933351209,1610838672595.0,0.6797646653166342,1.0,0.6797646653166342,1.0004825681030571,42729.0,0.059592488960559506,1200.1
488678,long,close,1211.1,-16702.0,1210.2711029380318,100213.0,651.6164700391706,0.009445096762811543,0.0034476921806622083,0.012892788943473751,5.1708298901242395,31.46524290292402,73.17498349517214,18.00415360504784,0.0,23.17498349517207,1.1299656131481828,1610838687934.0,0.42091869829185935,1.0,0.42091869829185935,1.0004821802642028,15339.0,0.059600416526511366,1201.2
488994,long,close,1211.1,-16702.0,1210.2711029380318,83511.0,594.980609165145,0.009445096762811543,0.0034476921806622083,0.012892788943473751,5.174277582304902,31.470786802169716,73.18787628411562,18.01359870181065,0.0,23.187876284115546,1.1299831045793118,1610838778383.0,0.45881278182868596,1.0,0.45881278182868596,1.000481793366863,90449.0,0.059638956693292715,1201.2
489006,long,close,1211.1,-16702.0,1210.2711029380318,66809.0,526.3576439799708,0.009445096762811543,0.0034476921806622083,0.012892788943473751,5.177725274485565,31.47633070141541,73.20076907305909,18.02304379857346,0.0,23.20076907305902,1.130044825686117,1610838782517.0,0.5086865324813006,1.0,0.5086865324813006,1.0004814074074844,4134.0,0.05964042024392999,1202.3
489499,long,reentry,1202.3,123797.0,1205.0939383659852,190606.0,838.6830464675268,0.0,0.025741703401813195,0.025741703401813195,5.203466977887378,31.487399633878187,73.2265107764609,18.02304379857346,0.0,23.226510776460835,1.1300452360445468,1610839030192.0,0.5621895246579574,1.0,0.5621895246579574,1.000481243779627,247675.0,0.05970054778261102,1191.3
489571,long,close,1205.95,-15883.0,1205.0939383659852,174723.0,814.7867942918133,0.009355938661539753,0.0032926323645258923,0.012648571026065645,5.206759610251904,31.492838519419394,73.23915934748696,18.032399737235,0.0,23.2391593474869,1.1300992449897513,1610839046842.0,0.3019990458428473,1.0,0.3019990458428473,1.0004808551660649,16650.0,0.059709329086434615,1192.4
489741,long,close,1205.95,-15883.0,1205.0939383659852,158840.0,787.8496253205275,0.009355938661539753,0.0032926323645258923,0.012648571026065645,5.21005224261643,31.4982774049606,73.25180791851302,18.04175567589654,0.0,23.251807918512966,1.130123339275793,1610839121815.0,0.32188690084323307,1.0,0.32188690084323307,1.0004804674927623,74973.0,0.05973006272046256,1192.4
489764,long,close,1207.45,-17648.0,1205.0939383659852,141192.0,753.5197165519484,0.028575384617834158,0.0036539815313263485,0.032229366149160506,5.2137062241477565,31.51213603240474,73.28403728466219,18.070331060514373,0.0,23.284037284662126,1.1302799924460394,1610839126882.0,0.34748250346154763,1.0,0.34748250346154763,1.0004804166286623,5067.0,0.05973286785918399,1193.5
489767,long,close,1207.65,-17649.0,1205.0939383659852,123543.0,713.532276620316,0.030997697599811663,0.0036535834057881008,0.03465128100559976,5.217359807553545,31.527036083237153,73.3186885656678,18.101328758114185,0.0,23.318688565667728,1.1304507721692187,1610839127630.0,0.37607045081398666,1.0,0.37607045081398666,1.0004804071163156,748.0,0.059733233746843306,1194.6
489770,long,close,1207.9,-17649.0,1205.0939383659852,105894.0,666.368646417281,0.03402243756651956,0.0036528272207964232,0.03767526478731598,5.2210126347743415,31.543236447095698,73.35636383045511,18.135351195680705,0.0,23.356363830455045,1.1306367514686468,1610839127745.0,1.0,1.0,1.0,1.0004804490317964,115.0,0.05973359963450262,1195.7
489781,long,close,1208.7,-21178.0,1205.0939383659852,84716.0,597.2336901835888,0.052429856037598296,0.004380325970050468,0.056810182007648764,5.225392960744392,31.567664825358985,73.41317401246276,18.187781051718304,0.0,23.413174012462694,1.1309141016554523,1610839133663.0,0.4483474925143583,1.0,0.4483474925143583,1.0004808169278177,5918.0,0.05973494122258678,1196.8
489800,long,close,1209.35,-21179.0,1205.0939383659852,63537.0,509.146439309529,0.06185010596372674,0.004378178360276181,0.06622828432400292,5.229771139104668,31.596142987618308,73.47940229678676,18.249631157682032,0.0,23.479402296786695,1.1312356964124823,1610839143524.0,0.5057444530280226,1.0,0.5057444530280226,1.0004813434594217,9861.0,0.059737258511095785,1196.8
489803,long,close,1209.4,-63537.0,1205.0939383659852,0.0,0.0,0.18772239248699246,0.013133992062179592,0.20085638454917204,5.2429051311668475,31.68251123297445,73.68025868133593,18.437353550169025,0.0,23.680258681335868,1.1322248760793714,1610839144200.0,0.5789916572460172,1.0,0.5789916572460172,1.000484151991961,676.0,0.0597376243987551,
489829,long,entry,1209.95,41117.0,1209.95,41117.0,385.20196810211326,0.0,0.008495598991693871,0.008495598991693871,5.251400730158541,31.68616434054088,73.68875428032763,18.437353550169025,0.0,23.68875428032756,1.1322631153833769,1610839151055.0,1.0,1.0,1.0,1.0004836919965536,6855.0,0.05974079542513585,1203.4
489954,long,close,1210.8,-41117.0,1209.95,0.0,0.0,0.023856158384338574,0.008489634952097785,0.03234579333643636,5.259890365110639,31.700073031675547,73.72110007366406,18.461209708553362,0.0,23.721100073663997,1.1323962167465493,1610839200989.0,0.6804629049339583,1.0,0.6804629049339583,1.0004836362786957,49934.0,0.05975604074427404,
489992,long,entry,1209.5,41125.0,1209.5,41125.0,385.06199358210966,0.0,0.008500413393964448,0.008500413393964448,5.268390778504603,31.70372820943495,73.72960048705802,18.461209708553362,0.0,23.72960048705796,1.1324292473862418,1610839217811.0,1.0,1.0,1.0,1.0004831780710022,16822.0,0.059760675321292055,1202.3
490017,long,close,1210.35,-41125.0,1209.5,0.0,0.0,0.023878552104330993,0.008494443755938365,0.03237299586026936,5.276885222260542,31.717648597654865,73.7619734829183,18.485088260657694,0.0,23.76197348291823,1.1325800875537875,1610839233797.0,0.6811872879763954,1.0,0.6811872879763954,1.0004831232862625,15986.0,0.05976372438511969,
490077,long,entry,1209.3,41141.0,1209.3,41141.0,384.9983403131257,0.0,0.00850512693293641,0.00850512693293641,5.285390349193478,31.721305802236024,73.77047860985122,18.485088260657694,0.0,23.770478609851164,1.1326040384365161,1610839267973.0,1.0,1.0,1.0,1.000482666852272,34176.0,0.05977104213830602,1202.3
490267,long,close,1210.15,-41141.0,1209.3,0.0,0.0,0.023895741496497046,0.008499152997562286,0.03239489449405933,5.293889502191041,31.73523560686847,73.80287350434529,18.50898400215419,0.0,23.802873504345225,1.132717981748455,1610839354510.0,0.6802604930544591,1.0,0.6802604930544591,1.000482612903167,86537.0,0.059794215023396075,
508274,long,entry,1228.75,41826.0,1228.75,41826.0,391.1913198780025,0.0,0.008509867751780266,0.008509867751780266,5.302399369942821,31.73889485000174,73.81138337209707,18.50898400215419,0.0,23.811383372097005,1.1248474528447587,1610855438686.0,1.0,1.0,1.0,1.000482158231274,16084176.0,0.06199039471716762,1221.3
508293,long,close,1229.6,-41826.0,1228.75,0.0,0.0,0.023530863985074268,0.008503985035783994,0.032034849020858264,5.310903354978604,31.75266983508071,73.84341822111793,18.532514866139262,0.0,23.84341822111786,1.1249936609515463,1610855441344.0,0.6815310620930496,1.0,0.6815310620930496,1.000482098713613,2658.0,0.061992712005676624,
508326,long,entry,1228.65,41845.0,1228.65,41845.0,391.15579582538027,0.0,0.008514426402962601,0.008514426402962601,5.319417781381567,31.756331038433984,73.8519326475209,18.532514866139262,0.0,23.851932647520822,1.1250285581221393,1610855450586.0,1.0,1.0,1.0,1.0004816457974546,9242.0,0.06199673676992911,1221.3
508909,long,reentry,1221.3,77538.0,1223.8762524815093,119383.0,707.047675651796,0.0,0.01587202161631049,0.01587202161631049,5.3352898029978775,31.763156007729002,73.86780466913721,18.532514866139262,0.0,23.867804669137133,1.1250136102295853,1610855640471.0,0.6797086625790131,1.0,0.6797086625790131,1.0004813168646467,189885.0,0.06206784093838964,1213.25
509038,long,close,1224.75,-17054.0,1223.8762524815093,102329.0,658.97644027295,0.009940935542586566,0.003481118595631762,0.013422054138218328,5.338770921593509,31.768927491008437,73.88122672327543,18.54245580168185,0.0,23.88122672327535,1.125049292333412,1610855696648.0,0.4205239719282089,1.0,0.4205239719282089,1.0004809478277366,56177.0,0.06208357410774026,1214.4
509085,long,close,1227.5,-20465.0,1223.8762524815093,81864.0,588.7500996525869,0.04936403722366322,0.004168024439918533,0.05353206166358175,5.342938946033428,31.791946277523778,73.93475878493902,18.591819838905515,0.0,23.934758784938932,1.1252752379597561,1610855739757.0,0.462038091127842,1.0,0.462038091127842,1.0004812474485933,43109.0,0.06208930634773622,1215.55
509150,long,close,1224.75,-16372.0,1223.8762524815093,65492.0,519.6661299301151,0.009543391386374297,0.003341906511532966,0.012885297897907263,5.346280852544961,31.79748695561988,73.94764408283693,18.601363230291888,0.0,23.947644082836838,1.1253121243671111,1610855787786.0,0.5189950166237035,1.0,0.5189950166237035,1.0004808702800505,48029.0,0.06209723391368808,1215.55
509151,long,close,1224.8,-65492.0,1223.8762524815093,0.0,0.0,0.04035885644784881,0.013367896799477466,0.05372675324732628,5.359648749344438,31.82058945951623,74.00137083608426,18.641722086739737,0.0,24.001370836084163,1.1255585708882043,1610855788107.0,1.0,1.0,1.0,1.0004811716921325,321.0,0.062097355876241184,
509156,long,entry,1225.35,41822.0,1225.35,41822.0,390.1059949612106,0.0,0.008532664136777248,0.008532664136777248,5.368181413481215,31.82425850509505,74.00990350022104,18.641722086739737,0.0,24.00990350022094,1.125591261217512,1610855802003.0,1.0,1.0,1.0,1.000480723243128,13896.0,0.06209796568900671,1219.0
509178,long,close,1226.2,-41822.0,1225.35,0.0,0.0,0.023659319902992654,0.008526749306801501,0.03218606920979415,5.376708162788017,31.838098514855258,74.04208956943083,18.66538140664273,0.0,24.042089569430733,1.125722830702709,1610855836545.0,0.6813119884313286,1.0,0.6813119884313286,1.0004806671407875,34542.0,0.06210064886517503,
509189,long,entry,1226.1,41871.0,1226.1,41871.0,390.34718275263606,0.0,0.008537435771959874,0.008537435771959874,5.385245598559977,31.841769612237197,74.05062700520278,18.66538140664273,0.0,24.050627005202692,1.12576102564327,1610855838599.0,1.0,1.0,1.0,1.0004802204065364,2054.0,0.06210199045325919,1219.0
509457,long,close,1226.95,-41871.0,1226.1,0.0,0.0,0.023658080300476298,0.008531521251884755,0.03218960155236105,5.393777119811862,31.855611140904713,74.08281660675515,18.689039486943205,0.0,24.082816606755053,1.1258016711375258,1610856068211.0,0.6803707817788036,1.0,0.6803707817788036,1.0004801648214046,229612.0,0.06213467641749148,
509571,long,entry,1225.15,41861.0,1225.15,41861.0,390.0410654887341,0.0,0.00854201526343713,0.00854201526343713,5.402319135075299,31.859284207467994,74.09135862201859,18.689039486943205,0.0,24.09135862201849,1.1257872947956142,1610856183185.0,1.0,1.0,1.0,1.0004797197876376,114974.0,0.06214858014854551,1217.85
509619,long,close,1226.0,-41861.0,1225.15,0.0,0.0,0.023689112476086904,0.008536092985318109,0.03222520546140501,5.410855228060617,31.8731410458164,74.12358382748,18.712728599419293,0.0,24.123583827479894,1.1259049529806502,1610856247270.0,0.6813129622610229,1.0,0.6813129622610229,1.0004796652419565,64085.0,0.06215443435109458,
509676,long,entry,1224.9,41876.0,1224.9,41876.0,389.9647567697944,0.0,0.008546820148583557,0.008546820148583557,5.419402048209201,31.87681617848029,74.13213064762859,18.712728599419293,0.0,24.13213064762848,1.1259060250492092,1610856328970.0,1.0,1.0,1.0,1.0004792219006908,81700.0,0.062161386216621595,1217.85
509979,long,close,1225.75,-41876.0,1224.9,0.0,0.0,0.02370727187859233,0.00854089333061391,0.03224816520920624,5.427942941539815,31.890682889520253,74.1643788128378,18.736435871297886,0.0,24.164378812837686,1.1259304003159032,1610856593407.0,0.680592385314281,1.0,0.680592385314281,1.0004791681782235,264437.0,0.06219834087021257,
510013,long,entry,1224.0,41868.0,1224.0,41868.0,389.67654943270446,0.0,0.008551470588235294,0.008551470588235294,5.4364944121280505,31.89436002187319,74.17293028342603,18.736435871297886,0.0,24.17293028342592,1.1259543102704697,1610856625970.0,1.0,1.0,1.0,1.000478726515606,32563.0,0.062202487597018165,1216.7
510260,long,close,1224.85,-41868.0,1224.0,0.0,0.0,0.02373760052251186,0.008545536188104667,0.03228313671061653,5.445039948316155,31.908241770658755,74.20521342013664,18.760173471820398,0.0,24.205213420136538,1.1259898955493615,1610856866308.0,0.6804751347360055,1.0,0.6804751347360055,1.0004786738053402,240338.0,0.06223261234763523,
510343,long,entry,1223.2,41864.0,1223.2,41864.0,389.4239596571725,0.0,0.008556245912361019,0.008556245912361019,5.453596194228516,31.911920956401072,74.213769666049,18.760173471820398,0.0,24.213769666048897,1.1259925337398262,1610856944581.0,1.0,1.0,1.0,1.0004782338119473,78273.0,0.06224273523954299,1216.7
510367,long,close,1224.05,-41864.0,1223.2,0.0,0.0,0.023766378907742598,0.008550304317634084,0.03231668322537668,5.46214649854615,31.925817130187983,74.24608634927438,18.78393985072814,0.0,24.246086349274275,1.1261095201668878,1610857009763.0,0.681322455272363,1.0,0.681322455272363,1.0004781820819346,65182.0,0.06224566234081753,
510382,long,entry,1223.1,41883.0,1223.1,41883.0,389.38805306717944,0.0,0.008560829040961492,0.008560829040961492,5.470707327587111,31.929498286675596,74.25464717831534,18.78393985072814,0.0,24.25464717831524,1.1261396193012791,1610857028908.0,1.0,1.0,1.0,1.0004777437433006,19145.0,0.06224749177911411,1216.7
510516,long,reentry,1216.7,77609.0,1218.9432564523147,119492.0,704.0480136765041,0.0,0.01594661790087943,0.01594661790087943,5.486653945487991,31.936355332372973,74.27059379621622,18.78393985072814,0.0,24.27059379621612,1.1261701094071488,1610857119509.0,0.6799506406384914,1.0,0.6799506406384914,1.0004774264665226,90601.0,0.06226383476123025,1208.65
511135,long,close,1219.8,-17070.0,1218.9432564523147,102422.0,656.1678697789544,0.009835857890580686,0.0034985243482538123,0.013334382238834498,5.490152469836245,31.942089116735673,74.28392817845506,18.79377570861872,0.0,24.283928178454953,1.1260632728462991,1610857480059.0,0.41931789873685177,1.0,0.41931789873685177,1.0004770675111898,360550.0,0.062339329581602584,1209.8
511174,long,close,1219.8,-17070.0,1218.9432564523147,85352.0,599.1256748184327,0.009835857890580686,0.0034985243482538123,0.013334382238834498,5.493650994184499,31.947822901098373,74.2972625606939,18.803611566509304,0.0,24.297262560693788,1.126115128269541,1610857498935.0,0.46171626761365514,1.0,0.46171626761365514,1.0004767093811036,18876.0,0.062344086121173696,1209.8
511271,long,close,1223.25,-21338.0,1218.9432564523147,64014.0,510.18539724283414,0.06163168040238235,0.004360923768649091,0.06599260417103144,5.498011917953148,31.976199720891916,74.36325516486492,18.865243246911685,0.0,24.36325516486482,1.126356356547218,1610857625000.0,0.5091145638521649,1.0,0.5091145638521649,1.0004772038883272,126065.0,0.062355916488824936,1210.95
511306,long,close,1219.8,-64014.0,1218.9432564523147,0.0,0.0,0.03688533140056427,0.01311977373339892,0.05000510513396319,5.511131691686547,31.99770191609952,74.41326026999889,18.90212857831225,0.0,24.413260269998784,1.1265707214590746,1610857652105.0,0.5815923260402394,1.0,0.5815923260402394,1.0004774382470583,27105.0,0.06236018517818363,
511405,long,entry,1219.9,41868.0,1219.9,41868.0,388.37262800079475,0.0,0.008580211492745307,0.008580211492745307,5.519711903179292,32.0013914070414,74.42184048149163,18.90212857831225,0.0,24.42184048149153,1.1265357705790533,1610857810772.0,1.0,1.0,1.0,1.0004770039558704,158667.0,0.06237225947094108,1213.25
511527,long,close,1220.75,-41868.0,1219.9,0.0,0.0,0.023897373807357385,0.008574237149293467,0.032471610956650854,5.528286140328586,32.01535419975276,74.45431209244828,18.92602595211961,0.0,24.45431209244818,1.126646704046371,1610857888680.0,0.6808114830484531,1.0,0.6808114830484531,1.000476955229545,77908.0,0.06238713890241996,
511740,long,entry,1219.15,41865.0,1219.15,41865.0,388.1316637507765,0.0,0.008584874707788213,0.008584874707788213,5.536871015036374,32.01904569587711,74.46289696715607,18.92602595211961,0.0,24.46289696715597,1.1266104140699322,1610858050191.0,1.0,1.0,1.0,1.0004765225541827,161511.0,0.062413116926231436,1212.1
512077,long,close,1220.0,-41865.0,1219.15,0.0,0.0,0.023925060661046108,0.008578893442622951,0.03250395410366906,5.5454499084789965,32.03302239614168,74.49540092125973,18.949951012780655,0.0,24.495400921259638,1.1266577596146794,1610858264656.0,0.6802605949824726,1.0,0.6802605949824726,1.00047647475099,214465.0,0.06245421830662801,
512566,long,entry,1217.45,41830.0,1217.45,41830.0,387.5923998416289,0.0,0.008589675140662861,0.008589675140662861,5.55403958361966,32.03671595645217,74.5039905964004,18.949951012780655,0.0,24.5039905964003,1.126464454744618,1610858764538.0,1.0,1.0,1.0,1.000476043682841,499882.0,0.06251385799509662,1211.1
512592,long,close,1218.3,-41830.0,1217.45,0.0,0.0,0.023971842303418003,0.008583682180087007,0.03255552448350501,5.562623265799747,32.05071483198008,74.53654612088391,18.973922855084073,0.0,24.536546120883806,1.1265923559466695,1610858805579.0,0.6814396319210744,1.0,0.6814396319210744,1.0004759971024533,41041.0,0.06251702902147736,
513070,long,entry,1216.6,41824.0,1216.6,41824.0,387.32254111607125,0.0,0.008594443531152393,0.008594443531152393,5.5712177093309,32.054410442698476,74.54514056441506,18.973922855084073,0.0,24.545140564414957,1.1263452045547604,1610859422994.0,1.0,1.0,1.0,1.000475567629877,617415.0,0.06257532712186181,1210.0
513251,long,close,1217.45,-41824.0,1216.6,0.0,0.0,0.02400189577060188,0.008588443057209742,0.03259033882781162,5.57980615238811,32.06842428839443,74.57773090324287,18.997924750854676,0.0,24.57773090324277,1.1264231970108383,1610859571533.0,0.6808219685899701,1.0,0.6808219685899701,1.0004755219948573,148539.0,0.06259740234397392,
513263,long,entry,1216.1,41830.0,1216.1,41830.0,387.16392533451875,0.0,0.008599210591234273,0.008599210591234273,5.588405362979344,32.07212194894866,74.5863301138341,18.997924750854676,0.0,24.586330113834006,1.126455403750176,1610859585518.0,1.0,1.0,1.0,1.0004750941071603,13985.0,0.06259886589461118,1208.9
513517,long,reentry,1208.9,77510.0,1211.4236802413272,119340.0,699.8449609883581,0.0,0.016029034659607904,0.016029034659607904,5.604434397638952,32.079014433852294,74.6023591484937,18.997924750854676,0.0,24.602359148493612,1.126489948370488,1610859666680.0,0.6797254205778063,1.0,0.6797254205778063,1.0004747854213838,81162.0,0.06262984438309999,1201.2
513782,long,close,1212.25,-17048.0,1211.4236802413272,102292.0,652.264143773268,0.009592533459810211,0.00351577644875232,0.013108309908562531,5.607950174087705,32.084651007112974,74.61546745840226,19.007517284314485,0.0,24.615467458402176,1.12652833470418,1610859711072.0,0.4194566893501799,1.0,0.4194566893501799,1.000474431012585,44392.0,0.06266216445967296,1202.3
513827,long,close,1212.25,-17048.0,1211.4236802413272,85244.0,595.5763310693936,0.009592533459810211,0.00351577644875232,0.013108309908562531,5.6114659505364575,32.090287580373655,74.62857576831082,19.017109817774294,0.0,24.62857576831074,1.1265797095452084,1610859727332.0,0.46105007744410825,1.0,0.46105007744410825,1.0004740774062075,16260.0,0.06266765277456271,1202.3
513932,long,close,1212.25,-17048.0,1211.4236802413272,68196.0,526.8901958831066,0.009592533459810211,0.00351577644875232,0.013108309908562531,5.61498172698521,32.095924153634336,74.64168407821938,19.026702351234103,0.0,24.641684078219303,1.1266160457828673,1610859776071.0,0.508296114700191,1.0,0.508296114700191,1.0004737245994182,48739.0,0.06268045884263879,1203.4
513973,long,close,1212.25,-68196.0,1211.4236802413272,0.0,0.0,0.03837238455098645,0.014063930707362343,0.0524363152583488,5.629045657692572,32.11847176919542,74.69412039347773,19.06507473578509,0.0,24.69412039347765,1.1268420211984882,1610859796482.0,0.5649490579777833,1.0,0.5649490579777833,1.000473994677821,20411.0,0.06268545930731612,
514053,long,entry,1213.6,41809.0,1213.6,41809.0,386.3670208744126,0.0,0.008612598879367174,0.008612598879367174,5.637658256571939,32.122175186713555,74.7027329923571,19.06507473578509,0.0,24.702732992357017,1.126860383756138,1610859840268.0,1.0,1.0,1.0,1.0004735716188524,43786.0,0.06269521631156456,1206.7
514089,long,close,1214.45,-41809.0,1213.6,0.0,0.0,0.024112014648485686,0.008606570875705051,0.03271858552419074,5.646264827447644,32.13624417848895,74.73545157788128,19.089186750433576,0.0,24.735451577881207,1.1270011778554534,1610859853206.0,0.6814650060807019,1.0,0.6814650060807019,1.0004735297007499,12938.0,0.06269960696347636,
515290,long,entry,1212.2,41784.0,1212.2,41784.0,385.9220922979663,0.0,0.008617389869658473,0.008617389869658473,5.654882217317303,32.1399496561329,74.74406896775093,19.089186750433576,0.0,24.744068967750867,1.1265965060692724,1610860811872.0,1.0,1.0,1.0,1.00047310818484,958666.0,0.06284608398975612,1205.6
515504,long,reentry,1205.6,77425.0,1207.9133689570417,119209.0,697.7227913065216,0.0,0.016055283676177836,0.016055283676177836,5.670937500993481,32.14685342811366,74.76012425142711,19.089186750433576,0.0,24.760124251427044,1.1266317173168001,1610860891122.0,0.6798655393629479,1.0,0.6798655393629479,1.0004728046148645,79250.0,0.06287218397612071,1197.9
515755,long,close,1208.75,-17029.0,1207.9133689570417,102180.0,650.2788397156197,0.009757776025202856,0.003522026887280248,0.013279802912483105,5.674459527880761,32.152563743366024,74.7734040543396,19.09894452645878,0.0,24.773404054339526,1.1266545560498495,1610860970257.0,0.42054414807198603,1.0,0.42054414807198603,1.0004724581172735,79135.0,0.06290279657695019,1197.9
515799,long,close,1211.5,-20436.0,1207.9133689570417,81744.0,580.9650763209388,0.05008681207724711,0.004217086256706562,0.054303898333953673,5.678676614137467,32.17591441964962,74.82770795267355,19.149031338536027,0.0,24.827707952673478,1.1268930252791314,1610860978769.0,0.4620904626390771,1.0,0.4620904626390771,1.000472755603683,8512.0,0.06290816292928685,1199.0
516254,long,close,1208.75,-16348.0,1207.9133689570417,65396.0,512.7860970924553,0.0093675566656889,0.003381178903826267,0.012748735569515168,5.682057793041293,32.181396375944516,74.84045668824307,19.158398895201717,0.0,24.840456688242995,1.1268431965897838,1610861209990.0,0.5174107435968445,1.0,0.5174107435968445,1.0004724014740283,231221.0,0.06296365589094986,1200.1
516464,long,reentry,1200.1,121178.0,1202.8386617444803,186574.0,825.8070279662854,0.0,0.025243313057245233,0.025243313057245233,5.707301106098539,32.19225100055913,74.86570000130031,19.158398895201717,0.0,24.86570000130024,1.1269024602961293,1610861325419.0,0.5726960567539225,1.0,0.5726960567539225,1.0004722434441213,115429.0,0.06298926802710203,1189.1
516666,long,close,1203.7,-16961.0,1202.8386617444803,169613.0,799.2885586534863,0.0100901948118699,0.00352268006978483,0.013612874881654729,5.710823786168324,32.198104536758244,74.87931287618196,19.168489090013587,0.0,24.879312876181896,1.126915199869537,1610861429270.0,0.31182747669476213,1.0,0.31182747669476213,1.0004719041275834,103851.0,0.06301390446282935,1190.2
516725,long,close,1203.7,-16961.0,1202.8386617444803,152652.0,769.1027465827376,0.0100901948118699,0.00352268006978483,0.013612874881654729,5.7143464662381085,32.20395807295735,74.8929257510636,19.178579284825457,0.0,24.89292575106355,1.1269621716261513,1610861458835.0,0.3347300689554402,1.0,0.3347300689554402,1.0004715655644474,29565.0,0.06302110025346258,1191.3
516756,long,close,1205.4,-19081.0,1202.8386617444803,133571.0,729.6442061899191,0.033707729622488455,0.003957400033184005,0.03766512965567246,5.718303866271293,32.22015407870929,74.93059088071928,19.212287014447945,0.0,24.930590880719222,1.1271225910331082,1610861474465.0,0.3611838144584596,1.0,0.3611838144584596,1.0004716021071864,15630.0,0.06302488109260886,1192.4
516823,long,close,1207.6,-22261.0,1202.8386617444803,111310.0,674.1569060743165,0.07296981115033799,0.0046085210334547875,0.07757833218379277,5.722912387304747,32.25351276154833,75.00816921290308,19.28525682559828,0.0,25.008169212903017,1.1274499025687048,1610861512823.0,0.3949882204063689,1.0,0.3949882204063689,1.0004722581901124,38358.0,0.06303305258366693,1192.4
516879,long,close,1205.95,-18551.0,1202.8386617444803,92759.0,617.8671380415651,0.039790360482435685,0.0038457232886935614,0.04363608377112925,5.726758110593441,32.272276277569915,75.05180529667422,19.325047186080717,0.0,25.051805296674146,1.1276235021861662,1610861556729.0,0.44076573531786273,1.0,0.44076573531786273,1.0004723855004731,43906.0,0.06303988248664083,1193.5
516967,long,close,1203.7,-15459.0,1202.8386617444803,77300.0,561.6965662964908,0.009196646518288826,0.0032107252637700425,0.01240737178205887,5.729968835857211,32.2776114474362,75.06421266845628,19.334243832599004,0.0,25.064212668456204,1.1276435230185342,1610861632439.0,0.4862452600161601,1.0,0.4862452600161601,1.0004720288046012,75710.0,0.06305061519131412,1194.6
516981,long,close,1203.7,-15460.0,1202.8386617444803,61840.0,494.2889023729447,0.009197241423943674,0.00321093295671679,0.012408174380660464,5.733179768813928,32.282946962419885,75.07662084283695,19.343441074022948,0.0,25.076620842836864,1.1276892726786771,1610861652617.0,0.5332614015567819,1.0,0.5332614015567819,1.0004716729171548,20178.0,0.0630523226670576,1194.6
516983,long,close,1203.85,-61840.0,1202.8386617444803,0.0,0.0,0.04319029401418131,0.012842131494787558,0.05603242550896887,5.746021900308715,32.307040905388746,75.13265326834592,19.38663136803713,0.0,25.132653268345834,1.1279375554531335,1610861653622.0,0.5893928373708717,1.0,0.5893928373708717,1.0004719911396023,1005.0,0.06305256659216381,
516990,long,entry,1204.75,41748.0,1204.75,41748.0,383.55084767370226,0.0,0.008663208134467732,0.008663208134467732,5.754685108443183,32.310766084886566,75.14131647648038,19.38663136803713,0.0,25.141316476480302,1.1279730075138459,1610861660067.0,1.0,1.0,1.0,1.0004715782354776,6445.0,0.06305342033003555,1197.9
517003,long,close,1205.6,-41748.0,1204.75,0.0,0.0,0.02443174158691967,0.008657100199071004,0.03308884178599067,5.763342208642253,32.32499428685454,75.17440531826638,19.41106310962405,0.0,25.17440531826629,1.1281153856754498,1610861669606.0,0.6815419730374441,1.0,0.6815419730374441,1.0004715421384947,9539.0,0.06305500584322592,
517220,long,entry,1206.4,41828.0,1206.4,41828.0,384.0735618243616,0.0,0.008667937665782492,0.008667937665782492,5.772010146308036,32.328721500050825,75.18307325593216,19.41106310962405,0.0,25.183073255932076,1.1281067261584536,1610861770860.0,1.0,1.0,1.0,1.0004711307053191,101254.0,0.06308147171724983,1200.1
517244,long,close,1207.25,-41828.0,1206.4,0.0,0.0,0.0244116695495191,0.008661834748395113,0.03307350429791421,5.780671981056431,32.34294310689893,75.21614676023007,19.435474779173568,0.0,25.21614676022999,1.1282498101950316,1610861778473.0,0.6814518024182121,1.0,0.6814518024182121,1.000471094690399,7613.0,0.06308439881852436,
517326,long,entry,1206.2,41844.0,1206.2,41844.0,384.0080707443126,0.0,0.008672691096003979,0.008672691096003979,5.789344672152435,32.346672364070216,75.22481945132608,19.435474779173568,0.0,25.224819451325992,1.1282603708413323,1610861838343.0,1.0,1.0,1.0,1.00047068471999,59870.0,0.063094399747879,1199.0
517336,long,close,1207.05,-41844.0,1206.2,0.0,0.0,0.024429103787262103,0.008666583820057165,0.03309568760731927,5.798011255972492,32.36090350974136,75.2579151389334,19.45990388296083,0.0,25.25791513893331,1.1284047221135152,1610861843236.0,0.6815985483650656,1.0,0.6815985483650656,1.000470649359612,4893.0,0.06309561937341007,
517439,long,entry,1206.0,41861.0,1206.0,41861.0,383.94886201488873,0.0,0.008677653399668325,0.008677653399668325,5.80668890937216,32.36463490070322,75.26659279233307,19.45990388296083,0.0,25.26659279233298,1.1284099680908362,1610861914441.0,1.0,1.0,1.0,1.0004702408459543,71205.0,0.06310818151637994,1199.0
517464,long,close,1206.85,-41861.0,1206.0,0.0,0.0,0.02444713225244998,0.008671541616605213,0.03311867386905519,5.8153604509887655,32.37887593046691,75.29971146620213,19.48435101521328,0.0,25.299711466202034,1.1285499970539057,1610861928597.0,0.6813702389917936,1.0,0.6813702389917936,1.0004702061466897,14156.0,0.06311123058020758,
517476,long,entry,1205.9,41880.0,1205.9,41880.0,383.91212178726624,0.0,0.008682311966166348,0.008682311966166348,5.824042762954932,32.38260932461237,75.3083937781683,19.48435101521328,0.0,25.3083937781682,1.1285766927435608,1610861953746.0,1.0,1.0,1.0,1.000469799075992,25149.0,0.06311269413084485,1199.0
517487,long,close,1206.75,-41880.0,1205.9,0.0,0.0,0.024462283559114444,0.00867619639527657,0.033138479954391016,5.832718959350208,32.39685887099275,75.34153225812268,19.508813298772395,0.0,25.34153225812259,1.1287203635691192,1610861960106.0,0.6813610642094317,1.0,0.6813610642094317,1.0004697649837648,6360.0,0.063114035718929,
521078,long,entry,1203.9,41834.0,1203.9,41834.0,383.2768983483024,0.0,0.008687183320873827,0.008687183320873827,5.841406142671082,32.40059435982073,75.35021944144356,19.508813298772395,0.0,25.350219441443464,1.1273162351095054,1610865082069.0,1.0,1.0,1.0,1.0004693593502696,3121963.0,0.06355200324713102,1196.8
521315,long,reentry,1196.8,77518.0,1199.288616864401,119352.0,692.828018049892,0.0,0.01619276403743316,0.01619276403743316,5.857598906708516,32.407557248356824,75.36641220548098,19.508813298772395,0.0,25.3664122054809,1.1273759425079903,1610865106300.0,0.6797352008787947,1.0,0.6797352008787947,1.0004690685026656,24231.0,0.06358090837221703,1189.1
521669,long,reentry,1189.1,221159.0,1192.6711968188986,340511.0,963.2234159614123,0.0,0.04649714069464301,0.04649714069464301,5.904096047403159,32.42755101885552,75.41290934617562,19.508813298772395,0.0,25.412909346175542,1.1275707688723218,1610865124538.0,0.417301919217921,1.0,0.417301919217921,1.0004692373021655,18238.0,0.06362408311601639,1172.6
525174,long,reentry,1172.6,77759.0,1188.9398362301863,418270.0,1000.3578634406027,0.0,0.01657833020637899,0.01657833020637899,5.920674377609537,32.43467970084426,75.42948767638201,19.508813298772395,0.0,25.42948767638192,1.1272456707733596,1610865995045.0,0.17848749171734554,1.0,0.17848749171734554,1.0004689528845565,870507.0,0.06405156186465133,0.05
526274,long,close,1189.75,-22014.0,1188.9398362301863,396256.0,990.3962976912496,0.012608289956470722,0.004625761714645934,0.017234051671116656,5.925300139324183,32.442090343062844,75.44672172805313,19.521421588728867,0.0,25.44672172805304,1.1271561551599463,1610866356725.0,0.1435292265063333,1.0,0.1435292265063333,1.0004686789633876,361680.0,0.06418572067306742,1166.0
526284,long,close,1190.55,-22014.0,1188.9398362301863,374242.0,979.4631481325783,0.025041566582286144,0.00462265339548948,0.029664219977775623,5.9299227927196725,32.45484595765329,75.47638594803091,19.54646315531115,0.0,25.476385948030813,1.127284948695772,1610866357012.0,1.0,1.0,1.0,1.0004685930694446,287.0,0.06418694029859848,1167.1
526322,long,close,1191.3,-22014.0,1188.9398362301863,352228.0,967.4174606999728,0.03668259754549417,0.004619743137748678,0.041302340683242844,5.934542535857421,32.472605964147085,75.51768828871415,19.583145752856645,0.0,25.517688288714055,1.1274630469128162,1610866359968.0,0.17674877231974925,1.0,0.17674877231974925,1.0004686824170224,2956.0,0.06419157487561648,1168.2
526334,long,close,1190.55,-19568.0,1188.9398362301863,332660.0,955.6928521802229,0.022259170295365463,0.004109025240435093,0.026368195535800557,5.938651561097856,32.483944288227484,75.54405648424996,19.60540492315201,0.0,25.544056484249854,1.1275765648110674,1610866362173.0,0.18738558530031682,1.0,0.18738558530031682,1.000468546748772,2205.0,0.06419303842625376,1169.3
526340,long,close,1191.3,-19568.0,1188.9398362301863,313092.0,942.8084662768338,0.0326067533737726,0.004106438344665492,0.03671319171843809,5.942757999442522,32.49973096066641,75.5807696759684,19.638011676525785,0.0,25.58076967596829,1.1277353192135733,1610866363599.0,0.19726777356665162,1.0,0.19726777356665162,1.0004685665185604,1426.0,0.0641937702015724,1170.4
526350,long,close,1191.3,-18417.0,1188.9398362301863,294675.0,929.4940618328594,0.03068880707710394,0.0038648954923193152,0.03455370256942326,5.946622894934841,32.51458905277126,75.61532337853781,19.66870048360289,0.0,25.615323378537713,1.1278849517913843,1610866364355.0,1.0,1.0,1.0,1.000468553618522,756.0,0.06419498982710345,1170.4
526362,long,close,1191.35,-18417.0,1188.9398362301863,276258.0,914.8499040694991,0.031337633281379056,0.0038647332857682467,0.0352023665671473,5.95048762822061,32.52972607039513,75.65052574510496,19.70003811688427,0.0,25.65052574510486,1.128037299137054,1610866365220.0,0.2193389645715707,1.0,0.2193389645715707,1.0004685502155637,865.0,0.06419645337774071,1171.5
526375,long,close,1191.45,-18417.0,1188.9398362301863,257841.0,898.6647178614726,0.03263512231936624,0.0038644089135087497,0.036499531232874985,5.954352037134118,32.54542086882527,75.68702527633783,19.732673239203635,0.0,25.687025276337735,1.1281940521505065,1610866368635.0,0.23176730564764736,1.0,0.23176730564764736,1.0004685659503285,3415.0,0.06419803889093108,1172.6
526394,long,close,1191.7,-19833.0,1188.9398362301863,238008.0,879.2105705387675,0.0386363814291566,0.004160652848871359,0.04279703427802796,5.95851268998299,32.56382359356482,75.72982231061586,19.771309620632792,0.0,25.729822310615763,1.1283760301880368,1610866376445.0,0.2457069683888933,1.0,0.2457069683888933,1.0004686752920884,7810.0,0.06420035617944009,1173.7
526397,long,close,1191.85,-19834.0,1188.9398362301863,218174.0,857.2700878440736,0.040732987047087554,0.004160338968829971,0.04489332601591753,5.962673028951819,32.583127723751666,75.77471563663178,19.812042607679878,0.0,25.77471563663168,1.1285694648195286,1610866378906.0,0.2622215569868529,1.0,0.2622215569868529,1.0004688152313133,2461.0,0.06420072206709941,1174.8
526429,long,close,1190.9,-18181.0,1188.9398362301863,199993.0,834.5933634959208,0.02516952100586378,0.0038166512721471155,0.028986172278010893,5.966489680223966,32.59559177783121,75.80370180890979,19.837212128685742,0.0,25.80370180890969,1.1286894453968235,1610866391077.0,0.28011916879197746,1.0,0.28011916879197746,1.0004687180601193,12171.0,0.06420462486879878,1174.8
526617,long,close,1189.75,-16666.0,1188.9398362301863,183327.0,811.2334187485619,0.009545278477993142,0.003501996217692793,0.013047274695685935,5.969991676441659,32.60120210595035,75.81674908360547,19.846757407163736,0.0,25.816749083605377,1.1287176165900554,1610866452665.0,0.29534501562316723,1.0,0.29534501562316723,1.0004683843787296,61588.0,0.06422755382878263,1175.9
526647,long,close,1191.15,-18332.0,1188.9398362301863,164995.0,781.9817954922593,0.028609348649623965,0.003847542291063258,0.032456890940687225,5.9738392187327225,32.61515856905485,75.84920597454617,19.87536675581336,0.0,25.849205974546063,1.1288553616950723,1610866458690.0,0.31823395348469463,1.0,0.31823395348469463,1.000468339110629,6025.0,0.0642312127053758,1177.0
526650,long,close,1191.3,-18332.0,1188.9398362301863,146663.0,748.2487575900853,0.030547168992641007,0.003847057835977504,0.034394226828618514,5.9776862765687,32.629948086591156,75.88360020137479,19.905913924806,0.0,25.88360020137468,1.1290035804123615,1610866460076.0,0.3436721679531166,1.0,0.3436721679531166,1.0004683224059265,1386.0,0.0642315785930351,1177.0
526658,long,close,1191.45,-18332.0,1188.9398362301863,128331.0,708.9222845360405,0.03248450140406265,0.0038465735028746484,0.0363310749069373,5.9815328500715745,32.64557044880114,75.91993127628172,19.938398426210064,0.0,25.919931276281616,1.1291602085369135,1610866461288.0,0.37169472030390016,1.0,0.37169472030390016,1.0004683341226053,1212.0,0.06423255429345995,1178.1
526669,long,close,1191.7,-18333.0,1188.9398362301863,109998.0,662.4813558822528,0.035714253050003926,0.0038459763363262564,0.039560229386330185,5.985378826407901,32.66258134743725,75.95949150566804,19.974112679260067,0.0,25.959491505667945,1.1293304112072022,1610866463223.0,0.40471720166593295,1.0,0.40471720166593295,1.0004683931850884,1935.0,0.06423389588154411,1179.2
526748,long,close,1189.75,-15714.0,1188.9398362301863,94284.0,615.5312826722343,0.00900003036140551,0.003301954192057155,0.012301984553462667,5.9886807805999585,32.66787120079525,75.9717934902215,19.983112709621473,0.0,25.97179349022141,1.129364519014733,1610866504487.0,0.4423792299295039,1.0,0.4423792299295039,1.0004680503601087,41264.0,0.06424353092323945,1180.3
526769,long,close,1189.75,-15714.0,1188.9398362301863,78570.0,559.9719614984941,0.00900003036140551,0.003301954192057155,0.012301984553462667,5.991982734792016,32.67316105415323,75.98409547477496,19.99211273998288,0.0,25.984095474774872,1.129413819989458,1610866512868.0,0.48252939666058486,1.0,0.48252939666058486,1.0004677082720246,8381.0,0.06424609213685467,1180.3
526771,long,close,1189.75,-15714.0,1188.9398362301863,62856.0,493.1963445338086,0.00900003036140551,0.003301954192057155,0.012301984553462667,5.995284688984073,32.67845090751122,75.99639745932842,20.001112770344285,0.0,25.996397459328335,1.1294656899418365,1610866515678.0,1.0,1.0,1.0,1.0004673669183783,2810.0,0.06424633606196088,1181.4
526772,long,close,1189.8,-62856.0,1188.9398362301863,0.0,0.0,0.03822029572167176,0.013207261724659608,0.051427557446331366,6.008491950708732,32.700564757213144,76.04782501677475,20.039333066065957,0.0,26.047825016774667,1.1296877265274257,1610866516045.0,1.0,1.0,1.0,1.000467600275872,367.0,0.06424645802451398,
527155,long,entry,1182.0,41458.0,1182.0,41458.0,376.3044817769522,0.0,0.008768612521150592,0.008768612521150592,6.0172605632298835,32.70433526059724,76.0565936292959,20.039333066065957,0.0,26.05659362929582,1.1296397376497054,1610866701309.0,1.0,1.0,1.0,1.0004672078946621,185264.0,0.06429316968235341,1174.8
527175,long,close,1182.85,-41458.0,1182.0,0.0,0.0,0.02520461814423438,0.008762311366614534,0.03396692951084891,6.026022874596498,32.7189410402869,76.09056055880674,20.06453768421019,0.0,26.09056055880667,1.1297811389657588,1610866712499.0,0.6815701444662982,1.0,0.6815701444662982,1.000467184972097,11190.0,0.06429560893341552,
527275,long,entry,1181.75,41473.0,1181.75,41473.0,376.22786932765223,0.0,0.00877364078696848,0.00877364078696848,6.034796515383466,32.7227137058253,76.09933419959371,20.06453768421019,0.0,26.09933419959364,1.1297978352663773,1610866758124.0,1.0,1.0,1.0,1.000466793925927,45625.0,0.06430780518872607,1174.8
527575,long,reentry,1174.8,76849.0,1177.2360419026047,118322.0,680.0880092979305,0.0,0.01635363466121893,0.01635363466121893,6.051150150044685,32.72974576872962,76.11568783425493,20.06453768421019,0.0,26.115687834254857,1.1298184647876082,1610866865743.0,0.6797379277908898,1.0,0.6797379277908898,1.000466514317623,107619.0,0.06434439395465774,1167.1
528143,long,reentry,1167.1,219250.0,1170.6527731861645,337572.0,945.4555630725363,0.0,0.04696469882615029,0.04696469882615029,6.098114848870836,32.74994058922486,76.16265253308107,20.06453768421019,0.0,26.16265253308101,1.1299752819052469,1610866964017.0,0.4172588926798933,1.0,0.4172588926798933,1.000466681159874,98274.0,0.06441366868482169,1150.6
528334,long,close,1171.45,-17766.0,1170.6527731861645,319806.0,934.3527705596716,0.010328082540191581,0.0037914550343591275,0.014119537574550709,6.101906303905195,32.75601199038192,76.17677207065563,20.07486576675038,0.0,26.17677207065556,1.130024664553591,1610866988656.0,0.18824112383228622,1.0,0.18824112383228622,1.0004663696050156,24639.0,0.06443696353246485,1151.7
528346,long,close,1172.2,-17767.0,1170.6527731861645,302039.0,922.2204238716278,0.020032643862285582,0.0037892424500938406,0.02382188631237942,6.105695546355289,32.766255401496245,76.200593956968,20.094898410612668,0.0,26.20059395696794,1.1301261583595508,1610866991007.0,0.20270264479932457,1.0,0.20270264479932457,1.0004661996239463,2351.0,0.06443842708310211,1152.8
528357,long,close,1173.05,-18877.0,1170.6527731861645,283162.0,908.0375193861157,0.03295319137267152,0.004023059545628916,0.03697625091830044,6.109718605900918,32.78215518939111,76.23757020788631,20.12785160198534,0.0,26.23757020788624,1.1302848738195967,1610866992021.0,0.2134245179993793,1.0,0.2134245179993793,1.0004662206726196,1014.0,0.06443976867118627,1152.8
528359,long,close,1173.15,-18877.0,1170.6527731861645,264285.0,892.3493529837903,0.034324903275032494,0.004022716617653326,0.03834761989268582,6.113741322518571,32.79864466594497,76.275917827779,20.162176505260373,0.0,26.275917827778926,1.1304497694126898,1610866992315.0,1.0,1.0,1.0,1.0004662612689257,294.0,0.06444001259629248,1153.9
528381,long,close,1172.35,-17619.0,1170.6527731861645,246666.0,876.1626912557668,0.021788922487772824,0.003757197082782446,0.02554611957055527,6.117498519601353,32.809629497360305,76.30146394734955,20.183965427748145,0.0,26.301463947349482,1.1305584571741163,1610866994931.0,0.23860976707867726,1.0,0.23860976707867726,1.000466116447927,2616.0,0.06444269577246081,1155.0
528382,long,close,1172.45,-17619.0,1170.6527731861645,229047.0,858.1963932603677,0.023070750141928328,0.003756876625868907,0.026827626767797236,6.121255396227222,32.82116537687046,76.32829157411734,20.207036177890075,0.0,26.32829157411728,1.130673817395204,1610866994998.0,1.0,1.0,1.0,1.0004659903217428,67.0,0.06444281773501391,1156.1
528387,long,close,1173.55,-19087.0,1170.6527731861645,209960.0,836.3182621892266,0.040252278921020714,0.004066081547441524,0.044318360468462235,6.125321477774664,32.840222271871895,76.3726099345858,20.247288456811095,0.0,26.372609934585743,1.1308641057477802,1610866995579.0,1.0,1.0,1.0,1.000466116428831,581.0,0.06444342754777944,1156.1
528389,long,close,1173.7,-19087.0,1170.6527731861645,190873.0,811.4861367417855,0.04233087560540955,0.0040655618982704264,0.04639643750367998,6.129387039672935,32.860172739998475,76.41900637208948,20.289619332416503,0.0,26.419006372089424,1.1310634059571352,1610866995815.0,0.2872388782637519,1.0,0.2872388782637519,1.0004662717855353,236.0,0.06444367147288566,1157.2
528409,long,close,1173.9,-19087.0,1170.6527731861645,171786.0,783.0584366487066,0.0451015115357417,0.0040648692392878435,0.04916638077502954,6.133451908912223,32.88131428373174,76.46817275286452,20.334720843952244,0.0,26.468172752864454,1.1312719252863401,1610867001579.0,0.3083138964014785,1.0,0.3083138964014785,1.0004664661779792,5764.0,0.06444611072394776,1158.3
528415,long,close,1174.45,-21473.0,1170.6527731861645,150313.0,745.7060792082553,0.05930572679014899,0.0045708629571288685,0.06387658974727786,6.138022771869352,32.90878121732307,76.53204934261178,20.394026570742394,0.0,26.53204934261173,1.131545269021141,1610867003546.0,1.0,1.0,1.0,1.0004668705656428,1967.0,0.0644468424992664,1159.4
528420,long,close,1174.8,-21473.0,1170.6527731861645,128840.0,701.0940297417507,0.06475278853681195,0.004569501191692203,0.06932228972850416,6.1425922730610445,32.938589801906325,76.60137163234029,20.458779359279205,0.0,26.601371632340236,1.131842570859411,1610867003891.0,1.0,1.0,1.0,1.0004673512091578,345.0,0.06444745231203192,1160.5
528439,long,close,1175.3,-21473.0,1170.6527731861645,107367.0,646.8817052691271,0.07252867757227917,0.004567557219433336,0.0770962347917125,6.1471598302804775,32.97174118286676,76.678467867132,20.531308036851485,0.0,26.67846786713195,1.1321717548081685,1610867006885.0,0.40327344476827764,1.0,0.40327344476827764,1.0004679408852948,2994.0,0.06444976960054093,1161.6
528463,long,close,1176.8,-26841.0,1170.6527731861645,80526.0,560.1284981375003,0.11976975788324395,0.005702115907545887,0.12547187379078983,6.152861946188024,33.0256940885968,76.80393974092279,20.65107779473473,0.0,26.80393974092274,1.1327091678741101,1610867007128.0,1.0,1.0,1.0,1.000469217077549,243.0,0.06445269670181546,1162.7
528501,long,close,1178.15,-26842.0,1170.6527731861645,53684.0,441.56773034002015,0.14591059751638344,0.005695794253702839,0.15160639177008628,6.158557740441727,33.09088483705793,76.95554613269286,20.796988392251112,0.0,26.955546132692827,1.133354231571516,1610867014669.0,0.5235787206451473,1.0,0.5235787206451473,1.0004708585557403,7541.0,0.06445733127883348,1163.8
528513,long,close,1175.9,-53684.0,1170.6527731861645,0.0,0.0,0.20463325680107114,0.011413385491963602,0.21604664229303475,6.1699711259336905,33.18378489324393,77.1715927749859,21.001621649052183,0.0,27.17159277498586,1.1342756806953544,1610867017439.0,0.6247087112527451,1.0,0.6247087112527451,1.0004734036391791,2770.0,0.06445879482947074,
528519,long,entry,1177.25,41902.0,1177.25,41902.0,374.79494831077676,0.0,0.008898279889573157,0.008898279889573157,6.178869405823264,33.18761115359646,77.18049105487547,21.001621649052183,0.0,27.180491054875436,1.1343124926328272,1610867019843.0,1.0,1.0,1.0,1.000473013483896,2404.0,0.06445952660478937,1170.4
528701,long,close,1178.1,-41902.0,1177.25,0.0,0.0,0.025680461441767666,0.008891859774212715,0.03457232121598038,6.1877612655974765,33.20247725171932,77.21506337609145,21.02730211049395,0.0,27.215063376091415,1.1344290926826786,1610867084074.0,0.6806042453357393,1.0,0.6806042453357393,1.0004729862014095,64231.0,0.06448172378945458,
528726,long,entry,1176.75,41907.0,1176.75,41907.0,374.63085325040106,0.0,0.008903123008285533,0.008903123008285533,6.196664388605762,33.206305594612886,77.22396649909973,21.02730211049395,0.0,27.2239664990997,1.134460692129821,1610867097309.0,1.0,1.0,1.0,1.000472597345805,13235.0,0.06448477285328222,1170.4
528817,long,close,1177.6,-41907.0,1176.75,0.0,0.0,0.025705348359515212,0.008896696671195652,0.03460204503071086,6.205561085276957,33.22118447397609,77.25856854413044,21.053007458853465,0.0,27.25856854413041,1.134594503039649,1610867125763.0,0.6809615897377892,1.0,0.6809615897377892,1.000472570718519,28454.0,0.06449587144561482,
529015,long,entry,1176.2,41911.0,1176.2,41911.0,374.4556705330015,0.0,0.008908136371365415,0.008908136371365415,6.214469221648323,33.225014972615774,77.2674766805018,21.053007458853465,0.0,27.267476680501773,1.134599177412284,1610867194935.0,1.0,1.0,1.0,1.000472183157171,69172.0,0.06452002003112972,1169.3
529019,long,close,1177.0,-41911.0,1176.2,0.0,0.0,0.02421923227558572,0.008902081563296516,0.03312131383888224,6.22337130321162,33.23925713756649,77.30059799434068,21.07722669112905,0.0,27.300597994340656,1.1347393579127791,1610867196813.0,0.6816123879491527,1.0,0.6816123879491527,1.0004721359998483,1878.0,0.06452050788134214,
529042,long,entry,1176.1,41931.0,1176.1,41931.0,374.4285474128538,0.0,0.008913145140719328,0.008913145140719328,6.232284448352339,33.243089789977,77.3095111394814,21.07722669112905,0.0,27.309511139481376,1.1347740241781628,1610867203648.0,1.0,1.0,1.0,1.0004717497502982,6835.0,0.06452331302006357,1169.3
529215,long,close,1176.9,-41931.0,1176.1,0.0,0.0,0.024234909040964148,0.008907086413459088,0.033141995454423236,6.2411915347657985,33.25734084802241,77.34265313493583,21.101461600170012,0.0,27.342653134935798,1.1348937548001992,1610867247991.0,0.6807260307713888,1.0,0.6807260307713888,1.000471703200749,44343.0,0.06454441254175083,
529323,long,entry,1175.5,41932.0,1175.5,41932.0,374.23500946007283,0.0,0.008917907273500638,0.008917907273500638,6.2501094420392995,33.261175548150014,77.35157104220933,21.101461600170012,0.0,27.351571042209297,1.1349196584511618,1610867272986.0,1.0,1.0,1.0,1.0004713182517675,24995.0,0.06455758449748623,1169.3
529329,long,close,1176.3,-41932.0,1175.5,0.0,0.0,0.024260225516620864,0.008911842217121484,0.033172067733742344,6.259021284256421,33.275439537275524,77.38474310994307,21.125721825686632,0.0,27.384743109943038,1.135060290952103,1610867274059.0,0.6815156721330387,1.0,0.6815156721330387,1.000471272436086,1073.0,0.06455831627280487,
529383,long,entry,1175.35,41950.0,1175.35,41950.0,374.1905418124007,0.0,0.008922874037520739,0.008922874037520739,6.2679441582939415,33.27927637311166,77.3936659839806,21.125721825686632,0.0,27.393665983980558,1.1350926495158298,1610867285660.0,1.0,1.0,1.0,1.0004708887826697,11601.0,0.06456490225067256,1168.2
529390,long,close,1176.15,-41950.0,1175.35,0.0,0.0,0.02427683281900596,0.008916804829315988,0.03319363764832195,6.276860963123258,33.29354963730044,77.42685962162892,21.149998658505638,0.0,27.42685962162888,1.1352324127381381,1610867288593.0,0.6819189545967353,1.0,0.6819189545967353,1.0004708435768601,2933.0,0.0645657559885443,
529562,long,entry,1175.05,41962.0,1175.05,41962.0,374.0943070316371,0.0,0.008927705204033872,0.008927705204033872,6.285788668327291,33.297388550538166,77.43578732683295,21.149998658505638,0.0,27.435787326832912,1.1352421631342369,1610867346957.0,1.0,1.0,1.0,1.000470461209459,58364.0,0.06458673354767845,1168.2
529627,long,close,1175.85,-41962.0,1175.05,0.0,0.0,0.024296174386960943,0.008921631160437132,0.033217805547398074,6.294710299487728,33.31167220692355,77.46900513238035,21.1742948328926,0.0,27.46900513238031,1.1353762126307538,1610867361729.0,0.6810790221384169,1.0,0.6810790221384169,1.0004704166446923,14772.0,0.06459466111363031,
538861,long,entry,1182.95,42267.0,1182.95,42267.0,376.6087106909628,0.0,0.008932541527537089,0.008932541527537089,6.303642841015265,33.31551319978039,77.47793767390789,21.1742948328926,0.0,27.477937673907846,1.1328006135527584,1610872868530.0,1.0,1.0,1.0,1.0004700355557439,5506801.0,0.06572086332900691,1175.9
538893,long,close,1183.8,-42267.0,1182.95,0.0,0.0,0.02565521303735559,0.00892612772427775,0.03458134076163334,6.312568968739543,33.33038317630789,77.51251901466952,21.199950045929956,0.0,27.51251901466948,1.1329401451124426,1610872877965.0,0.681407063115673,1.0,0.681407063115673,1.0004700101560373,9435.0,0.0657247661307063,
538901,long,entry,1182.85,42287.0,1182.85,42287.0,376.57585403647994,0.0,0.008937523777317496,0.008937523777317496,6.321506492516861,33.33422631153214,77.52145653844684,21.199950045929956,0.0,27.521456538446795,1.1329755330020734,1610872881830.0,1.0,1.0,1.0,1.0004696303180067,3865.0,0.06572574183113114,1175.9
538917,long,close,1183.7,-42287.0,1182.85,0.0,0.0,0.025671691174184545,0.008931105854523952,0.0346027970287085,6.330437598371385,33.34910551425449,77.55605933547555,21.22562173710414,0.0,27.556059335475503,1.133110992559705,1610872900032.0,0.6815426181509683,1.0,0.6815426181509683,1.0004696054340876,18202.0,0.06572769323198083,
539699,long,entry,1181.85,42275.0,1181.85,42275.0,376.2575935844013,0.0,0.00894254770063883,0.00894254770063883,6.339380146072024,33.352950809765765,77.5650018831762,21.22562173710414,0.0,27.56500188317614,1.1328863127414137,1610873462255.0,1.0,1.0,1.0,1.000469226840274,562223.0,0.06582306794850937,1174.8
539947,long,close,1182.7,-42275.0,1181.85,0.0,0.0,0.02570783984288245,0.00893612074067811,0.03464396058356056,6.348316266812702,33.36784771281669,77.59964584375975,21.251329576947025,0.0,27.599645843759703,1.13299838179866,1610873530358.0,0.6807859560665128,1.0,0.6807859560665128,1.0004692027390312,68103.0,0.06585331466167954,
540050,long,entry,1181.0,42268.0,1181.0,42268.0,375.98491838024506,0.0,0.008947502116850128,0.008947502116850128,6.357263768929553,33.371695138726935,77.6085933458766,21.251329576947025,0.0,27.608593345876553,1.1329989606238888,1610873608891.0,1.0,1.0,1.0,1.000468825380938,78533.0,0.0658658768046494,1174.8
540428,long,close,1181.85,-42268.0,1181.0,0.0,0.0,0.025740582305102663,0.008941066971273852,0.034681649276376514,6.3662048359008265,33.38660824791578,77.64327499515298,21.277070159252126,0.0,27.64327499515293,1.1330651690473927,1610873775591.0,0.68008090331398,1.0,0.68008090331398,1.0004688020085863,166700.0,0.0659119786497233,
540521,long,entry,1179.75,42247.0,1179.75,42247.0,375.5869552429424,0.0,0.00895253231616868,0.00895253231616868,6.375157368216995,33.390457836811734,77.65222752746915,21.277070159252126,0.0,27.652227527469098,1.1330921611045455,1610873797286.0,1.0,1.0,1.0,1.0004684258798366,21695.0,0.06592332116716212,1172.6
540562,long,close,1180.6,-42247.0,1179.75,0.0,0.0,0.02578232244195555,0.008946086735558191,0.03472840917751374,6.3841034549525535,33.40539105275807,77.68695593664667,21.30285248169408,0.0,27.686955936646612,1.1332212795812562,1610873828846.0,0.6812467493482625,1.0,0.6812467493482625,1.0004684033548,31560.0,0.06592832163183944,
540586,long,entry,1179.6,42266.0,1179.6,42266.0,375.5429211613397,0.0,0.008957697524584607,0.008957697524584607,6.393061152477138,33.40924286269364,77.69591363417125,21.30285248169408,0.0,27.6959136341712,1.1332537088242247,1610873838839.0,1.0,1.0,1.0,1.0004680284497323,9993.0,0.06593124873311398,1172.6
540595,long,close,1180.45,-42266.0,1179.6,0.0,0.0,0.0258004757368695,0.008951247405650387,0.03475172314251988,6.402012399882788,33.42418610364492,77.73066535731377,21.32865295743095,0.0,27.73066535731372,1.1333957557668237,1610873842662.0,0.6818511342245513,1.0,0.6818511342245513,1.0004680064454718,3823.0,0.06593234639609193,
540662,long,entry,1179.45,42284.0,1179.45,42284.0,375.49269987391966,0.0,0.008962652083598288,0.008962652083598288,6.410975051966386,33.42804004404086,77.73962800939736,21.32865295743095,0.0,27.739628009397318,1.1334128536868822,1610873885534.0,1.0,1.0,1.0,1.0004676327541338,42872.0,0.06594051788715,1172.6
540673,long,close,1180.3,-42284.0,1179.45,0.0,0.0,0.025818026844218835,0.008956197576887233,0.034774224421106066,6.419931249543273,33.44299296054194,77.77440223381848,21.35447098427517,0.0,27.774402233818424,1.13355313281384,1610873893163.0,0.6813808231871704,1.0,0.6813808231871704,1.000467611255317,7629.0,0.06594185947523416,
540842,long,entry,1179.1,42295.0,1179.1,42295.0,375.37982058079746,0.0,0.008967644813841066,0.008967644813841066,6.428898894357114,33.446849047811895,77.78336987863231,21.35447098427517,0.0,27.783369878632264,1.133538266040765,1610874004498.0,1.0,1.0,1.0,1.0004672387712357,111335.0,0.065962471146709,1172.6
541058,long,reentry,1172.6,78372.0,1174.878315529515,120667.0,678.6493047981246,0.0,0.01670902268463244,0.01670902268463244,6.445607917041746,33.454033927566286,77.80007890131695,21.35447098427517,0.0,27.800078901316898,1.1335815949006487,1610874059648.0,0.6798602869124578,1.0,0.6798602869124578,1.0004669721865047,55150.0,0.0659888150581798,1164.9
541595,long,close,1175.7,-17238.0,1174.878315529515,103429.0,632.5005120731902,0.010254218069167464,0.003665475886705792,0.013919693955873256,6.449273392928452,33.460019395967315,77.81399859527282,21.36472520234434,0.0,27.81399859527277,1.133575361683167,1610874196294.0,0.41784318696279255,1.0,0.41784318696279255,1.0004666682862662,136646.0,0.06605430894919748,1166.0
541658,long,close,1178.4,-20685.0,1174.878315529515,82744.0,565.0833956098506,0.05261630489285326,0.0043883655804480655,0.05700467047330132,6.4536617585089004,33.48453140427083,77.87100326574613,21.417341507237193,0.0,27.871003265746072,1.1338057219752844,1610874206948.0,0.46211368987737894,1.0,0.46211368987737894,1.0004669484469133,10654.0,0.06606199259004313,1166.0
541670,long,close,1179.05,-20686.0,1174.878315529515,62058.0,479.8023758920925,0.06229638737166424,0.0043861583478224,0.06668254571948665,6.458047916856723,33.51320489893021,77.93768581146561,21.479637894608857,0.0,27.93768581146556,1.1340800480373696,1610874208652.0,1.0,1.0,1.0,1.0004673582327044,1704.0,0.06606345614068039,1167.1
541676,long,close,1179.05,-62058.0,1174.878315529515,0.0,0.0,0.18688916211499274,0.0131584750434672,0.20004763715845994,6.47120639190019,33.59922538290835,78.13773344862408,21.66652705672385,0.0,28.13773344862402,1.1349038323637481,1610874209864.0,1.0,1.0,1.0,1.0004695634990732,1212.0,0.06606418791599902,
559865,long,entry,1201.45,43298.0,1201.45,43298.0,382.4949630910959,0.0,0.00900953015106746,0.00900953015106746,6.480215922051258,33.60309948087331,78.14674297877514,21.66652705672385,0.0,28.146742978775087,1.1286285916872685,1610888259389.0,1.0,1.0,1.0,1.0004691913110735,14049525.0,0.06828256479443577,1194.6
559941,long,close,1202.3,-43298.0,1201.45,0.0,0.0,0.025478168937556285,0.00900316060883307,0.034481329546389355,6.489219082660091,33.61792645257825,78.18122430832152,21.692005225661408,0.0,28.181224308321475,1.1287595575684095,1610888268604.0,0.6811213313121335,1.0,0.6811213313121335,1.0004691619789812,9215.0,0.0682918339484718,
559955,long,entry,1201.25,43315.0,1201.25,43315.0,382.43197478014963,0.0,0.009014568158168574,0.009014568158168574,6.498233650818259,33.621802716886265,78.19023887647968,21.692005225661408,0.0,28.190238876479643,1.1287935524584594,1610888271562.0,1.0,1.0,1.0,1.0004687909925924,2958.0,0.06829354142421527,1194.6
560038,long,close,1202.1,-43315.0,1201.25,0.0,0.0,0.025496657297870314,0.009008193993844105,0.03450485129171442,6.5072418448121025,33.6366398029417,78.2247437277714,21.71750188295928,0.0,28.224743727771358,1.128911226670526,1610888311802.0,0.681399612796143,1.0,0.681399612796143,1.0004687621991064,40240.0,0.06830366431612303,
560069,long,entry,1201.0,43330.0,1201.0,43330.0,382.3518267109447,0.0,0.009019567027477101,0.009019567027477101,6.516261411839579,33.64051821676352,78.23376329479888,21.71750188295928,0.0,28.233763294798834,1.128937884375619,1610888331847.0,1.0,1.0,1.0,1.000468392406912,20045.0,0.0683074451552693,1194.6
560345,long,close,1201.85,-43330.0,1201.0,0.0,0.0,0.02551610258636173,0.009013188001830512,0.03452929058819224,6.52527459984141,33.65536581171644,78.26829258538707,21.74301798554564,0.0,28.268292585387027,1.1290320368357212,1610888426832.0,0.6804948385468834,1.0,0.6804948385468834,1.0004683641599934,94985.0,0.06834110681992643,
560416,long,entry,1200.1,43322.0,1200.1,43322.0,382.0675284754424,0.0,0.009024664611282393,0.009024664611282393,6.5342992644526925,33.6592464174993,78.27731724999836,21.74301798554564,0.0,28.27731724999831,1.1290432203956589,1610888482872.0,1.0,1.0,1.0,1.0004679955564615,56040.0,0.06834976616119694,1193.5
560538,long,reentry,1193.5,80275.0,1195.813366829292,123597.0,690.7419015923024,0.0,0.016815039798910768,0.016815039798910768,6.551114304251604,33.66647688461283,78.29413228979728,21.74301798554564,0.0,28.29413228979722,1.1290956551413427,1610888513670.0,0.679822736549533,1.0,0.679822736549533,1.000467731516974,30798.0,0.06836464559267581,1185.8
560709,long,close,1196.65,-17656.0,1195.813366829292,105941.0,643.7724131342526,0.010322784255956468,0.003688630760874107,0.014011415016830574,6.554802935012478,33.67250179307007,78.30814370481411,21.753340769801596,0.0,28.30814370481405,1.1291285602257681,1610888564399.0,0.4203726595684297,1.0,0.4203726595684297,1.0004674306685666,50729.0,0.06838550118925686,1186.9
560825,long,close,1196.65,-17656.0,1195.813366829292,88285.0,587.8145209709514,0.010322784255956468,0.003688630760874107,0.014011415016830574,6.558491565773352,33.67852670152731,78.32215511983095,21.76366355405755,0.0,28.32215511983088,1.1291619174005287,1610888614031.0,0.46069162006010506,1.0,0.46069162006010506,1.000467130413035,49632.0,0.0683996488454171,1186.9
560876,long,close,1200.05,-22071.0,1195.813366829292,66214.0,500.560462269887,0.06515985782350167,0.004597933419440856,0.06975779124294253,6.563089499192793,33.708522551761774,78.3919129110739,21.828823411881054,0.0,28.391912911073824,1.129425745522142,1610888633275.0,0.5085162868135857,1.0,0.5085162868135857,1.0004675705711983,19244.0,0.06840586893562547,1188.0
560883,long,close,1199.8,-66214.0,1195.813366829292,0.0,0.0,0.1839856024480338,0.0137968828138023,0.19778248526183612,6.576886382006595,33.79356902042437,78.58969539633574,22.012809014329086,0.0,28.58969539633566,1.1301941160964115,1610888638212.0,0.5827793604751932,1.0,0.5827793604751932,1.0004697027821403,4937.0,0.06840672267349722,
561266,long,entry,1197.95,43422.0,1197.95,43422.0,381.3832436288515,0.0,0.009061730456196002,0.009061730456196002,6.585948112462791,33.797465564520536,78.59875712679194,22.012809014329086,0.0,28.598757126791856,1.1300970557973136,1610888943837.0,1.0,1.0,1.0,1.000469335083807,305625.0,0.06845343433133665,1191.3
561309,long,close,1198.8,-43422.0,1197.95,0.0,0.0,0.025700603562782778,0.009055305305305305,0.03475590886808808,6.595003417768097,33.81241060533381,78.63351303566003,22.03850961789187,0.0,28.633513035659945,1.1302176730420597,1610888977276.0,0.6814107061825649,1.0,0.6814107061825649,1.000469306958083,33439.0,0.06845867872112019,
581062,long,entry,1228.05,44538.0,1228.05,44538.0,390.9668819768689,0.0,0.009066813240503237,0.009066813240503237,6.6040702310086,33.81630933502723,78.64257984890054,22.03850961789187,0.0,28.64257984890045,1.1252011209961963,1610901113357.0,1.0,1.0,1.0,1.0004689404313312,12136081.0,0.070867805032614,1221.3
581111,long,close,1228.9,-44538.0,1228.05,0.0,0.0,0.025085169678340787,0.009060541948083652,0.034145711626424435,6.6131307729566835,33.83099199102659,78.67672556052696,22.06359478757021,0.0,28.676725560526876,1.1253194808734566,1610901135501.0,0.681584165837139,1.0,0.681584165837139,1.0004689044929294,22144.0,0.07087378119771617,
581465,long,entry,1227.2,44531.0,1227.2,44531.0,390.692451331321,0.0,0.009071667209908735,0.009071667209908735,6.622202440166593,33.834892807926856,78.68579722773687,22.06359478757021,0.0,28.685797227736785,1.1252549849923075,1610901381033.0,1.0,1.0,1.0,1.0004685391376908,245532.0,0.07091695594151554,1220.15
581519,long,close,1228.05,-44531.0,1227.2,0.0,0.0,0.025115971266385945,0.009065388217092138,0.034181359483478085,6.631267828383685,33.84959079250475,78.71997858722035,22.088710758836594,0.0,28.719978587220265,1.1253667082391388,1610901419678.0,0.6813795047045171,1.0,0.6813795047045171,1.0004685039090502,38645.0,0.07092354191938324,
581987,long,entry,1226.05,44514.0,1226.05,44514.0,390.327977892512,0.0,0.009076709758982098,0.009076709758982098,6.640344538142666,33.85349377770112,78.72905529697934,22.088710758836594,0.0,28.729055296979247,1.1251888357760886,1610901949087.0,1.0,1.0,1.0,1.0004681397209654,529409.0,0.07098062039423664,1219.0
582018,long,close,1226.9,-44514.0,1226.05,0.0,0.0,0.0251534869838942,0.009070421387236124,0.034223908371130325,6.649414959529902,33.868210058300704,78.76327920535047,22.113864245820487,0.0,28.76327920535038,1.125309136623861,1610901966004.0,0.6815338980194084,1.0,0.6815338980194084,1.000468105287031,16917.0,0.07098440123338291,
589426,long,entry,1222.6,44413.0,1222.6,44413.0,389.2286742703854,0.0,0.009081670211025683,0.009081670211025683,6.658496629740927,33.87211517649145,78.7723608755615,22.113864245820487,0.0,28.772360875561404,1.1223521066838669,1610909633360.0,1.0,1.0,1.0,1.0004677422581318,7667356.0,0.07188789982678878,1215.55
589491,long,close,1223.45,-44413.0,1222.6,0.0,0.0,0.025238202392818973,0.00907536066042748,0.034313563053246454,6.667571990401355,33.88687000860434,78.80667443861475,22.139102448213308,0.0,28.80667443861465,1.1224708643924424,1610909647461.0,0.6812213969939513,1.0,0.6812213969939513,1.0004677092276306,14101.0,0.07189582739274064,
589544,long,entry,1222.3,44427.0,1222.3,44427.0,389.1357898343153,0.0,0.009086762660557964,0.009086762660557964,6.676658753061913,33.89077731654838,78.81576120127531,22.139102448213308,0.0,28.81576120127521,1.1224925599689863,1610909676758.0,1.0,1.0,1.0,1.0004673473521035,29297.0,0.07190229140805524,1215.55
589810,long,reentry,1215.55,82323.0,1217.9159349112424,126750.0,703.5154500347833,0.0,0.016931224548558266,0.016931224548558266,6.693589977610471,33.89805774310426,78.83269242582386,22.139102448213308,0.0,28.832692425823765,1.1225130730063042,1610909783534.0,0.6798553765246275,1.0,0.6798553765246275,1.0004670883173277,106776.0,0.0719347334471813,1207.8
590523,long,close,1218.75,-18107.0,1217.9159349112424,108643.0,655.6770710397524,0.010174533442539893,0.0037142564102564104,0.013888789852796304,6.697304234020727,33.90402992274097,78.84658121567666,22.14927698165585,0.0,28.84658121567656,1.1224844252850172,1610909990448.0,0.4193979945244011,1.0,0.4193979945244011,1.0004667902128284,206914.0,0.07202169274754557,1207.8
590585,long,close,1221.55,-21728.0,1217.9159349112424,86915.0,585.7904361268527,0.05307425337507031,0.004446809381523475,0.057521062756593785,6.7017510434022505,33.9287639797263,78.90410227843326,22.202351235030918,0.0,28.904102278433154,1.1226857524702738,1610910007090.0,0.4624716584360121,1.0,0.4624716584360121,1.0004670591041323,16642.0,0.0720292544258381,1208.9
590608,long,close,1222.25,-21728.0,1217.9159349112424,65187.0,497.3880898500432,0.06326125788991302,0.004444262630394764,0.06770552052030779,6.706195306032646,33.95787735355004,78.97180779895358,22.26561249292083,0.0,28.97180779895346,1.1229264960408494,1610910016362.0,0.5202371530492607,1.0,0.5202371530492607,1.000467458836341,9272.0,0.07203205956455953,1210.0
590616,long,close,1222.3,-65187.0,1217.9159349112424,0.0,0.0,0.19197419869914184,0.01333285609097603,0.20530705479011788,6.719528162123622,34.04615938710979,79.1771148537437,22.457586691619973,0.0,29.17711485374358,1.1236645438210957,1610910020890.0,0.5930553570463954,1.0,0.5930553570463954,1.0004696345520347,4528.0,0.07203303526498438,
607664,long,entry,1246.95,45536.0,1246.95,45536.0,396.98344643164467,0.0,0.009129475921247843,0.009129475921247843,6.7286576380448695,34.05008506175592,79.18624432966494,22.457586691619973,0.0,29.186244329664827,1.1198888599413483,1610920234074.0,1.0,1.0,1.0,1.0004692729267592,10213184.0,0.0741122528703277,1239.7
607741,long,close,1247.8,-45536.0,1246.95,0.0,0.0,0.02487595618868265,0.009123256932200674,0.033999213120883325,6.73778089497707,34.0647047233979,79.22024354278582,22.482462647808656,0.0,29.22024354278571,1.119995808010663,1610920265715.0,0.6815981340779237,1.0,0.6815981340779237,1.000469232237507,31641.0,0.07412164398691683,
607887,long,entry,1246.45,45542.0,1246.45,45542.0,396.8210487757894,0.0,0.009134341529945043,0.009134341529945043,6.746915236507015,34.06863249025578,79.22937788431577,22.482462647808656,0.0,29.229377884315653,1.1200069124940943,1610920322916.0,1.0,1.0,1.0,1.000468871757193,57201.0,0.07413945051967025,1239.7
608460,long,close,1247.3,-45542.0,1246.45,0.0,0.0,0.024899191214468788,0.009128116732141426,0.034027307946610214,6.756043353239157,34.083264232672825,79.26340519226238,22.507361839023126,0.0,29.263405192262262,1.1200637102792355,1610920493161.0,0.6803052980658293,1.0,0.6803052980658293,1.0004688316817982,170245.0,0.07420933506259972,
612843,long,entry,1241.5,45386.0,1241.5,45386.0,395.2460377115227,0.0,0.009139347563431334,0.009139347563431334,6.765182700802589,34.0871941521251,79.27254453982582,22.507361839023126,0.0,29.27254453982569,1.1189192934013301,1610923776028.0,1.0,1.0,1.0,1.0004684723417567,3282867.0,0.07474389693286132,1233.95
613326,long,reentry,1233.95,84100.0,1236.5963424617332,129486.0,714.417027266805,0.0,0.017038777908343124,0.017038777908343124,6.782221478710932,34.09452082662569,79.28958331773416,22.507361839023126,0.0,29.289583317734035,1.1189581071895756,1610923831866.0,0.6796774149351466,1.0,0.6796774149351466,1.0004682149151258,55838.0,0.0748028048460113,1225.9
613659,long,close,1237.45,-18498.0,1236.5963424617332,110988.0,665.8456473312082,0.010319361752503284,0.003737120691745121,0.014056482444248406,6.785958599402677,34.100565114076716,79.3036398001784,22.51768120077563,0.0,29.303639800178285,1.1189743439319964,1610923922360.0,0.4203748105417184,1.0,0.4203748105417184,1.0004679198067432,90494.0,0.07484341837619544,1227.05
613713,long,close,1237.45,-18498.0,1236.5963424617332,92490.0,607.9769391572071,0.010319361752503284,0.003737120691745121,0.014056482444248406,6.7896957200944215,34.10660940152774,79.31769628262265,22.528000562528135,0.0,29.317696282622535,1.1190184195933182,1610923934354.0,0.46189942837303366,1.0,0.46189942837303366,1.000467625264592,11994.0,0.07485000435406315,1227.05
614413,long,reentry,1227.05,171383.0,1230.3960839657173,263873.0,915.4757659932318,0.0,0.03491768876573897,0.03491768876573897,6.82461340886016,34.12162400769701,79.3526139713884,22.528000562528135,0.0,29.352613971388273,1.1190457871322865,1610924195355.0,0.5045012720805159,1.0,0.5045012720805159,1.0004675975318649,261001.0,0.07493537814123703,1214.4
614607,long,close,1231.25,-17591.0,1230.3960839657173,246282.0,897.7899145837222,0.009915497592497076,0.0035717766497461926,0.01348727424224327,6.8281851855099065,34.127423535621176,79.36610124563065,22.537916060120633,0.0,29.366101245630517,1.1190707375554683,1610924255563.0,0.2531605759559212,1.0,0.2531605759559212,1.0004672965455996,60208.0,0.0749590388765395,1214.4
614617,long,close,1232.35,-18944.0,1230.3960839657173,227338.0,876.5747933035644,0.02441173080583736,0.00384306406459204,0.028254794870429402,6.832028249574498,34.139573097415465,79.39435604050108,22.56232779092647,0.0,29.394356040500945,1.1191619905393875,1610924271714.0,0.27103774392357727,1.0,0.27103774392357727,1.0004671841244903,16151.0,0.07496025850207055,1215.55
614619,long,close,1232.45,-18944.0,1230.3960839657173,208394.0,852.7557446139455,0.02565902329302827,0.003842752241470242,0.029501775534498512,6.835871001815969,34.1522588608953,79.42385781603558,22.587986814219498,0.0,29.423857816035444,1.1192632112921603,1610924271754.0,1.0,1.0,1.0,1.0004670876528572,40.0,0.07496050242717676,1216.7
614640,long,close,1232.55,-18944.0,1230.3960839657173,189450.0,825.8233660471782,0.026906113388023234,0.003842440468946493,0.030748553856969726,6.839713442284915,34.16548073905379,79.45460636989255,22.61489292760752,0.0,29.454606369892414,1.1193640121406012,1610924284918.0,0.3076876439099286,1.0,0.3076876439099286,1.0004670070623451,13164.0,0.07496306364079199,1217.85
614656,long,close,1232.8,-21050.0,1230.3960839657173,168400.0,791.4390256087897,0.0333605981215563,0.00426873783257625,0.03762933595413255,6.843982180117491,34.18166135351407,79.49223570584668,22.64825352572908,0.0,29.492235705846547,1.1194918673414642,1610924288246.0,0.3298248196005858,1.0,0.3298248196005858,1.0004670136971028,3328.0,0.07496501504164167,1217.85
614658,long,close,1233.0,-21050.0,1230.3960839657173,147350.0,751.2134818201031,0.03613025770473597,0.004268045417680454,0.04039830312241642,6.848250225535172,34.19903262385671,79.5326340089691,22.684383783433816,0.0,29.532634008968962,1.1196303180317093,1610924288336.0,1.0,1.0,1.0,1.000467055135579,90.0,0.07496525896674788,1219.0
614660,long,close,1233.25,-21050.0,1230.3960839657173,126300.0,703.5228402098497,0.039591068909017674,0.004267180214879383,0.043858249123897054,6.852517405750051,34.21789167097999,79.576492258093,22.723974852342835,0.0,29.57649225809286,1.1197800216464107,1610924289959.0,1.0,1.0,1.0,1.0004671399506877,1623.0,0.0749655028918541,1220.15
614669,long,close,1233.6,-21050.0,1230.3960839657173,105250.0,646.0792459671975,0.04443384801150674,0.004265969520103762,0.0486998175316105,6.856783375270155,34.238832592518584,79.62519207562461,22.768408700354342,0.0,29.62519207562447,1.1199440573451716,1610924297688.0,0.4295606582260198,1.0,0.4295606582260198,1.0004672853694252,7729.0,0.07496660055483205,1221.3
614676,long,close,1234.05,-21050.0,1230.3960839657173,84200.0,575.5590298406089,0.050656241866039904,0.004264413921640128,0.05492065578768003,6.861047789191795,34.26244847450729,79.6801127314123,22.819064942220383,0.0,29.680112731412148,1.1201317177827066,1610924298659.0,0.47639253913023955,1.0,0.47639253913023955,1.0004675084683456,971.0,0.07496745429270378,1221.3
614685,long,close,1234.75,-21050.0,1230.3960839657173,63150.0,486.9339229050909,0.06032650627632103,0.004261996355537558,0.06458850263185859,6.865309785547332,34.29022153063899,79.74470123404416,22.879391448496705,0.0,29.74470123404401,1.1203501089086296,1610924305869.0,0.5336959978606425,1.0,0.5336959978606425,1.0004678521860884,7210.0,0.07496855195568174,1222.45
614686,long,close,1234.85,-63150.0,1230.3960839657173,0.0,0.0,0.18512123290487656,0.012784953638093698,0.19790618654297026,6.878094739185426,34.37532119085246,79.94260742058712,23.06451268140158,0.0,29.942607420586977,1.1210259224486911,1610924307057.0,1.0,1.0,1.0,1.000469866072761,1188.0,0.07496867391823483,
614689,long,entry,1234.95,45534.0,1234.95,45534.0,393.16430323170493,0.0,0.009217782096441153,0.009217782096441153,6.887312521281867,34.37928483715393,79.95182520268357,23.06451268140158,0.0,29.95182520268342,1.121057167556585,1610924307669.0,1.0,1.0,1.0,1.0004695114489057,612.0,0.07496903980589416,1228.2
614812,long,close,1235.8,-45534.0,1234.95,0.0,0.0,0.025360462152368275,0.00921144198090306,0.03457190413327133,6.89652396326277,34.39415075593124,79.98639710681684,23.089873143553948,0.0,29.986397106816693,1.1211369162890612,1610924413541.0,0.6813903539451338,1.0,0.6813903539451338,1.0004694743830274,105872.0,0.07498404119992615,
615463,long,entry,1234.1,45527.0,1234.1,45527.0,392.89021559398986,0.0,0.009222712908192206,0.009222712908192206,6.9057466761709625,34.398116522481764,79.99561981972504,23.089873143553948,0.0,29.995619819724883,1.1210945912915402,1610924617944.0,1.0,1.0,1.0,1.000469120856573,204403.0,0.07506343882199785,1227.05
615888,long,close,1234.95,-45527.0,1234.1,0.0,0.0,0.025391492682177767,0.00921636503502166,0.03460785771719943,6.914963041205985,34.41299790130016,80.03022767744223,23.115264636236127,0.0,30.03022767744208,1.1211694616504075,1610924737278.0,0.6799786465797916,1.0,0.6799786465797916,1.0004690844661313,119334.0,0.07511527290706771,
621677,long,entry,1229.65,45388.0,1229.65,45388.0,391.47532974959836,0.0,0.009227829057048753,0.009227829057048753,6.9241908702630335,34.41696586779469,80.03945550649928,23.115264636236127,0.0,30.03945550649913,1.1195251652590896,1610929444624.0,1.0,1.0,1.0,1.0004687320331895,4707346.0,0.0758213141269957,1222.45
621692,long,close,1230.5,-45388.0,1229.65,0.0,0.0,0.025497455338452664,0.00922145469321414,0.0347189100316668,6.933412324956247,34.43189499910831,80.07417441653095,23.14076209157458,0.0,30.0741744165308,1.1196410284264453,1610929446477.0,0.6815331871062856,1.0,0.6815331871062856,1.000468697246919,1853.0,0.07582314356529228,
621717,long,entry,1229.55,45409.0,1229.55,45409.0,391.4421222649341,0.0,0.009232849416453174,0.009232849416453174,6.942645174372701,34.435865124357385,80.0834072659474,23.14076209157458,0.0,30.08340726594725,1.1196701618832525,1610929451725.0,1.0,1.0,1.0,1.0004683458991024,5248.0,0.07582619262911992,1222.45
621779,long,close,1230.4,-45409.0,1229.55,0.0,0.0,0.02551340053311332,0.009226471066319896,0.03473987159943322,6.951871645439021,34.45080326914513,80.11814713754683,23.166275492107694,0.0,30.118147137546686,1.1197748453567946,1610929485406.0,0.6814954253336581,1.0,0.6814954253336581,1.000468311588902,33681.0,0.07583375430741247,
621819,long,entry,1229.3,45425.0,1229.3,45425.0,391.3643238826601,0.0,0.009237980964776703,0.009237980964776703,6.961109626403798,34.45477560095999,80.12738511851161,23.166275492107694,0.0,30.127385118511462,1.119800104013763,1610929501662.0,1.0,1.0,1.0,1.0004679613216958,16256.0,0.07583863280953669,1222.45
621841,long,close,1230.15,-45425.0,1229.3,0.0,0.0,0.02553276858939729,0.009231597772629354,0.03476436636202664,6.970341224176427,34.46972427849566,80.16214948487364,23.19180826069709,0.0,30.16214948487349,1.1199128273586423,1610929512524.0,0.6815587275161431,1.0,0.6815587275161431,1.000467927527672,10862.0,0.07584131598570501,
621960,long,entry,1229.0,45439.0,1229.0,45439.0,391.26966667960716,0.0,0.009243083807973963,0.009243083807973963,6.979584307984401,34.47369880453309,80.17139256868161,23.19180826069709,0.0,30.171392568681462,1.1199141382580153,1610929596763.0,1.0,1.0,1.0,1.0004675783348174,84239.0,0.07585582952952458,1222.45
622003,long,close,1229.85,-45439.0,1229.0,0.0,0.0,0.025553103994072165,0.009236695531975444,0.03478979952604761,6.988821003516376,34.488658418329294,80.20618236820766,23.21736136469116,0.0,30.20618236820751,1.120014334013887,1610929643171.0,0.6814802452950122,1.0,0.6814802452950122,1.000467545064701,46408.0,0.07586107391930812,
626220,long,entry,1226.35,45366.0,1226.35,45366.0,390.42642268817434,0.0,0.009248175480083175,0.009248175480083175,6.9980691789964595,34.49263513378573,80.21543054368775,23.21736136469116,0.0,30.215430543687592,1.1182575449134031,1610934791743.0,1.0,1.0,1.0,1.00046719694019,5148572.0,0.07637539000575419,1219.0
627847,long,reentry,1219.0,84063.0,1221.5762394826506,129429.0,705.7260221008316,0.0,0.017240155865463496,0.017240155865463496,7.015309334861923,34.50004840080788,80.23267069955321,23.21736136469116,0.0,30.232670699553054,1.1178115001078408,1610936267353.0,0.6797026763294849,1.0,0.6797026763294849,1.0004669478725345,1475610.0,0.07657382307965692,1210.95
628346,long,reentry,1210.95,239831.0,1214.6745939175648,369260.0,981.0363407849331,0.0,0.04951298567240596,0.04951298567240596,7.064822320534329,34.521338984647016,80.28218368522562,23.21736136469116,0.0,30.282183685225462,1.1179236987620684,1610936415195.0,0.4171888495327182,1.0,0.4171888495327182,1.000467095957718,147842.0,0.07663468239365658,1194.6
631005,long,reentry,1194.6,84371.0,1210.9409126580854,453631.0,1018.9155382719091,0.0,0.017656747028293993,0.017656747028293993,7.082479067562623,34.528931385869186,80.29984043225392,23.21736136469116,0.0,30.299840432253756,1.1177737934244503,1610937027898.0,0.17873982605589286,1.0,0.17873982605589286,1.000466852417919,612703.0,0.07695898082236423,0.05
646338,long,close,1211.8,-23875.0,1210.9409126580854,429756.0,1008.7699723426379,0.01397741306243688,0.004925524013863674,0.018902937076300554,7.087404591576487,34.537059648812,80.31874336933022,23.2313387777536,0.0,30.318743369330058,1.1134395253602785,1610950509259.0,0.1368779853689885,1.0,0.1368779853689885,1.0004666245884397,13481361.0,0.07882903264913155,1188.0
646354,long,close,1212.55,-23875.0,1210.9409126580854,405881.0,997.6374383501809,0.0261637740715444,0.0049224774236113975,0.031086251495155797,7.092327069000098,34.55042673695491,80.34982962082537,23.257502551825144,0.0,30.349829620825215,1.113536216801431,1610950512412.0,0.16771587612504607,1.0,0.16771587612504607,1.0004665463272084,3153.0,0.07883098404998123,1189.1
646362,long,close,1212.55,-22548.0,1210.9409126580854,383333.0,986.1151195294086,0.02470956137236369,0.004648880458537793,0.029358441830901482,7.096975949458636,34.5630508669422,80.37918806265627,23.28221211319751,0.0,30.379188062656116,1.1136280127360085,1610950513777.0,0.17703655322732034,1.0,0.17703655322732034,1.00046644694736,1365.0,0.07883195975040608,1190.2
646381,long,close,1213.3,-22549.0,1210.9409126580854,360784.0,973.4358848388079,0.036205967471159436,0.004646212808044178,0.04085218027920361,7.10162216226668,34.58061730446225,80.42004024293547,23.318418080668668,0.0,30.42004024293532,1.1137548765506327,1610950518298.0,0.1868433087083297,1.0,0.1868433087083297,1.0004664879634904,4521.0,0.07883427703891507,1191.3
646395,long,close,1213.3,-21222.0,1210.9409126580854,339562.0,960.3170217842298,0.03407526017441774,0.004372784966619962,0.0384480451410377,7.1059949472333,34.5971499638729,80.45848828807651,23.352493340843086,0.0,30.458488288076357,1.1138731499858827,1610950525965.0,0.19766257173805246,1.0,0.19766257173805246,1.0004664993383126,7667.0,0.07883598451465856,1191.3
646421,long,close,1213.3,-19974.0,1210.9409126580854,319588.0,946.7600001764623,0.03207139980792668,0.004115635044918816,0.036187034852845495,7.110110582278218,34.612710388859625,80.49467532292937,23.38456474065101,0.0,30.4946753229292,1.1139821189003254,1610950540483.0,0.20808393041336762,1.0,0.20808393041336762,1.0004664829434395,14518.0,0.0788391555410393,1192.4
646443,long,close,1212.6,-18799.0,1210.9409126580854,300789.0,932.794788692348,0.021240438650052713,0.003875762823684645,0.02511620147373736,7.113986345101903,34.62351035549334,80.5197915244031,23.405805179301066,0.0,30.519791524402937,1.1140589836080703,1610950546563.0,0.21919920813454097,1.0,0.21919920813454097,1.0004663317969476,6080.0,0.07884183871720762,1193.5
646494,long,close,1211.8,-17693.0,1210.9409126580854,283096.0,918.4300534482355,0.010358214421516052,0.0036501485393629312,0.014008362960878984,7.117636493641266,34.629533951566515,80.53379988736398,23.41616339372258,0.0,30.533799887363816,1.1140927789056687,1610950578662.0,0.23020855069746402,1.0,0.23020855069746402,1.000466045970631,32099.0,0.07884805880741601,1194.6
646511,long,close,1212.7,-18873.0,1210.9409126580854,264223.0,901.5351346670465,0.02260747261273504,0.0038906984414941864,0.026498171054229226,7.12152719208276,34.64092816511983,80.56029805841821,23.438770866335314,0.0,30.560298058418045,1.1141724641063082,1610950589399.0,0.24209436091084705,1.0,0.24209436091084705,1.0004659121584536,10737.0,0.0788501321708188,1194.6
646639,long,close,1211.8,-17614.0,1210.9409126580854,246609.0,884.1448653306112,0.010311964552115737,0.0036338504703746495,0.013945815022490387,7.125161042553135,34.64692486557951,80.57424387344071,23.44908283088743,0.0,30.574243873440537,1.1141879981130836,1610950678562.0,0.25492964077103597,1.0,0.25492964077103597,1.0004656264563068,89163.0,0.07886574337761632,1195.7
646659,long,close,1212.85,-18969.0,1210.9409126580854,227640.0,863.2840204633484,0.024656997414779214,0.0039100053592777346,0.028567002774056948,7.129071047912412,34.659208676772344,80.60281087621476,23.47373982830221,0.0,30.602810876214594,1.114276318866484,1610950682300.0,0.2704774410407928,1.0,0.2704774410407928,1.0004655181814461,3738.0,0.07886818262867842,1196.8
646671,long,close,1212.95,-18970.0,1210.9409126580854,208670.0,839.8595426357767,0.02594778537498169,0.003909889113318768,0.029857674488300456,7.1329809370257315,34.67204747680231,80.63266855070306,23.499687613677192,0.0,30.632668550702896,1.1143641400312083,1610950700305.0,0.2882186416594398,1.0,0.2882186416594398,1.0004654255884537,18005.0,0.07886964617931569,1196.8
646673,long,close,1213.05,-18970.0,1210.9409126580854,189700.0,813.3707559387079,0.027237060875023575,0.003909566794443758,0.031146627669467332,7.136890503820175,34.68544052670019,80.66381517837253,23.526924674552216,0.0,30.663815178372364,1.114461659797249,1610950700315.0,1.0,1.0,1.0,1.0004653485936144,10.0,0.0788698901044219,1197.9
646675,long,close,1213.15,-18970.0,1210.9409126580854,170730.0,783.1758298965044,0.02852612382501348,0.00390924452870626,0.03243536835371974,7.140799748348881,34.69938773509229,80.69625054672625,23.55545079837723,0.0,30.696250546726084,1.114562889240476,1610950701254.0,1.0,1.0,1.0,1.000465287130997,939.0,0.07887013402952811,1199.0
646718,long,close,1213.5,-21341.0,1210.9409126580854,149389.0,743.7150480233864,0.03716525708763881,0.004396580140090647,0.04156183722772946,7.1451963284889715,34.71725932510021,80.73781238395398,23.59261605546487,0.0,30.737812383953813,1.1146798643909186,1610950742443.0,0.35440126131687044,1.0,0.35440126131687044,1.0004653354340387,41189.0,0.07887537841931165,1200.1
646725,long,close,1213.75,-21341.0,1210.9409126580854,128048.0,696.8834021181367,0.040787568222625664,0.0043956745623069,0.04518324278493256,7.1495920030512785,34.73668811949773,80.78299562673891,23.633403623687496,0.0,30.782995626738746,1.1148176762394877,1610950753432.0,0.3871574735088077,1.0,0.3871574735088077,1.0004654268883493,10989.0,0.07887623215718338,1200.1
646795,long,close,1214.1,-21341.0,1210.9409126580854,106707.0,640.4057458907553,0.045856297641313076,0.004394407379952228,0.0502507050212653,7.153986410431231,34.75829592265687,80.83324633176017,23.67925992132881,0.0,30.833246331760012,1.1149589685768584,1610950803038.0,0.42548771465940916,1.0,0.42548771465940916,1.000465578638777,49606.0,0.07888476953590078,1201.2
646805,long,close,1214.55,-21341.0,1210.9409126580854,85366.0,570.9687266653414,0.05236894288763139,0.004392779218640648,0.05676172210627203,7.158379189649872,34.78270346316256,80.89000805386642,23.731628864216443,0.0,30.890008053866286,1.115135317625808,1610950806055.0,0.47256980242896124,1.0,0.47256980242896124,1.0004658076814066,3017.0,0.07888598916143183,1202.3
646825,long,close,1215.25,-21341.0,1210.9409126580854,64025.0,483.544419845488,0.06249013754897177,0.004390248919975313,0.06688038646894709,7.162769438569847,34.81146202934421,80.95688844033538,23.794119001765416,0.0,30.956888440335234,1.11533788807437,1610950825550.0,0.5299314809489636,1.0,0.5299314809489636,1.0004661567469701,19495.0,0.07888842841249394,1203.4
646826,long,close,1215.3,-64025.0,1210.9409126580854,0.0,0.0,0.1896438256779304,0.013170616308730357,0.20281444198666077,7.175940054878577,34.89867223939847,81.15970288232204,23.983762827443346,0.0,31.159702882321895,1.1159698528194224,1610950826639.0,1.0,1.0,1.0,1.0004681248489444,1089.0,0.07888855037504705,
676279,long,entry,1234.7,46218.0,1234.7,46218.0,393.08541884704704,0.0,0.009358143678626387,0.009358143678626387,7.185298198557203,34.90269624118029,81.16906102600066,23.983762827443346,0.0,31.16906102600052,1.1082138697751553,1610976813526.0,1.0,1.0,1.0,1.0004677842295258,25986887.0,0.08248071345166466,1228.2
676706,long,close,1235.55,-46218.0,1234.7,0.0,0.0,0.02575184210054323,0.00935170571810125,0.035103547818644484,7.1946499042753045,34.91779076674231,81.20416457381931,24.00951466954389,0.0,31.204164573819163,1.108305682113446,1610976848592.0,0.6799499927967374,1.0,0.6799499927967374,1.0004677501790267,35066.0,0.08253279146184073,
676828,long,entry,1233.2,46187.0,1233.2,46187.0,392.6070505076386,0.0,0.009363241972105092,0.009363241972105092,7.2040131462474095,34.92181696079031,81.21352781579142,24.00951466954389,0.0,31.21352781579127,1.1083283713008207,1610976864348.0,1.0,1.0,1.0,1.0004674105766513,15756.0,0.0825476708933196,1225.9
676954,long,close,1234.05,-46187.0,1233.2,0.0,0.0,0.02579719031251092,0.009356792674526965,0.03515398298703788,7.213369938921937,34.93693317347474,81.24868179877846,24.0353118598564,0.0,31.248681798778307,1.10842159764463,1610976894644.0,0.6812219466485558,1.0,0.6812219466485558,1.0004673773211543,30296.0,0.0825630381750109,
676962,long,entry,1232.85,46199.0,1232.85,46199.0,392.4944239181098,0.0,0.009368333536115506,0.009368333536115506,7.222738272458052,34.94096155689527,81.25805013231458,24.0353118598564,0.0,31.258050132314423,1.1084485131556392,1610976895292.0,1.0,1.0,1.0,1.0004670387300123,648.0,0.08256401387543574,1225.9
676972,long,close,1233.7,-46199.0,1232.85,0.0,0.0,0.02581854099278904,0.009361878900867308,0.03518041989365635,7.232100151358919,34.95608913744954,81.29323055220823,24.061130400849187,0.0,31.29323055220808,1.1085501821956774,1610976895523.0,0.6814814981390872,1.0,0.6814814981390872,1.0004670059803267,231.0,0.0825652335009668,
676975,long,entry,1232.3,46204.0,1232.3,46204.0,392.3210263422753,0.0,0.009373529173090969,0.009373529173090969,7.24147368053201,34.96011975499397,81.30260408138132,24.061130400849187,0.0,31.30260408138117,1.108577260855007,1610976895600.0,1.0,1.0,1.0,1.0004666683962666,77.0,0.0825655993886261,1225.9
676981,long,close,1233.15,-46204.0,1232.3,0.0,0.0,0.025844381614982363,0.009367068077687224,0.03521144969266959,7.250840748609698,34.97526067836182,81.337815531074,24.086974782464168,0.0,31.33781553107384,1.108678840471087,1610976896312.0,0.6816092952911255,1.0,0.6816092952911255,1.0004666362029118,712.0,0.08256633116394475,
676982,long,entry,1232.65,46242.0,1232.65,46242.0,392.4296996489528,0.0,0.009378574615665436,0.009378574615665436,7.260219323225363,34.97929346544656,81.34719410568967,24.086974782464168,0.0,31.347194105689507,1.1087059390472969,1610976896328.0,1.0,1.0,1.0,1.0004662996187574,16.0,0.08256645312649785,1225.9
677197,long,reentry,1225.9,85686.0,1228.2659382390395,131928.0,709.4828822814333,0.0,0.017474100660739046,0.017474100660739046,7.277693423886102,34.98680732873067,81.3646682063504,24.086974782464168,0.0,31.364668206350245,1.108748522527914,1610976924483.0,0.6798713548566686,1.0,0.6798713548566686,1.0004660589275511,28155.0,0.08259267507541554,1217.85
677558,long,close,1229.15,-18846.0,1228.2659382390395,113082.0,661.2377219640756,0.011035817223701219,0.0038331367204979053,0.014868953944199124,7.281526560606601,34.99320097892668,81.3795371602946,24.098010599687868,0.0,31.379537160294444,1.1087759489283495,1610976979754.0,0.4199543128141003,1.0,0.4199543128141003,1.0004657880342345,55271.0,0.08263670355708665,1219.0
677566,long,close,1229.15,-18847.0,1228.2659382390395,94235.0,603.7570502110132,0.01103640280245659,0.003833340113086279,0.014869742915542869,7.285359900719687,34.999594968380364,81.39440690321015,24.109047002490325,0.0,31.394406903209987,1.1088185993001196,1610976980798.0,0.46208035634405076,1.0,0.46208035634405076,1.0004655176358195,1044.0,0.08263767925751149,1219.0
677716,long,close,1229.15,-18847.0,1228.2659382390395,75388.0,534.1123472038471,0.01103640280245659,0.003833340113086279,0.014869742915542869,7.289193240832773,35.00598895783405,81.4092766461257,24.12008340529278,0.0,31.40927664612553,1.1088513723837503,1610977016957.0,0.5075190258892996,1.0,0.5075190258892996,1.000465247721644,36159.0,0.08265597364047732,1220.15
677722,long,close,1229.45,-75388.0,1228.2659382390395,0.0,0.0,0.05911167940520412,0.01532961893529627,0.0744412983405004,7.30452285976807,35.03799871612047,81.4837179444662,24.179195084697987,0.0,31.48371794446603,1.1090661772859682,1610977017084.0,1.0,1.0,1.0,1.0004656758051849,127.0,0.08265670541579595,
677742,long,entry,1230.05,46227.0,1230.05,46227.0,391.6005779022428,0.0,0.009395349782529167,0.009395349782529167,7.313918209550598,35.04203871652695,81.49311329424873,24.179195084697987,0.0,31.49311329424856,1.1090927401686732,1610977019006.0,1.0,1.0,1.0,1.0004653420587923,1922.0,0.08265914466685807,1223.6
677819,long,close,1230.9,-46227.0,1230.05,0.0,0.0,0.02595189638524805,0.009388861808432854,0.035340758193680905,7.323307071359031,35.057235242550234,81.52845405244241,24.205146981083235,0.0,31.52845405244224,1.1091870659887186,1610977045976.0,0.6812886970763874,1.0,0.6812886970763874,1.0004653119189442,26970.0,0.0826685357834472,
677920,long,entry,1229.9,46247.0,1229.9,46247.0,391.55434673198243,0.0,0.009400561021221237,0.009400561021221237,7.332707632380252,35.06127748378936,81.53785461346364,24.205146981083235,0.0,31.53785461346346,1.1092017336827034,1610977090081.0,1.0,1.0,1.0,1.000464979153689,44105.0,0.08268085400131085,1222.45
677973,long,close,1230.75,-46247.0,1229.9,0.0,0.0,0.025969455593863267,0.009394068657322771,0.03536352425118604,7.342101701037575,35.07648379921738,81.57321813771483,24.231116436677098,0.0,31.573218137714644,1.1092998275243309,1610977103683.0,0.6811446687850307,1.0,0.6811446687850307,1.00046494945491,13602.0,0.08268731801662545,
686344,long,entry,1227.15,46169.0,1227.15,46169.0,390.67926081804944,0.0,0.009405736869983293,0.009405736869983293,7.351507437907558,35.08052826607147,81.58262387458481,24.231116436677098,0.0,31.582623874584627,1.1076762333510863,1610983040504.0,1.0,1.0,1.0,1.0004646176652692,5936821.0,0.08370826654867196,1220.15
686360,long,close,1228.0,-46169.0,1227.15,0.0,0.0,0.02604194247389272,0.009399226384364821,0.035441168858257543,7.360906664291923,35.09576796868052,81.61806504344307,24.25715837915099,0.0,31.618065043442883,1.1077744556901357,1610983048789.0,0.6815979944433175,1.0,0.6815979944433175,1.0004645890419854,8285.0,0.08371021794952165,
690426,long,entry,1223.75,46066.0,1223.75,46066.0,389.5945267364855,0.0,0.009410827374872319,0.009410827374872319,7.370317491666795,35.09981462445172,81.62747587081795,24.25715837915099,0.0,31.627475870817754,1.1068623178812342,1610986502970.0,1.0,1.0,1.0,1.0004642582212184,3454181.0,0.08420611769044879,1216.7
690463,long,close,1224.6,-46066.0,1223.75,0.0,0.0,0.026128379123436837,0.009404295280091459,0.035532674403528294,7.379721786946887,35.115093674445234,81.66300854522147,24.28328675827443,0.0,31.66300854522128,1.1069603015158562,1610986509661.0,0.681586754332487,1.0,0.681586754332487,1.000464230826922,6691.0,0.0842106303049137,
690723,long,entry,1223.15,46069.0,1223.15,46069.0,389.40486198230406,0.0,0.009416056902260555,0.009416056902260555,7.389137843849148,35.119142578913205,81.67242460212374,24.28328675827443,0.0,31.67242460212354,1.106944399921651,1610986666679.0,1.0,1.0,1.0,1.0004639009707694,157018.0,0.08424234056872114,1216.7
691035,long,reentry,1216.7,85365.0,1218.960792869425,131434.0,704.0658225141435,0.0,0.017540272869236456,0.017540272869236456,7.406678116718385,35.12668489624698,81.68996487499298,24.28328675827443,0.0,31.68996487499278,1.1069801600031401,1610986716601.0,0.679936824902557,1.0,0.679936824902557,1.0004636656844075,49922.0,0.08428039288529007,1208.65
691280,long,close,1219.8,-18776.0,1218.960792869425,112658.0,656.1858588688655,0.010597266981908632,0.0038481718314477783,0.01444543881335641,7.410526288549832,35.132896434936725,81.70441031380633,24.293884025256336,0.0,31.704410313806136,1.1070111097018656,1610986752105.0,0.4203311192868899,1.0,0.4203311192868899,1.0004633950482806,35504.0,0.08431027371080094,1209.8
691386,long,close,1219.8,-18776.0,1218.960792869425,93882.0,599.1435819206661,0.010597266981908632,0.0038481718314477783,0.01444543881335641,7.414374460381279,35.139107973626466,81.71885575261969,24.304481292238243,0.0,31.718855752619493,1.1070355909381537,1610986811550.0,0.4610825732023115,1.0,0.4610825732023115,1.0004631248929048,59445.0,0.08432320174143011,1209.8
691820,long,close,1219.8,-18776.0,1218.960792869425,75106.0,530.0307827295318,0.010597266981908632,0.0038481718314477783,0.01444543881335641,7.418222632212727,35.145319512316206,81.73330119143304,24.31507855922015,0.0,31.73330119143285,1.1070243621739684,1610987003390.0,0.5069385821333449,1.0,0.5069385821333449,1.0004628552169317,191840.0,0.08437613348947792,1210.95
691914,long,close,1219.8,-75106.0,1218.960792869425,0.0,0.0,0.04239019673749625,0.015393097229053946,0.057783293966550194,7.43361572944178,35.17016632872183,81.7910844853996,24.357468755957647,0.0,31.791084485399402,1.1071728511826455,1610987052991.0,0.5646206811815905,1.0,0.5646206811815905,1.0004630848394416,49601.0,0.08438759796946985,
691926,long,entry,1219.6,46008.0,1219.6,46008.0,388.2785498524451,0.0,0.009430960970810103,0.009430960970810103,7.443046690412591,35.17422164193927,81.8005154463704,24.357468755957647,0.0,31.800515446370213,1.10719752617843,1610987059412.0,1.0,1.0,1.0,1.0004627579223786,6421.0,0.08438906152010711,1213.25
691943,long,close,1220.45,-46008.0,1219.6,0.0,0.0,0.026273315007381313,0.009424392642058257,0.03569770764943957,7.4524710830546494,35.18957165622853,81.83621315401984,24.383742070965027,0.0,31.836213154019653,1.1072948115882126,1610987069223.0,0.6815039374518537,1.0,0.6815039374518537,1.0004627331724019,9811.0,0.08439113488350991,
692416,long,entry,1218.65,45997.0,1218.65,45997.0,387.9730323561518,0.0,0.0094360562917983,0.0094360562917983,7.461907139346447,35.19362916043401,81.84564921031165,24.383742070965027,0.0,31.84564921031145,1.107244066437037,1610987354901.0,1.0,1.0,1.0,1.0004624071974586,285678.0,0.08444882317112883,1212.2
692519,long,close,1219.5,-45997.0,1218.65,0.0,0.0,0.02630798802141133,0.009429479294792948,0.03573746731620428,7.47133661864124,35.20899627137998,81.88138667762786,24.41005005898644,0.0,31.881386677627653,1.1073294432835379,1610987408765.0,0.6811922984870769,1.0,0.6811922984870769,1.0004623830523334,53864.0,0.0844613853140987,
693079,long,entry,1217.35,45973.0,1217.35,45973.0,387.55744092957997,0.0,0.009441204255144373,0.009441204255144373,7.480777822896385,35.213055989209685,81.890827881883,24.41005005898644,0.0,31.890827881882796,1.107209391106215,1610987951593.0,1.0,1.0,1.0,1.0004620580150767,542828.0,0.0845296843438378,1210.0
693095,long,close,1218.2,-45973.0,1217.35,0.0,0.0,0.02635043052659593,0.009434616647512722,0.03578504717410865,7.490212439543897,35.22844355949455,81.9266129290571,24.436400489513034,0.0,31.926612929056905,1.1073033608221405,1610987973430.0,0.68159921054093,1.0,0.68159921054093,1.0004620345599529,21837.0,0.0845316357446875,
693190,long,entry,1217.1,45989.0,1217.1,45989.0,387.47816294192256,0.0,0.009446430038616385,0.009446430038616385,7.499658869582514,35.23250552441116,81.93605935909572,24.436400489513034,0.0,31.93605935909552,1.1073103744973498,1610988045147.0,1.0,1.0,1.0,1.000461710456175,71717.0,0.08454322218723252,1210.0
693702,long,close,1217.95,-45989.0,1217.1,0.0,0.0,0.026370427465248588,0.009439837431750071,0.03581026489699866,7.509098707014264,35.247903938316874,81.97186962399273,24.462770916978283,0.0,31.971869623992518,1.1073840571718,1610988142169.0,0.6797965763640008,1.0,0.6797965763640008,1.0004616874315109,97022.0,0.08460566701442256,
759114,long,entry,1318.65,49854.0,1318.65,49854.0,419.8097560404034,0.0,0.00945171197815948,0.00945171197815948,7.518550418992423,35.251968174467486,81.98132133597089,24.462770916978283,0.0,31.981321335970677,1.0976429212846361,1611027961295.0,1.0,1.0,1.0,1.000461364257055,39819126.0,0.09258348153816245,1311.6
759122,long,close,1319.55,-49854.0,1318.65,0.0,0.0,0.025786187049653138,0.009445265431397069,0.03523145248105021,7.5279956844238205,35.26711769903433,82.01655278845193,24.488557104027937,0.0,32.016552788451726,1.0977317432289748,1611027961474.0,0.6816608485001681,1.0,0.6816608485001681,1.0004613347929316,179.0,0.0925844572385873,
759418,long,entry,1317.95,49855.0,1317.95,49855.0,419.5886642840614,0.0,0.009456921734511932,0.009456921734511932,7.5374526061583325,35.27118417538017,82.02600971018644,24.488557104027937,0.0,32.02600971018624,1.0977255080264587,1611028096249.0,1.0,1.0,1.0,1.0004610125493993,134775.0,0.09262055815430653,1310.4
760643,long,reentry,1310.4,92381.0,1313.0463430495797,142236.0,758.5124973763442,0.0,0.01762458028083028,0.01762458028083028,7.555077186439163,35.278762744900924,82.04363429046727,24.488557104027937,0.0,32.04363429046707,1.0976637256885144,1611028572507.0,0.6797888623008651,1.0,0.6797888623008651,1.0004607835474886,476258.0,0.09276996228186082,1302.0
761096,long,close,1313.95,-20319.0,1313.0463430495797,121917.0,706.9386452144912,0.01064258260864698,0.003866014688534571,0.01450859729718155,7.558943201127697,35.285001441738714,82.05814288776446,24.499199686636583,0.0,32.05814288776425,1.0976417709896529,1611028835074.0,0.42054049092716256,1.0,0.42054049092716256,1.0004605196220249,262567.0,0.09282521131841764,1303.2
761177,long,close,1316.95,-24383.0,1313.0463430495797,97534.0,631.5929921203858,0.055043931136415994,0.0046286874976270926,0.059672618634043086,7.563571888625324,35.31066066775136,82.1178155063985,24.554243617773,0.0,32.117815506398294,1.0977686025273659,1611028939306.0,0.4620358837116724,1.0,0.4620358837116724,1.0004607672024413,104232.0,0.09283509028521919,1303.2
761215,long,close,1317.7,-24383.0,1313.0463430495797,73151.0,536.2833258190666,0.06558203730085463,0.004626052971085983,0.07020809027194061,7.56819794159641,35.34085014656829,82.18802359667045,24.619825655073853,0.0,32.188023596670234,1.097935809124961,1611028980491.0,0.5204851443492496,1.0,0.5204851443492496,1.0004611328082442,41185.0,0.0928397248622372,1304.4
761217,long,close,1317.85,-73151.0,1313.0463430495797,0.0,0.0,0.2030702096074993,0.013876958682702889,0.2169471682902022,7.582074900279113,35.43413742893308,82.40497076496065,24.822895864681353,0.0,32.40497076496044,1.0984800669109813,1611028980509.0,1.0,1.0,1.0,1.0004631496252103,18.0,0.09283996878734341,
805621,long,entry,1373.9,52217.0,1373.9,52217.0,437.3977677830925,0.0,0.009501601281024818,0.009501601281024818,7.591576501560138,35.43822311748392,82.41447236624168,24.822895864681353,0.0,32.41447236624146,1.0942332297240944,1611048859698.0,1.0,1.0,1.0,1.0004628274897345,19879189.0,0.09825559399544201,1366.25
805669,long,close,1374.85,-52217.0,1373.9,0.0,0.0,0.0262618357405451,0.009495035822089683,0.03575687156263478,7.601071537382228,35.45359857225585,82.45022923780431,24.849157700421898,0.0,32.450229237804095,1.0943177305184044,1611048864730.0,0.6815103449353096,1.0,0.6815103449353096,1.0004628006983423,5032.0,0.09826144819799108,
805968,long,entry,1373.1,52216.0,1373.1,52216.0,437.14736964894774,0.0,0.009506955065180978,0.009506955065180978,7.6105784924474085,35.45768656293388,82.45973619286949,24.849157700421898,0.0,32.45973619286928,1.0943312914829757,1611048909328.0,1.0,1.0,1.0,1.0004624794824233,44598.0,0.09829791500136964,1365.0
806708,long,close,1374.05,-52216.0,1373.1,0.0,0.0,0.026291932060471136,0.00950038208216586,0.035792314142637,7.620078874529574,35.473077258015216,82.49552850701212,24.87544963248237,0.0,32.49552850701192,1.0944002295751214,1611048990124.0,0.6798276122247425,1.0,0.6798276122247425,1.0004624532388282,80796.0,0.09838816729066774,
807529,long,entry,1369.05,52090.0,1369.05,52090.0,435.85458003692014,0.0,0.009512070413790586,0.009512070413790586,7.629590944943365,35.477167448293145,82.50504057742592,24.87544963248237,0.0,32.50504057742571,1.0943755486902804,1611049220515.0,1.0,1.0,1.0,1.0004621329349972,230391.0,0.0984882985467674,1361.25
807689,long,close,1370.0,-52090.0,1369.05,0.0,0.0,0.026383844943363557,0.009505474452554745,0.0358893193959183,7.639096419395919,35.49259985563339,82.54092989682184,24.901833477425733,0.0,32.54092989682163,1.0944525051350473,1611049263012.0,0.6811714421294611,1.0,0.6811714421294611,1.0004621079231752,42497.0,0.09850781255526428,
832061,long,entry,1406.8,53556.0,1406.8,53556.0,447.8740396496101,0.0,0.00951734432755189,0.00951734432755189,7.648613763723471,35.49669231369423,82.55044724114939,24.901833477425733,0.0,32.55044724114918,1.093217698335846,1611055452842.0,1.0,1.0,1.0,1.0004617885277372,6189830.0,0.10148028389955262,1398.8
832091,long,close,1407.8,-53556.0,1406.8,0.0,0.0,0.027041751179291213,0.009510583889757068,0.03655233506904828,7.658124347613228,35.51240981777393,82.58699957621845,24.928875228605023,0.0,32.586999576218226,1.093303719300018,1611055452889.0,0.6814664914835105,1.0,0.6814664914835105,1.0004617710476473,47.0,0.10148394277614578,
832134,long,entry,1406.65,53580.0,1406.65,53580.0,447.82525698896376,0.0,0.009522624675647816,0.009522624675647816,7.667646972288876,35.51650454638446,82.5965222008941,24.928875228605023,0.0,32.59652220089387,1.093325843431198,1611055454301.0,1.0,1.0,1.0,1.0004614525487157,1412.0,0.10148918716592932,1398.8
832171,long,close,1407.65,-53580.0,1406.65,0.0,0.0,0.027059637482747416,0.009515859766277128,0.03657549724902454,7.677162832055153,35.53223201020155,82.63309769814313,24.95593486608777,0.0,32.6330976981429,1.0934117459383632,1611055455011.0,0.6814672046454487,1.0,0.6814672046454487,1.0004614354399486,710.0,0.10149369978039423,
832178,long,entry,1406.5,53604.0,1406.5,53604.0,447.77640589227696,0.0,0.009527906150017773,0.009527906150017773,7.68669073820517,35.53632900984605,82.64262560429314,24.95593486608777,0.0,32.64262560429292,1.093434146653254,1611055455055.0,1.0,1.0,1.0,1.0004611178330465,44.0,0.10149455351826596,1398.8
832343,long,close,1407.5,-53604.0,1406.5,0.0,0.0,0.027077530799340974,0.00952113676731794,0.036598667566658916,7.696211874972488,35.552066436899715,82.67922427185981,24.983012396887112,0.0,32.679224271859574,1.0935167567228834,1611055472208.0,0.681784880153305,1.0,0.681784880153305,1.0004611010929991,17153.0,0.10151467733952838,
832393,long,entry,1406.0,53615.0,1406.0,53615.0,447.6180551378556,0.0,0.009533250355618776,0.009533250355618776,7.705745125328107,35.556165734552636,82.68875752221543,24.983012396887112,0.0,32.68875752221519,1.0935380602701508,1611055477713.0,1.0,1.0,1.0,1.000460784374363,5505.0,0.10152077546718366,1397.5
832597,long,close,1407.0,-53615.0,1406.0,0.0,0.0,0.027102346426779444,0.009526474769012083,0.03662882119579153,7.715271600097119,35.571916127666825,82.72538634341122,25.010114743313892,0.0,32.72538634341098,1.0936211161426441,1611055492767.0,0.680933740724317,1.0,0.680933740724317,1.0004607680776305,15054.0,0.1015456558280172,
834676,long,entry,1402.3,53504.0,1402.3,53504.0,446.44147206885185,0.0,0.00953861513228268,0.00953861513228268,7.724810215229402,35.5760177321737,82.7349249585435,25.010114743313892,0.0,32.73492495854327,1.0934970109986908,1611056221417.0,1.0,1.0,1.0,1.0004604522429765,728650.0,0.10179921597592362,1394.9
834704,long,close,1403.3,-53504.0,1402.3,0.0,0.0,0.027189097505259996,0.009531817857906364,0.03672091536316636,7.734342033087309,35.591807725779866,82.77164587390666,25.037303840819153,0.0,32.77164587390644,1.0935828304348283,1611056222914.0,0.6815794928363097,1.0,0.6815794928363097,1.0004604370701558,1497.0,0.10180263092741057,
834918,long,entry,1401.7,53511.0,1401.7,53511.0,446.2503754119645,0.0,0.009543946636227436,0.009543946636227436,7.743885979723536,35.59591162283344,82.78118982054289,25.037303840819153,0.0,32.781189820542664,1.093593874440152,1611056279306.0,1.0,1.0,1.0,1.0004601221139335,56392.0,0.10182873091377516,1393.6
835193,long,reentry,1393.6,99155.0,1396.4391331403194,152666.0,806.6950645222685,0.0,0.01778756458094145,0.01778756458094145,7.761673544304477,35.60356027560325,82.79897738512383,25.037303840819153,0.0,32.79897738512361,1.0936332767858115,1611056290714.0,0.6797744067941842,1.0,0.6797744067941842,1.0004598985244375,11408.0,0.10186227061587919,1384.5
835352,long,close,1397.4,-21809.0,1396.4391331403194,130857.0,751.845749165963,0.01073881146062708,0.0039017103191641618,0.014640521779791242,7.765575254623641,35.60985569996856,82.81361790690363,25.04804265227978,0.0,32.813617906903396,1.0936663510076594,1611056296871.0,0.4208521325850611,1.0,0.4208521325850611,1.0004596406751989,6157.0,0.10188166266182297,1385.8
835428,long,close,1400.6,-26171.0,1396.4391331403194,104686.0,671.7141703777754,0.0556759971624565,0.004671390832500357,0.060347387994956855,7.770246645456142,35.63580507680639,82.87396529489858,25.103718649442236,0.0,32.873965294898355,1.0938053680303224,1611056308600.0,0.4615635412568747,1.0,0.4615635412568747,1.0004598854763993,11729.0,0.10189093181585898,1387.1
835431,long,close,1401.4,-26171.0,1396.4391331403194,78515.0,570.3501809273153,0.06634279512449803,0.004668724133009847,0.07101151925750789,7.774915369589152,35.66634003008712,82.94497681415609,25.170061444566734,0.0,32.944976814155865,1.0939715440543,1611056308968.0,1.0,1.0,1.0,1.0004602462922778,368.0,0.1018912977035183,1387.1
835432,long,close,1401.45,-78515.0,1396.4391331403194,0.0,0.0,0.20103231781106057,0.014006029469478041,0.2150383472805386,7.78892139905863,35.75880651941775,83.16001516143663,25.371093762377793,0.0,33.160015161436405,1.0944742604752533,1611056309028.0,1.0,1.0,1.0,1.0004621809233667,60.0,0.1018914196660714,
835473,long,entry,1399.85,53691.0,1399.85,53691.0,445.6607150856791,0.0,0.009588705932778514,0.009588705932778514,7.798510104991409,35.76292966296885,83.16960386736942,25.371093762377793,0.0,33.16960386736918,1.0944949523385978,1611056317405.0,1.0,1.0,1.0,1.0004618660987445,8377.0,0.10189642013074873,1392.3
835775,long,reentry,1392.3,99489.0,1394.9463444966705,153180.0,805.7445423584118,0.0,0.017864145658263306,0.017864145658263306,7.816374250649672,35.770611245601906,83.18746801302768,25.371093762377793,0.0,33.18746801302745,1.0945297520247168,1611056351444.0,0.6798874334968545,1.0,0.6798874334968545,1.0004616420689858,34039.0,0.10193325282178661,1383.2
836519,long,close,1395.9,-21882.0,1394.9463444966705,131298.0,750.9541403603264,0.010716839402780723,0.003918977004083387,0.01463581640686411,7.820293227653756,35.77690464665685,83.20210382943453,25.381810601780575,0.0,33.202103829434314,1.0945475260150797,1611056432162.0,0.418885332401708,1.0,0.418885332401708,1.0004613832419214,80718.0,0.10202399296129713,1384.5
836524,long,close,1395.9,-21883.0,1394.9463444966705,109415.0,685.6755421163847,0.010717329158717237,0.003919156100007164,0.0146364852587244,7.824212383753763,35.783198335318104,83.21674031469327,25.39252793093929,0.0,33.21674031469304,1.094581249064297,1611056434291.0,0.4620672346989066,1.0,0.4620672346989066,1.0004611248626505,2129.0,0.10202460277406267,1384.5
836701,long,close,1395.9,-21883.0,1394.9463444966705,87532.0,606.5824581468536,0.010717329158717237,0.003919156100007164,0.0146364852587244,7.8281315398537705,35.78949202397936,83.231376799952,25.403245260098007,0.0,33.23137679995177,1.0946060237402997,1611056480440.0,0.5077529400794109,1.0,0.5077529400794109,1.0004608669226949,46149.0,0.10204619014596235,1385.8
836702,long,close,1395.95,-87532.0,1394.9463444966705,0.0,0.0,0.04511533180733481,0.015676062896235538,0.06079139470357035,7.843807602750006,35.8156323237019,83.29216819465557,25.44836059190534,0.0,33.29216819465534,1.0947477612374743,1611056480615.0,1.0,1.0,1.0,1.0004611103618686,175.0,0.10204631210851545,
836769,long,entry,1395.15,53596.0,1395.15,53596.0,444.1657316283018,0.0,0.009603985234562592,0.009603985234562592,7.853411587984569,35.81976203735276,83.30177217989014,25.44836059190534,0.0,33.3017721798899,1.0947664000107833,1611056499048.0,1.0,1.0,1.0,1.0004607982090674,18433.0,0.10205448359957352,1387.1
836796,long,close,1396.1,-53596.0,1395.15,0.0,0.0,0.026140780668527774,0.00959745003939546,0.03573823070792323,7.863009038023964,35.835129476557164,83.33751041059806,25.47450137257387,0.0,33.33751041059782,1.0948467056223634,1611056513725.0,0.681555971014983,1.0,0.681555971014983,1.0004607695549106,14677.0,0.10205777658850737,
836843,long,entry,1394.95,53617.0,1394.95,53617.0,444.09926523529066,0.0,0.009609125775117388,0.009609125775117388,7.872618163799082,35.83926140064046,83.34711953637317,25.47450137257387,0.0,33.34711953637294,1.0948662911344782,1611056527493.0,1.0,1.0,1.0,1.0004604582707384,13768.0,0.10206350882850333,1387.1
837301,long,reentry,1387.1,99352.0,1389.8514950741653,152969.0,802.8537900093012,0.0,0.017906423473433783,0.017906423473433783,7.890524587272516,35.84696116273404,83.3650259598466,25.47450137257387,0.0,33.36502595984637,1.0948746241552125,1611056691359.0,0.6798246168232647,1.0,0.6798246168232647,1.000460237166455,163866.0,0.10211936767782567,1378.0
837584,long,reentry,1378.0,283451.0,1382.1540519453738,436420.0,1116.2159053435462,0.0,0.05142434687953556,0.05142434687953556,7.941948934152052,35.869073631892235,83.41645030672613,25.47450137257387,0.0,33.416450306725906,1.0949930350581163,1611056697773.0,0.4173563699631328,1.0,0.4173563699631328,1.0004603780011232,6414.0,0.10215388308035454,1358.75
837622,long,close,1384.0,-24245.0,1382.1540519453738,412175.0,1102.309684605304,0.023396404581565663,0.004379515895953757,0.02777592047751942,7.946328450048005,35.881017277697566,83.44422622720364,25.497897777155433,0.0,33.44422622720342,1.0950576691467744,1611056697791.0,0.189385689656103,1.0,0.189385689656103,1.000460263529268,18.0,0.10215851765737255,1360.0
838470,long,close,1383.1,-21693.0,1382.1540519453738,390482.0,1088.7765967332,0.0107343776937097,0.003921083074253489,0.01465546076796319,7.950249533122259,35.887319125827794,83.45888168797161,25.508632154849142,0.0,33.458881687971385,1.0950775574328633,1611056767409.0,0.1983202293779607,1.0,0.1983202293779607,1.000460007988715,69618.0,0.10226194190240605,1361.25
838489,long,close,1384.05,-22969.0,1382.1540519453738,367513.0,1073.0958403226937,0.022764614020246418,0.00414887467938297,0.02691348869962939,7.954398407801642,35.898891925968634,83.48579517667125,25.53139676886939,0.0,33.48579517667101,1.0951396434223668,1611056769902.0,0.21279979991815481,1.0,0.21279979991815481,1.000459884633194,2493.0,0.10226425919091506,1361.25
838492,long,close,1384.1,-22969.0,1382.1540519453738,344544.0,1055.8596851609655,0.023364119067481703,0.004148724803121162,0.027512843870602866,7.958547132604763,35.91072244883299,83.51330802054184,25.55476088793687,0.0,33.513308020541615,1.095203563073194,1611056770156.0,0.22464173387088607,1.0,0.22464173387088607,1.0004597678393614,254.0,0.10226462507857438,1362.5
838512,long,close,1383.1,-21534.0,1382.1540519453738,323010.0,1038.1115329269303,0.010655699500131136,0.0038923432868194635,0.014548042786950599,7.962439475891583,35.91697810723138,83.5278560633288,25.565416587437,0.0,33.527856063328564,1.0952372698216264,1611056770707.0,0.2362678588347447,1.0,0.2362678588347447,1.0004595121470852,551.0,0.10226706432963649,1363.75
838517,long,close,1383.1,-21534.0,1382.1540519453738,301476.0,1018.5447689279723,0.010655699500131136,0.0038923432868194635,0.014548042786950599,7.966331819178403,35.923233765629774,83.54240410611575,25.57607228693713,0.0,33.54240410611551,1.0952710100886476,1611056771070.0,1.0,1.0,1.0,1.0004592568851383,363.0,0.10226767414240201,1363.75
838550,long,close,1383.1,-21534.0,1382.1540519453738,279942.0,996.8647754079998,0.010655699500131136,0.0038923432868194635,0.014548042786950599,7.970224162465223,35.92948942402816,83.55695214890271,25.58672798643726,0.0,33.55695214890246,1.0953039962781668,1611056775095.0,0.26325875665246123,1.0,0.26325875665246123,1.0004590020523765,4025.0,0.1022716989066545,1365.0
838605,long,close,1384.45,-23328.0,1382.1540519453738,256614.0,970.5119516873281,0.027990189434889633,0.0042125031600996786,0.03220269259498931,7.974436665625322,35.94333658184401,83.5891548414977,25.61471817587215,0.0,33.589154841497454,1.0953769792074817,1611056784073.0,0.27914905242027643,1.0,0.27914905242027643,1.0004589363321679,8978.0,0.1022784068470753,1366.25
838625,long,close,1384.55,-23328.0,1382.1540519453738,233286.0,940.6666963918874,0.02920719226182927,0.004212198909392944,0.03341939117122222,7.978648864534715,35.95770692004764,83.62257423266894,25.643925368133978,0.0,33.622574232668676,1.095453227722763,1611056790773.0,0.2987377060679013,1.0,0.2987377060679013,1.000458883582186,6700.0,0.10228084609813741,1367.5
838652,long,close,1384.7,-23328.0,1382.1540519453738,209958.0,906.5846946718946,0.03103236691744892,0.004211742615729039,0.03524410953317796,7.982860607150443,35.972861887146905,83.6578183422021,25.674957735051425,0.0,33.65781834220186,1.095534690304502,1611056792568.0,0.3200327480180083,1.0,0.3200327480180083,1.0004588502329606,1795.0,0.10228413908707126,1367.5
838654,long,close,1384.85,-23328.0,1382.1540519453738,186630.0,867.2976272321861,0.03285714618555384,0.0042112864209120126,0.037068432606465855,7.987071893571355,35.988801313167684,83.69488677480857,25.707814881236978,0.0,33.694886774808325,1.0956206053414255,1611056793155.0,1.0,1.0,1.0,1.0004588362040192,587.0,0.10228438301217747,1368.75
838684,long,close,1385.1,-23328.0,1382.1540519453738,163302.0,821.5127369872838,0.03589756667570859,0.0042105263157894745,0.04010809299149807,7.991282419887145,36.00604779315403,83.73499486780007,25.743712447912685,0.0,33.73499486779982,1.0957123652948304,1611056799458.0,0.37367927262524925,1.0,0.37367927262524925,1.0004588543370705,6303.0,0.10228804188877064,1370.0
838699,long,close,1385.35,-23328.0,1382.1540519453738,139974.0,767.4790538117157,0.03893688981844454,0.00420976648500379,0.04314665630344833,7.995492186372148,36.02460085536451,83.77814152410352,25.78264933773113,0.0,33.77814152410327,1.095811731977118,1611056802841.0,0.406871421979507,1.0,0.406871421979507,1.0004589044884917,3383.0,0.10228987132706722,1371.25
838707,long,close,1385.75,-23329.0,1382.1540519453738,116645.0,702.7436513407355,0.04379940331255122,0.004208731733718203,0.048008135046269426,7.999700918105867,36.045244353434406,83.82614965914978,25.82644874104368,0.0,33.826149659149536,1.0959221158054235,1611056807223.0,0.44602349226814225,1.0,0.44602349226814225,1.0004590058454361,4382.0,0.10229084702749207,1371.25
838893,long,close,1383.1,-23329.0,1382.1540519453738,93316.0,623.9513892534943,0.011543921874178473,0.004216795604077797,0.01576071747825627,8.003917713709944,36.052021461950055,83.84191037662804,25.83799266291786,0.0,33.841910376627794,1.0959496830959448,1611056850693.0,0.4915024230530134,1.0,0.4915024230530134,1.0004587653611388,43470.0,0.10231353206236969,1372.5
838894,long,close,1383.15,-93316.0,1382.1540519453738,0.0,0.0,0.04861463951440539,0.016866572678306765,0.06548121219271215,8.02078428638825,36.08017838319292,83.90739158882076,25.886607302432264,0.0,33.90739158882051,1.096101345535149,1611056850710.0,1.0,1.0,1.0,1.0004590509913802,17.0,0.1023136540249228,
838899,long,entry,1383.4,53537.0,1383.4,53537.0,440.42406601961346,0.0,0.00967489518577418,0.00967489518577418,8.030459181574026,36.084338588122804,83.91706648400653,25.886607302432264,0.0,33.917066484006284,1.096123590620242,1611056851463.0,1.0,1.0,1.0,1.000458746469182,753.0,0.10231426383768834,1375.0
838920,long,close,1384.35,-53537.0,1383.4,0.0,0.0,0.026557302492824685,0.009668255860150975,0.03622555835297566,8.040127437434176,36.099915578214585,83.9532920423595,25.91316460492509,0.0,33.95329204235926,1.096206414642979,1611056856453.0,0.6812678636419065,1.0,0.6812678636419065,1.0004587225187522,4990.0,0.10231682505130354,
838922,long,entry,1384.6,53613.0,1384.6,53613.0,440.80751079202935,0.0,0.009680232558139535,0.009680232558139535,8.049807669992315,36.104078078214584,83.96297227491763,25.91316460492509,0.0,33.9629722749174,1.09622831132677,1611056858901.0,1.0,1.0,1.0,1.0004584188260537,2448.0,0.10231706897640976,1376.25
838970,long,close,1385.55,-53613.0,1384.6,0.0,0.0,0.0265489399306677,0.00967359532315687,0.03622253525382457,8.059481265315473,36.11965376837372,83.99919481017145,25.939713544855756,0.0,33.999194810171225,1.0963099230060174,1611056869525.0,0.6814399199334928,1.0,0.6814399199334928,1.000458394967075,10624.0,0.10232292317895883,
838976,long,entry,1385.55,53679.0,1385.55,53679.0,441.1092840731096,0.0,0.009685503951499405,0.009685503951499405,8.069166769266973,36.123818535072864,84.00888031412295,25.939713544855756,0.0,34.00888031412273,1.0963318344590998,1611056871906.0,1.0,1.0,1.0,1.0004580920994375,2381.0,0.10232365495427746,1378.0
839011,long,close,1386.5,-53679.0,1385.55,0.0,0.0,0.02654519654936589,0.009678867652362064,0.036224064201727954,8.078845636919334,36.13939488267961,84.04510437832468,25.966258741405124,0.0,34.04510437832445,1.0964112920854099,1611056892747.0,0.6815095421854804,1.0,0.6815095421854804,1.0004580683788147,20841.0,0.10232792364363616,
840345,long,entry,1383.75,53638.0,1383.75,53638.0,440.53303155194897,0.0,0.009690695573622402,0.009690695573622402,8.088536332492957,36.14356188177627,84.0547950738983,25.966258741405124,0.0,34.05479507389808,1.0963302211950046,1611057393020.0,1.0,1.0,1.0,1.0004577663316367,500273.0,0.10249062168947895,1376.25
840353,long,close,1384.7,-53638.0,1383.75,0.0,0.0,0.026593950443971077,0.009684047086011411,0.03627799752998249,8.098220379578969,36.15916142071416,84.09107307142828,25.992852691849095,0.0,34.09107307142806,1.0964134291237062,1611057395696.0,0.681569242435976,1.0,0.681569242435976,1.0004577432970483,2676.0,0.1024915973899038,
858910,long,entry,1396.15,54149.0,1396.15,54149.0,444.4849132139346,0.0,0.009696128639472836,0.009696128639472836,8.107916508218441,36.16333075602913,84.10076920006776,25.992852691849095,0.0,34.10076920006754,1.0948419090049046,1611065230640.0,1.0,1.0,1.0,1.0004574420685741,7834944.0,0.10475485648788338,1388.4
858924,long,close,1397.1,-54149.0,1396.15,0.0,0.0,0.02637269259894986,0.009689535466323099,0.03606222806527296,8.117606043684765,36.178837514097204,84.13683142813304,26.019225384448045,0.0,34.136831428132815,1.0949236940684994,1611065230670.0,0.6816010650329982,1.0,0.6816010650329982,1.0004574168975375,30.0,0.10475656396362687,
858964,long,entry,1396.0,54172.0,1396.0,54172.0,444.4335116261056,0.0,0.009701289398280803,0.009701289398280803,8.127307333083046,36.18300906853847,84.14653271753131,26.019225384448045,0.0,34.146532717531095,1.0949446502061357,1611065235872.0,1.0,1.0,1.0,1.0004571164834581,5202.0,0.10476144246575109,1388.4
859385,long,reentry,1388.4,100380.0,1391.0638749417672,154552.0,803.5111834371696,0.0,0.018074762316335348,0.018074762316335348,8.14538209539938,36.190781216334486,84.16460747984765,26.019225384448045,0.0,34.16460747984743,1.0949793811604125,1611065267055.0,0.6798836664918028,1.0,0.6798836664918028,1.0004569039003244,31183.0,0.10481278870060852,1379.3
859589,long,close,1392.05,-22078.0,1391.0638749417672,132474.0,748.871686608377,0.011243196905553598,0.003965015624438777,0.015208212529992375,8.14934711102382,36.19732074772239,84.17981569237764,26.0304685813536,0.0,34.179815692377424,1.0950099902757753,1611065286329.0,0.420496063295828,1.0,0.420496063295828,1.0004566617916941,19274.0,0.10483766906144205,1380.6
859745,long,close,1392.05,-22079.0,1391.0638749417672,110395.0,683.7730844445321,0.011243706154439618,0.003965195215689092,0.01520890137012871,8.15331230623951,36.203860575311545,84.19502459374777,26.041712287508037,0.0,34.195024593747554,1.0950391184816008,1611065312959.0,0.46135964424341724,1.0,0.46135964424341724,1.000456420085704,26630.0,0.10485669521972651,1380.6
859798,long,close,1392.05,-22079.0,1391.0638749417672,88316.0,604.8983498345467,0.011243706154439618,0.003965195215689092,0.01520890137012871,8.1572775014552,36.210400402900696,84.2102334951179,26.052955993662476,0.0,34.210233495117684,1.0950665065755971,1611065348224.0,0.5085365597322418,1.0,0.5085365597322418,1.000456178774144,35265.0,0.10486315923504111,1381.9
859799,long,close,1392.2,-88316.0,1391.0638749417672,0.0,0.0,0.05181038597220833,0.015859071972417756,0.06766945794462609,8.173136573427618,36.239498269816885,84.27790295306252,26.104766379634682,0.0,34.27790295306231,1.095219727905716,1611065348366.0,1.0,1.0,1.0,1.0004564823917876,142.0,0.10486328119759422,
859898,long,entry,1392.95,54145.0,1392.95,54145.0,443.46659973312654,0.0,0.009717685487634159,0.009717685487634159,8.182854258915253,36.243676874576565,84.28762063855015,26.104766379634682,0.0,34.287620638549946,1.095238191804648,1611065365963.0,1.0,1.0,1.0,1.0004561843697186,17597.0,0.10487535549035167,1384.5
860237,long,reentry,1384.5,100330.0,1387.4618077358796,154475.0,801.577375707105,0.0,0.018116648609606354,0.018116648609606354,8.200970907524859,36.2514670334787,84.30573728715976,26.104766379634682,0.0,34.30573728715955,1.0952594699916076,1611065464139.0,0.6796803064515682,1.0,0.6796803064515682,1.0004559738330623,98176.0,0.10491670079585444,1375.4
860670,long,close,1388.45,-22067.0,1387.4618077358796,132408.0,747.0811105068475,0.011319662090986228,0.003973315567719399,0.015292977658705628,8.204944223092578,36.25804301387194,84.32103026481846,26.11608604172567,0.0,34.321030264818255,1.0952781568366239,1611065543339.0,0.41979850479019576,1.0,0.41979850479019576,1.0004557344150402,79200.0,0.10496951058134915,1376.7
860677,long,close,1388.45,-22068.0,1387.4618077358796,110340.0,682.1509219791232,0.011320175058860927,0.003973495624617379,0.015293670683478306,8.208917718717196,36.264619292265834,84.33632393550194,26.12740621678453,0.0,34.33632393550173,1.0953115121627086,1611065549491.0,0.462028436302407,1.0,0.462028436302407,1.0004554953926754,6152.0,0.10497036431922088,1378.0
860861,long,close,1392.4,-27585.0,1387.4618077358796,82755.0,580.9060878449712,0.07051084693776392,0.004952779373743177,0.0754636263115071,8.21387049809094,36.29706865157978,84.41178756181344,26.197917063722294,0.0,34.41178756181324,1.0954624539186362,1611065647182.0,0.5086606965252831,1.0,0.5086606965252831,1.0004558776399768,97691.0,0.10499280542899231,1378.0
860865,long,close,1392.5,-82755.0,1387.4618077358796,0.0,0.0,0.21580064512099406,0.014857271095152603,0.23065791621614667,8.228727769186092,36.39625155555272,84.64244547802959,26.413717708843286,0.0,34.64244547802939,1.0959829134997061,1611065647776.0,0.5828172732629745,1.0,0.5828172732629745,1.000457855092324,594.0,0.10499329327920473,
861194,long,entry,1388.85,54219.0,1388.85,54219.0,442.16049408674127,0.0,0.0097596932714116,0.0097596932714116,8.238487462457503,36.400448223659424,84.65220517130099,26.413717708843286,0.0,34.6522051713008,1.0959793838241498,1611065773910.0,1.0,1.0,1.0,1.000457557430513,126134.0,0.10503341895917645,1380.6
861221,long,close,1389.8,-54219.0,1388.85,0.0,0.0,0.026685015420467695,0.009753022017556484,0.03643803743802418,8.248240484475058,36.41611657975778,84.68864320873902,26.440402724263755,0.0,34.688643208738824,1.0960585045594577,1611065788622.0,0.6815208743567968,1.0,0.6815208743567968,1.0004575338942676,14712.0,0.1050367119481103,
886620,long,entry,1407.1,54961.0,1407.1,54961.0,447.968176954676,0.0,0.009764942079454197,0.009764942079454197,8.258005426554513,36.42031550485195,84.69840815081848,26.440402724263755,0.0,34.69840815081828,1.094082599003325,1611075860565.0,1.0,1.0,1.0,1.0004572370266545,10071943.0,0.10813443883443803,1398.8
886636,long,close,1408.1,-54961.0,1407.1,0.0,0.0,0.02773934260196219,0.009758007243803707,0.037497349845765894,8.267763433798317,36.43643936528562,84.73590550066424,26.468142066865717,0.0,34.735905500664046,1.094164185202247,1611075865860.0,0.6816599083608045,1.0,0.6816599083608045,1.000457224443447,5295.0,0.10813639023528772,
887923,long,entry,1404.55,54892.0,1404.55,54892.0,447.15627248928996,0.0,0.009770389092591933,0.009770389092591933,8.27753382289091,36.44064063259544,84.74567588975684,26.468142066865717,0.0,34.74567588975664,1.0940942831470561,1611076336454.0,1.0,1.0,1.0,1.0004569283578788,470594.0,0.10829335604113455,1396.2
889014,long,close,1405.55,-54892.0,1404.55,0.0,0.0,0.027805169770102563,0.009763437800149408,0.037568607570251975,8.287297260691059,36.45679513385065,84.78324449732709,26.495947236635818,0.0,34.78324449732689,1.0941406713571515,1611076523189.0,0.6797448361759786,1.0,0.6797448361759786,1.0004569165772328,186735.0,0.1084264171865727,
889740,long,entry,1399.75,54735.0,1399.75,54735.0,445.62830033339577,0.0,0.009775852830862655,0.009775852830862655,8.297073113521922,36.46099875056792,84.79302035015795,26.495947236635818,0.0,34.793020350157754,1.0940931580425033,1611076878862.0,1.0,1.0,1.0,1.000456621269716,355673.0,0.10851496200012734,1392.3
890160,long,reentry,1392.3,101423.0,1394.9113023348145,156158.0,805.7061449560449,0.0,0.0182114127702363,0.0182114127702363,8.315284526292158,36.46882965805912,84.81123176292819,26.495947236635818,0.0,34.81123176292799,1.094119560871279,1611076948991.0,0.6799222120068983,1.0,0.6799222120068983,1.0004564123961606,70129.0,0.10856618627243166,1383.2
891119,long,close,1395.9,-22308.0,1394.9113023348145,133850.0,750.9136161499554,0.01132721761069222,0.003995271867612293,0.015322489478304512,8.319279798159771,36.47541832853479,84.8265542524065,26.50727445424651,0.0,34.8265542524063,1.0941067460644678,1611077188631.0,0.420146711078773,1.0,0.420146711078773,1.0004561744457157,239640.0,0.10868314836085988,1384.5
891123,long,close,1395.9,-22308.0,1394.9113023348145,111542.0,685.636026642978,0.01132721761069222,0.003995271867612293,0.015322489478304512,8.323275070027384,36.482006999010466,84.8418767418848,26.5186016718572,0.0,34.841876741884604,1.094140359554704,1611077188687.0,1.0,1.0,1.0,1.0004559368774455,56.0,0.1086836362110723,1384.5
891338,long,close,1395.9,-22308.0,1394.9113023348145,89234.0,606.5453289680768,0.01132721761069222,0.003995271867612293,0.015322489478304512,8.327270341894996,36.48859566948614,84.85719923136311,26.529928889467893,0.0,34.85719923136291,1.0941573230998518,1611077274588.0,0.5083460423484436,1.0,0.5083460423484436,1.0004556996903733,85901.0,0.10870985815998999,1385.8
891341,long,close,1396.0,-89234.0,1394.9113023348145,0.0,0.0,0.049889096763893304,0.015980300859598853,0.06586939762349216,8.343250642754596,36.516919510464234,84.9230686289866,26.579817986231788,0.0,34.92306862898641,1.0943014866739311,1611077276017.0,0.5654963795493558,1.0,0.5654963795493558,1.0004559754969073,1429.0,0.10871022404764931,
892661,long,entry,1392.4,54538.0,1392.4,54538.0,443.29178385713806,0.0,0.009792085607584027,0.009792085607584027,8.35304272836218,36.521130107275496,84.93286071459418,26.579817986231788,0.0,34.93286071459399,1.0941639965888057,1611078095842.0,1.0,1.0,1.0,1.0004556825234812,819825.0,0.10887121461774862,1384.5
892780,long,close,1393.35,-54538.0,1392.4,0.0,0.0,0.02670536857846798,0.009785409265439408,0.03649077784390739,8.36282813762762,36.536821141748376,84.96935149243808,26.606523354810257,0.0,34.9693514924379,1.094236101578013,1611078135720.0,0.6813143178597139,1.0,0.6813143178597139,1.0004556601521497,39878.0,0.10888572816156819,
892852,long,entry,1391.9,54548.0,1391.9,54548.0,443.1318827089596,0.0,0.009797399238451037,0.009797399238451037,8.372625536866071,36.541034023420906,84.97914889167653,26.606523354810257,0.0,34.97914889167635,1.0942466829558415,1611078191704.0,1.0,1.0,1.0,1.0004553679522237,55984.0,0.10889450946539178,1384.5
893232,long,reentry,1384.5,101077.0,1387.0937683534137,155625.0,801.1936323574288,0.0,0.0182515348501264,0.0182515348501264,8.390877071716197,36.54888218340646,84.99740042652665,26.606523354810257,0.0,34.99740042652648,1.0942729439512877,1611078262125.0,0.6799220754025356,1.0,0.6799220754025356,1.0004551615883854,70421.0,0.10894085523557188,1375.4
893364,long,close,1388.05,-22232.0,1387.0937683534137,133393.0,746.7091369860161,0.011041567081976369,0.004004178523828393,0.015045745605804762,8.394881250240026,36.555351854016955,85.01244617213246,26.61756492189223,0.0,35.012446172132286,1.0943027889207162,1611078277818.0,0.42072617138498386,1.0,0.42072617138498386,1.000454923211314,15693.0,0.10895695429258183,1376.7
894049,long,reentry,1376.7,247177.0,1380.3431036129148,380570.0,1076.25668071443,0.0,0.044885777584077864,0.044885777584077864,8.439767027824104,36.57465273837811,85.05733194971654,26.61756492189223,0.0,35.057331949716364,1.0943799063572854,1611078385881.0,0.45757000073658566,1.0,0.45757000073658566,1.000454985766779,108063.0,0.10904049864145912,1360.0
894440,long,close,1381.3,-21142.0,1380.3431036129148,359428.0,1061.2070231429582,0.010610501759554308,0.003826467820169406,0.014436969579723714,8.443593495644274,36.5808606352974,85.07176891929628,26.628175423651786,0.0,35.07176891929609,1.094403316816449,1611078427736.0,0.2175808362368288,1.0,0.2175808362368288,1.0004547417170029,41855.0,0.10908818599972339,1360.0
894444,long,close,1381.3,-21142.0,1380.3431036129148,338286.0,1044.7715347089315,0.010610501759554308,0.003826467820169406,0.014436969579723714,8.447419963464444,36.58706853221668,85.08620588887601,26.63878592541134,0.0,35.08620588887582,1.0944347757389854,1611078428059.0,1.0,1.0,1.0,1.0004544980598393,323.0,0.10908867384993581,1361.25
894459,long,close,1382.35,-22552.0,1380.3431036129148,315734.0,1025.4442973852601,0.023719468177262424,0.004078561869280573,0.027798030046542997,8.451498525333724,36.5990216851367,85.11400391892255,26.662505393588603,0.0,35.11400391892236,1.0944948749996795,1611078431058.0,0.24368645236069822,1.0,0.24368645236069822,1.0004543889207214,2999.0,0.10909050328823239,1362.5
894460,long,close,1382.45,-22552.0,1380.3431036129148,293182.0,1004.0096208949557,0.024899564924134806,0.004078266845093855,0.028977831769228662,8.455576792178817,36.61148215279747,85.14298175069179,26.687404958512737,0.0,35.14298175069158,1.0945580749674815,1611078431259.0,1.0,1.0,1.0,1.0004542917053918,201.0,0.1090906252507855,1362.5
894461,long,close,1382.5,-22552.0,1380.3431036129148,270630.0,980.1060769775562,0.02548954927785573,0.004078119349005425,0.02956766862686116,8.459654911527823,36.624196250307016,85.17254941931864,26.712894507790594,0.0,35.17254941931844,1.0946224810764638,1611078431782.0,1.0,1.0,1.0,1.0004542004635695,523.0,0.1090907472133386,1363.75
894465,long,close,1382.75,-24602.0,1380.3431036129148,246028.0,950.6705239281906,0.031023950031521138,0.0044480202495028025,0.03547197028102394,8.464102931777326,36.63944919752785,85.20802138959966,26.743918457822115,0.0,35.208021389599466,1.0946996514741907,1611078432780.0,0.29108815089685275,1.0,0.29108815089685275,1.0004541683261658,998.0,0.10909123506355103,1365.0
897296,long,reentry,1365.0,304113.0,1371.8615738432113,550141.0,1156.0068199273744,0.0,0.05569835164835165,0.05569835164835165,8.519801283425677,36.663399488736644,85.26371974124801,26.743918457822115,0.0,35.26371974124782,1.0947199280468192,1611078952463.0,0.3035125653480416,1.0,0.3035125653480416,1.0004543381021493,519683.0,0.10943651105139282,0.05
898143,long,close,1372.8,-28954.0,1371.8615738432113,521187.0,1144.5731400778145,0.014427500975996196,0.005272800116550116,0.019700301092546314,8.525074083542227,36.671870618206434,85.28342004234055,26.75834595879811,0.0,35.28342004234037,1.0947377608847155,1611079081282.0,0.1508690906953325,1.0,0.1508690906953325,1.0004541482113243,128819.0,0.10953981333387322,1345.0
898151,long,close,1373.7,-28954.0,1371.8615738432113,492233.0,1132.0231469763821,0.028245714865187867,0.005269345563077819,0.033515060428265686,8.530343429105304,36.686282094190595,85.31693510276882,26.7865916736633,0.0,35.31693510276863,1.0948106548138086,1611079081400.0,0.16667408803945066,1.0,0.16667408803945066,1.0004540962439494,118.0,0.10954078903429806,1346.25
898159,long,close,1372.8,-25907.0,1371.8615738432113,466326.0,1119.7782466709045,0.012909210049911357,0.0047179122960372966,0.017627122345948654,8.535061341401342,36.69386175679936,85.33456222511478,26.79950088371321,0.0,35.33456222511458,1.0948487499758015,1611079082662.0,0.17569129325247057,1.0,0.17569129325247057,1.0004538861257055,1262.0,0.10954176473472291,1347.5
898192,long,close,1372.8,-24543.0,1371.8615738432113,441783.0,1107.1374704182306,0.012229541909714535,0.00446951486013986,0.016699056769854396,8.539530856261482,36.70104235121039,85.35126128188463,26.811730425622926,0.0,35.35126128188443,1.0948845485922165,1611079085319.0,0.18347801759449872,1.0,0.18347801759449872,1.0004536671009665,2657.0,0.1095457894989754,1348.75
898200,long,close,1372.8,-23251.0,1371.8615738432113,418532.0,1094.100582931824,0.011585750680143937,0.0042342293123543125,0.015819979992498248,8.543765085573837,36.70784494260717,85.36708126187713,26.82331617630307,0.0,35.36708126187693,1.0949184407256851,1611079087919.0,0.19340123093528294,1.0,0.19340123093528294,1.0004534396843496,2600.0,0.10954676519940024,1350.0
899057,long,close,1372.8,-22028.0,1371.8615738432113,396504.0,1080.6680003732818,0.010976341489923472,0.0040115093240093245,0.014987850813932797,8.547776594897845,36.71428971845716,85.38206911269107,26.834292517792992,0.0,35.382069112690864,1.0949227046997287,1611079233292.0,0.1971966225690105,1.0,0.1971966225690105,1.0004532043678338,145373.0,0.10965128710741169,1350.0
899107,long,close,1372.8,-22028.0,1371.8615738432113,374476.0,1066.0401499661245,0.010976341489923472,0.0040115093240093245,0.014987850813932797,8.551788104221854,36.72073449430715,85.39705696350501,26.845268859282914,0.0,35.397056963504795,1.0949525738434347,1611079247152.0,0.21228369387471266,1.0,0.21228369387471266,1.0004529694234587,13860.0,0.10965738523506696,1351.25
899119,long,close,1372.8,-22028.0,1371.8615738432113,352448.0,1050.050065880884,0.010976341489923472,0.0040115093240093245,0.014987850813932797,8.555799613545863,36.727179270157144,85.41204481431895,26.856245200772836,0.0,35.412044814318726,1.0949845364257242,1611079250236.0,0.2233424523050236,1.0,0.2233424523050236,1.0004527348502898,3084.0,0.10965884878570423,1352.5
899149,long,close,1373.85,-23496.0,1371.8615738432113,328952.0,1031.2250866156776,0.024788702268652228,0.004275575936237581,0.02906427820488981,8.5600751894821,36.739676909785246,85.44110909252383,26.881033903041487,0.0,35.44110909252362,1.0950460904525616,1611079258333.0,0.23521480999207287,1.0,0.23521480999207287,1.0004526398688436,8097.0,0.1096625076622974,1353.75
899428,long,close,1372.8,-21930.0,1371.8615738432113,307022.0,1011.830729243736,0.010927509028237777,0.003993662587412588,0.014921171615650364,8.564068852069513,36.74609301357998,85.45603026413949,26.891961412069726,0.0,35.456030264139265,1.0950640197242263,1611079332545.0,0.24670361472977279,1.0,0.24670361472977279,1.0004524052346202,74212.0,0.10969653521461385,1353.75
899576,long,close,1372.8,-21930.0,1371.8615738432113,285092.0,990.3398744180953,0.010927509028237777,0.003993662587412588,0.014921171615650364,8.568062514656924,36.75250911737471,85.47095143575514,26.902888921097965,0.0,35.47095143575491,1.0950798148148557,1611079417646.0,0.26213758532506676,1.0,0.26213758532506676,1.000452170970407,85101.0,0.10971458567247347,1355.0
899604,long,close,1374.1,-23757.0,1371.8615738432113,261335.0,964.215875573516,0.028210172289123137,0.004322283676588313,0.03253245596571145,8.572384798333513,36.76649807343996,85.50348389172085,26.93109909338709,0.0,35.50348389172063,1.0951490949230616,1611079424407.0,0.2786511221370127,1.0,0.2786511221370127,1.0004521106943767,6761.0,0.10971800062396042,1356.25
899605,long,close,1374.25,-23757.0,1371.8615738432113,237578.0,934.623762406325,0.03009728904804748,0.004321811897398581,0.03441910094544606,8.57670661023091,36.78129828684651,85.53790299266629,26.961196382435137,0.0,35.537902992666076,1.0952237138377365,1611079424661.0,1.0,1.0,1.0,1.0004520689723735,254.0,0.10971812258651353,1356.25
899606,long,close,1374.4,-23757.0,1371.8615738432113,213821.0,900.8262052442637,0.03198399389266523,0.004321340221187427,0.03630533411385266,8.581027950452098,36.79690958051546,85.57420832678014,26.993180376327803,0.0,35.57420832677993,1.095302310026512,1611079425363.0,1.0,1.0,1.0,1.0004520457312303,702.0,0.10971824454906663,1357.5
899609,long,close,1374.55,-23757.0,1371.8615738432113,190064.0,861.8609215873856,0.03387028695782148,0.004320868647921138,0.03819115560574262,8.58534881910002,36.81333177742593,85.61239948238588,27.027050663285625,0.0,35.612399482385676,1.0953848727665152,1611079426540.0,1.0,1.0,1.0,1.0004520408968456,1177.0,0.10971861043672596,1358.75
899619,long,close,1374.75,-23758.0,1371.8615738432113,166306.0,816.4432171403738,0.03638623560131675,0.00432042189488998,0.04070665749620673,8.58966924099491,36.830835640149296,85.65310613988208,27.06343689888694,0.0,35.653106139881885,1.0954720544880332,1611079431802.0,0.3729868527246112,1.0,0.3729868527246112,1.0004520605736034,5262.0,0.10971983006225701,1360.0
899627,long,close,1375.05,-23758.0,1371.8615738432113,142548.0,762.8281605446747,0.04015664851274927,0.004319479291662122,0.04447612780441139,8.593988720286573,36.84996037510519,85.6975822676865,27.10359354739969,0.0,35.69758226768629,1.0955662137400743,1611079442925.0,0.40622311480700085,1.0,0.40622311480700085,1.00045211694605,11123.0,0.10972080576268185,1361.25
899634,long,close,1375.4,-23758.0,1371.8615738432113,118790.0,698.5830495799538,0.044553384740996044,0.00431838010760506,0.048871764848601104,8.598307100394178,36.870975233990094,85.7464540325351,27.148146932140687,0.0,35.74645403253489,1.0956720111672422,1611079442994.0,1.0,1.0,1.0,1.0004522159886358,69.0,0.10972165950055358,1361.25
899675,long,close,1376.75,-29697.0,1371.8615738432113,89093.0,597.7941549911925,0.07686281067940325,0.005392591247503177,0.08225540192690642,8.603699691641681,36.90634505681866,85.828709434462,27.22500974282009,0.0,35.8287094344618,1.0958482347223542,1611079451905.0,0.49216120268976893,1.0,0.49216120268976893,1.000452640563174,8911.0,0.10972665996523091,1362.5
899676,long,close,1376.8,-89093.0,1371.8615738432113,0.0,0.0,0.23294371555567106,0.0161775493898896,0.24912126494556067,8.61987724103157,37.013467200745254,86.07783069940757,27.457953458375762,0.0,36.07783069940736,1.0963863703134422,1611079451979.0,1.0,1.0,1.0,1.0004546881842735,74.0,0.10972678192778403,
901834,long,entry,1364.7,54179.0,1364.7,54179.0,434.468212195668,0.0,0.009925075108082363,0.009925075108082363,8.629802316139653,37.017734983041734,86.08775577451566,27.457953458375762,0.0,36.087755774515436,1.0962014234917745,1611080497245.0,1.0,1.0,1.0,1.000454404369713,1045266.0,0.10998997711738578,1357.5
902326,long,reentry,1357.5,100393.0,1360.023670522475,154572.0,785.5433967195323,0.0,0.018488581952117864,0.018488581952117864,8.648290898091771,37.02568507328114,86.10624435646777,27.457953458375762,0.0,36.106244356467556,1.0962317407967501,1611080545336.0,0.6799379629484195,1.0,0.6799379629484195,1.0004542041452444,48091.0,0.11004998269351371,1348.75
902553,long,close,1360.95,-22081.0,1360.023670522475,132491.0,732.1240588707705,0.011050847481560752,0.004056173996105661,0.015107021477666413,8.652347072087876,37.03218109251653,86.12135137794543,27.46900430585732,0.0,36.121351377945224,1.0962567252610809,1611080583504.0,0.4204342653685021,1.0,0.4204342653685021,1.0004539714268295,38168.0,0.11007766819306868,1348.75
902683,long,close,1364.05,-26498.0,1360.023670522475,105993.0,654.0831843078788,0.05751030215798493,0.004856493530295811,0.06236679568828074,8.657203565618172,37.058998814662495,86.18371817363371,27.526514608015308,0.0,36.18371817363351,1.096386122234379,1611080607538.0,0.46208878522407665,1.0,0.46208878522407665,1.0004541967525733,24034.0,0.1100935233249724,1350.0
902774,long,close,1364.85,-26498.0,1360.023670522475,79495.0,555.3661395199639,0.0688967397129875,0.0048536469209070595,0.07375038663389456,8.662057212539079,37.09071148091507,86.2574685602676,27.595411347728295,0.0,36.257468560267405,1.0965371104498276,1611080645601.0,0.5202910272769499,1.0,0.5202910272769499,1.0004545313003417,38063.0,0.110104621917305,1351.25
902776,long,close,1364.95,-79495.0,1360.023670522475,0.0,0.0,0.21095997154245327,0.014560057144950364,0.22552002868740365,8.676617269684028,37.18768509325065,86.482988588955,27.80637131927075,0.0,36.48298858895481,1.0970210243855272,1611080645909.0,1.0,1.0,1.0,1.0004563278373055,308.0,0.1101048658424112,
902919,long,entry,1361.4,54303.0,1361.4,54303.0,433.420997031841,0.0,0.009971903922432789,0.009971903922432789,8.68658917360646,37.19197301193729,86.49296049287743,27.80637131927075,0.0,36.492960492877245,1.097033598835494,1611080690199.0,1.0,1.0,1.0,1.000456044075973,44290.0,0.1101223064875053,1353.75
903156,long,reentry,1353.75,100623.0,1356.4313959567794,154926.0,783.549532219177,0.0,0.018582271468144042,0.018582271468144042,8.705171445074605,37.1999633886686,86.51154276434558,27.80637131927075,0.0,36.511542764345386,1.0970665224518426,1611080724913.0,0.6798249264742254,1.0,0.6798249264742254,1.0004558435508686,34714.0,0.11015121161259131,1345.0
904728,long,close,1357.4,-22132.0,1356.4313959567794,132794.0,730.2690962668853,0.011642902506945305,0.004076175040518638,0.015719077547463944,8.709247620115123,37.20672259201401,86.52726184189305,27.818014221777695,0.0,36.52726184189285,1.097046990891554,1611080992677.0,0.41819229090835197,1.0,0.41819229090835197,1.0004556158250435,267764.0,0.11034293674607323,1346.25
904743,long,close,1357.4,-22132.0,1356.4313959567794,110662.0,666.7919418389074,0.011642902506945305,0.004076175040518638,0.015719077547463944,8.713323795155642,37.21348179535943,86.54298091944052,27.82965712428464,0.0,36.54298091944032,1.0970801666346963,1611080995091.0,0.46179084182711033,1.0,0.46179084182711033,1.0004553884498377,2414.0,0.11034476618436982,1346.25
904747,long,close,1357.4,-22132.0,1356.4313959567794,88530.0,589.8811889138013,0.011642902506945305,0.004076175040518638,0.015719077547463944,8.71739997019616,37.22024099870484,86.558699996988,27.841300026791586,0.0,36.558699996987784,1.0971137762071113,1611080995295.0,0.5087184071918163,1.0,0.5087184071918163,1.0004551614243888,204.0,0.11034525403458224,1347.5
904748,long,close,1357.45,-88530.0,1356.4313959567794,0.0,0.0,0.048974970682282286,0.01630446793620391,0.0652794386184862,8.733704438132364,37.24831115731079,86.62397943560649,27.890274997473867,0.0,36.62397943560627,1.0972534293020153,1611080995483.0,1.0,1.0,1.0,1.0004554091110056,188.0,0.11034537599713534,
904827,long,entry,1354.4,54112.0,1354.4,54112.0,431.1932161992975,0.0,0.009988186650915535,0.009988186650915535,8.743692624783279,37.25260607757068,86.6339676222574,27.890274997473867,0.0,36.63396762225719,1.0972715863420763,1611081011600.0,1.0,1.0,1.0,1.000455127520124,16117.0,0.11035501103883068,1346.25
905443,long,close,1355.35,-54112.0,1354.4,0.0,0.0,0.028003917271167543,0.009981185671597743,0.03798510294276529,8.753673810454876,37.268939671836065,86.67195272520016,27.918278914745034,0.0,36.67195272519995,1.097323574623053,1611081158409.0,0.6801237268551206,1.0,0.6801237268551206,1.0004551137297337,146809.0,0.1104301399715437,
907435,long,entry,1350.0,53966.0,1350.0,53966.0,429.7919808206072,0.0,0.009993703703703704,0.009993703703703704,8.763667514158579,37.273236964428655,86.68194642890386,27.918278914745034,0.0,36.68194642890366,1.0972172812489265,1611081800122.0,1.0,1.0,1.0,1.000454832848353,641713.0,0.11067308937732995,1342.5
907724,long,reentry,1342.5,99998.0,1345.128828817126,153964.0,777.0056404429648,0.0,0.018621601489757916,0.018621601489757916,8.782289115648336,37.281244253069254,86.70056803039361,27.918278914745034,0.0,36.70056803039341,1.0972537346165578,1611081816667.0,0.6798450736931675,1.0,0.6798450736931675,1.0004546346362473,16545.0,0.11070833655517745,1333.75
908358,long,close,1346.05,-21994.0,1345.128828817126,131970.0,724.1723621255014,0.011189727003928113,0.004084915122023699,0.015274642125951813,8.786374030770359,37.28781234918341,86.71584267251956,27.92946864174896,0.0,36.715842672519365,1.09727604300757,1611081868400.0,0.4189960440849704,1.0,0.4189960440849704,1.0004544048537327,51733.0,0.11078566081384636,1335.0
908360,long,close,1346.05,-21995.0,1345.128828817126,109975.0,661.2249895846489,0.011190235766636303,0.00408510085063705,0.015275336617273353,8.790459131620995,37.29438074392883,86.73111800913682,27.9406588775156,0.0,36.73111800913664,1.0973084767815577,1611081869162.0,1.0,1.0,1.0,1.0004541754311511,762.0,0.11078590473895257,1335.0
908382,long,close,1346.05,-21995.0,1345.128828817126,87980.0,584.9556695141167,0.011190235766636303,0.00408510085063705,0.015275336617273353,8.794544232471631,37.300949138674255,86.74639334575409,27.951849113282236,0.0,36.74639334575391,1.097340681516507,1611081871051.0,0.5084742690320394,1.0,0.5084742690320394,1.0004539463610203,1889.0,0.11078858791512089,1336.25
908708,long,reentry,1336.25,163026.0,1339.3621142894222,251006.0,932.0816033271434,0.0,0.03050065481758653,0.03050065481758653,8.825044887289218,37.31406442024582,86.77689400057167,27.951849113282236,0.0,36.776894000571495,1.0973961773854641,1611081919005.0,0.5622244652640946,1.0,0.5622244652640946,1.0004538621269377,47954.0,0.1108283477074333,1323.75
908981,long,close,1340.3,-20917.0,1339.3621142894222,230089.0,905.5208699670333,0.01092821643662121,0.003901551891367605,0.014829768327988815,8.828946439180585,37.32044122062686,86.79172376889967,27.962777329718858,0.0,36.79172376889949,1.0974245018349984,1611081935525.0,0.3003703484127278,1.0,0.3003703484127278,1.0004536293911146,16520.0,0.11086164348443112,1325.0
909003,long,close,1340.3,-20917.0,1339.3621142894222,209172.0,875.5801268295727,0.01092821643662121,0.003901551891367605,0.014829768327988815,8.832847991071953,37.326818021007895,86.80655353722767,27.97370554615548,0.0,36.80655353722748,1.0974557637071858,1611081937260.0,0.32391020273488386,1.0,0.32391020273488386,1.0004533970138196,1735.0,0.11086432666059944,1326.25
909019,long,close,1342.0,-23241.0,1339.3621142894222,185931.0,837.4214186285704,0.03410831459542109,0.004329545454545454,0.03843786004996654,8.837177536526498,37.34334630082938,86.84499139727762,28.0078138607509,0.0,36.84499139727745,1.0975373918137874,1611081938640.0,0.3468500788261738,1.0,0.3468500788261738,1.0004533883126596,1380.0,0.11086627806144912,1326.25
909023,long,close,1342.2,-23241.0,1339.3621142894222,162690.0,792.9782928985159,0.036688881100887735,0.004328900312919088,0.041017781413806825,8.841506436839417,37.36098394683731,86.88600917869142,28.044502741851787,0.0,36.88600917869125,1.0976246721598755,1611081939074.0,0.37601324941055064,1.0,0.37601324941055064,1.0004534038350381,434.0,0.11086676591166154,1327.5
909057,long,close,1344.65,-27115.0,1339.3621142894222,135575.0,730.7675501262883,0.0796130757025669,0.005041274681143792,0.08465435038371069,8.84654771152056,37.39738531750231,86.97066352907514,28.124115817554355,0.0,36.97066352907496,1.0978039332710774,1611081943788.0,0.40934915429703483,1.0,0.40934915429703483,1.0004538307004534,4714.0,0.11087091263846714,1328.75
909100,long,close,1346.4,-33893.0,1339.3621142894222,101682.0,631.5320131195853,0.1322757121778415,0.006293263517528223,0.13856897569536974,8.85284097503809,37.45696997705132,87.10923250477052,28.256391529732195,0.0,37.10923250477033,1.0980976682289951,1611081948370.0,0.4569004866959323,1.0,0.4569004866959323,1.0004547633831264,4582.0,0.11087615702825067,1330.0
909199,long,close,1340.3,-20336.0,1339.3621142894222,81346.0,556.2870507627546,0.010624669381609645,0.0037931806312019698,0.014417850012811614,8.856634155669292,37.463169652556836,87.12365035478334,28.267016199113804,0.0,37.123650354783145,1.0981259683454776,1611081960015.0,0.5280558882639576,1.0,0.5280558882639576,1.000454526647801,11645.0,0.11088823132100813,1331.25
909282,long,close,1340.3,-81346.0,1339.3621142894222,0.0,0.0,0.04249972243884826,0.0151730955756174,0.05767281801446566,8.87180725124491,37.48796896430306,87.1813231727978,28.309515921552652,0.0,37.18132317279761,1.0982458165719808,1611081973220.0,0.5841310875320491,1.0,0.5841310875320491,1.0004546962446867,13205.0,0.11089835421291588,
909294,long,entry,1343.1,54006.0,1343.1,54006.0,427.59684700224346,0.0,0.010052490507035963,0.010052490507035963,8.881859741751946,37.49229153522108,87.19137566330484,28.309515921552652,0.0,37.19137566330465,1.098266819008693,1611081974923.0,1.0,1.0,1.0,1.0004544189177043,1703.0,0.11089981776355315,1335.0
909387,long,close,1344.05,-54006.0,1343.1,0.0,0.0,0.028421162848657543,0.010045385216323798,0.03846654806498134,8.89190512696827,37.50883215088903,87.22984221136983,28.33793708440131,0.0,37.22984221136963,1.0983441927259638,1611081996232.0,0.6811477223054744,1.0,0.6811477223054744,1.0004544081052689,21309.0,0.11091116028099196,
909475,long,entry,1342.65,54017.0,1342.65,54017.0,427.4483895275766,0.0,0.010057907868766989,0.010057907868766989,8.901963034837037,37.5131570512726,87.2399001192386,28.33793708440131,0.0,37.2399001192384,1.0983601399659826,1611082023083.0,1.0,1.0,1.0,1.0004541314641422,26851.0,0.11092189298566525,1335.0
909542,long,close,1343.6,-54017.0,1342.65,0.0,0.0,0.02844600320132605,0.010050796367966658,0.03849679956929271,8.912013831205003,37.529710675087394,87.27839691880789,28.366383087602635,0.0,37.278396918807694,1.0984383144626173,1611082040482.0,0.6810205667493178,1.0,0.6810205667493178,1.0004541209862272,17399.0,0.11093006447672332,
909548,long,entry,1342.45,54039.0,1342.45,54039.0,427.38462633529343,0.0,0.010063503296212148,0.010063503296212148,8.922077334501216,37.53403798150476,87.2884604221041,28.366383087602635,0.0,37.2884604221039,1.098459208143143,1611082042725.0,1.0,1.0,1.0,1.0004538450295168,2243.0,0.11093079625204195,1335.0
909552,long,close,1343.4,-54039.0,1342.45,0.0,0.0,0.02846606559893697,0.010056386779812415,0.038522452378749385,8.932133721281028,37.55060263602762,87.32698287448284,28.394849153201573,0.0,37.32698287448265,1.098540399797827,1611082045190.0,0.6816146114386759,1.0,0.6816146114386759,1.0004538348410974,2465.0,0.11093128410225438,
909554,long,entry,1342.4,54068.0,1342.4,54068.0,427.3737868609395,0.0,0.010069278903456496,0.010069278903456496,8.942203000184485,37.5549324259561,87.3370521533863,28.394849153201573,0.0,37.33705215338611,1.0985616539091518,1611082045652.0,1.0,1.0,1.0,1.0004535595674295,462.0,0.11093152802736059,1335.0
909577,long,close,1343.35,-54068.0,1342.4,0.0,0.0,0.02848346286011176,0.01006215803774147,0.03854562089785323,8.952265158222225,37.57150704294218,87.37559777428415,28.423332616061685,0.0,37.37559777428397,1.0986416758214876,1611082053970.0,0.681610827042435,1.0,0.681610827042435,1.0004535496434948,8318.0,0.11093433316608202,
938027,long,entry,1400.25,56429.0,1400.25,56429.0,445.7888967959207,0.0,0.010074808069987503,0.010074808069987503,8.962339966292213,37.575839210412276,87.38567258235413,28.423332616061685,0.0,37.385672582353955,1.0966374752364063,1611092309185.0,1.0,1.0,1.0,1.0004532750475594,10255215.0,0.11440416780193477,1392.3
938163,long,close,1401.25,-56429.0,1400.25,0.0,0.0,0.028759487800139347,0.010067618198037467,0.03882710599817681,8.97240758449025,37.592534865991496,87.42449968835231,28.452092103861826,0.0,37.42449968835213,1.0967090223805616,1611092355395.0,0.6812150337557776,1.0,0.6812150337557776,1.0004532677838234,46210.0,0.11442075470915712,
944836,long,entry,1394.85,56243.0,1394.85,56243.0,444.07058061106363,0.0,0.01008047460300391,0.01008047460300391,8.982488059093255,37.596869470070786,87.43458016295531,28.452092103861826,0.0,37.43458016295513,1.096160391851824,1611095313973.0,1.0,1.0,1.0,1.0004529938616857,2958578.0,0.11523461082603043,1387.1
944895,long,close,1395.8,-56243.0,1394.85,0.0,0.0,0.027443619065352972,0.01007361369823757,0.03751723276359054,8.992561672791492,37.613001880159125,87.4720973957189,28.479535722927178,0.0,37.47209739571872,1.096235337040267,1611095326047.0,0.6814071954578587,1.0,0.6814071954578587,1.0004529745054414,12074.0,0.11524180661666365,
944911,long,entry,1394.6,56263.0,1394.6,56263.0,443.98807653381397,0.0,0.010085866915244516,0.010085866915244516,9.002647539706736,37.617338802932686,87.48218326263415,28.479535722927178,0.0,37.48218326263397,1.0962555822541842,1611095328756.0,1.0,1.0,1.0,1.000452701263016,2709.0,0.11524375801751334,1387.1
945319,long,close,1395.55,-56263.0,1394.6,0.0,0.0,0.02746321828521933,0.01007900111067321,0.03754221939589254,9.01272654081741,37.63348195727291,87.51972548203004,28.506998941212398,0.0,37.51972548202986,1.096315060999385,1611095421580.0,0.6805956069682285,1.0,0.6805956069682285,1.0004526822167568,92824.0,0.1152935187391804,
945854,long,entry,1392.3,56201.0,1392.3,56201.0,443.25696169132186,0.0,0.010091395532572003,0.010091395532572003,9.02281793634998,37.63782125735192,87.52981687756261,28.506998941212398,0.0,37.52981687756243,1.0963024718549665,1611095595624.0,1.0,1.0,1.0,1.0004524096522749,174044.0,0.11535876870509186,1384.5
946419,long,reentry,1384.5,104140.0,1387.233971972234,160341.0,801.337265315398,0.0,0.01880462260743951,0.01880462260743951,9.04162255895742,37.64590724507312,87.54862150017004,28.506998941212398,0.0,37.54862150016987,1.0963183039040005,1611095714820.0,0.6798317297906592,1.0,0.6798317297906592,1.0004522178838506,119196.0,0.1154276775475965,1375.4
947999,long,reentry,1375.4,297111.0,1379.5479125678758,457452.0,1114.1085451727045,0.0,0.05400447142649411,0.05400447142649411,9.095627030383913,37.66912916778651,87.60262597159654,28.506998941212398,0.0,37.60262597159637,1.0963450610888428,1611096154408.0,0.41735757057083794,1.0,0.41735757057083794,1.0004523506417324,439588.0,0.11562037838150326,1356.25
948378,long,close,1380.5,-24076.0,1379.5479125678758,433376.0,1101.021831253862,0.01203616042506495,0.004360014487504527,0.016396174912569478,9.099987044871417,37.676179522998915,87.61902214650911,28.519035101637463,0.0,37.61902214650894,1.0963584496860033,1611096260250.0,0.18858851085342523,1.0,0.18858851085342523,1.0004521369266401,105842.0,0.11566660218913026,1357.5
948407,long,close,1380.5,-22809.0,1379.5479125678758,410567.0,1087.537459100891,0.011402757232734111,0.004130568634552699,0.015533325867286809,9.10411761350597,37.68285885312185,87.63455547237639,28.530437858870197,0.0,37.63455547237623,1.0963872542935118,1611096276266.0,0.20215809329430287,1.0,0.20215809329430287,1.0004519155964602,16016.0,0.11567013910317032,1357.5
948409,long,close,1381.45,-24151.0,1379.5479125678758,386416.0,1071.9116923392305,0.024104250653421703,0.004370588874009193,0.028474839527430896,9.108488202379979,37.695103034118645,87.66303031190382,28.55454210952362,0.0,37.66303031190366,1.096445610472837,1611096276552.0,1.0,1.0,1.0,1.000451813427049,286.0,0.11567038302827654,1358.75
948412,long,close,1381.5,-24151.0,1379.5479125678758,362265.0,1054.7346701545048,0.024736981579806694,0.004370430691277597,0.02910741227108429,9.112858633071257,37.70761922139521,87.69213772417491,28.579279091103427,0.0,37.69213772417474,1.0965052476061903,1611096276839.0,1.0,1.0,1.0,1.0004517171383795,287.0,0.11567074891593584,1360.0
948415,long,close,1381.55,-24151.0,1379.5479125678758,338114.0,1035.7637551484013,0.02536966670756476,0.004370272519995657,0.029739939227560415,9.117228905591253,37.72040739526306,87.72187766340247,28.604648757810992,0.0,37.7218776634023,1.0965661455331857,1611096277226.0,0.23639118902841283,1.0,0.23639118902841283,1.0004516267101446,387.0,0.11567111480359517,1361.25
948417,long,close,1381.65,-24151.0,1379.5479125678758,313963.0,1014.7008516417095,0.026634899587092514,0.004369956211775775,0.03100485579886829,9.121598861803028,37.73373948325657,87.75288251920134,28.631283657398086,0.0,37.75288251920117,1.0966294752348187,1611096278358.0,1.0,1.0,1.0,1.000451547908731,1132.0,0.11567135872870138,1361.25
948613,long,close,1380.5,-22425.0,1379.5479125678758,291538.0,993.0018584789899,0.01121078657302216,0.004061028612821442,0.015271815185843602,9.125659890415848,37.74030636378649,87.76815433438718,28.64249444397111,0.0,37.76815433438701,1.0966512540336548,1611096327907.0,0.26238443525481814,1.0,0.26238443525481814,1.0004513253310952,49549.0,0.11569526338911006,1362.5
948636,long,close,1380.5,-22426.0,1379.5479125678758,269112.0,968.8297900624773,0.01121128649661516,0.0040612097066280335,0.015272496203243193,9.129721100122476,37.74687353715388,87.78342683059043,28.653705730467724,0.0,37.78342683059026,1.096680930791843,1611096336293.0,0.28045950619253657,1.0,0.28045950619253657,1.0004511030921515,8386.0,0.11569806852783149,1363.75
948672,long,close,1380.5,-22426.0,1379.5479125678758,246686.0,941.7375868149795,0.01121128649661516,0.0040612097066280335,0.015272496203243193,9.133782309829103,37.75344071052128,87.79869932679368,28.66491701696434,0.0,37.7986993267935,1.0967081285233435,1611096357553.0,0.2980002970346516,1.0,0.2980002970346516,1.000450881184879,21260.0,0.11570245917974328,1365.0
948763,long,close,1380.5,-22426.0,1379.5479125678758,224260.0,911.162075938727,0.01121128649661516,0.0040612097066280335,0.015272496203243193,9.13784351953573,37.76000788388868,87.81397182299693,28.676128303460953,0.0,37.81397182299675,1.0967353848241963,1611096378472.0,0.3160947081953671,1.0,0.3160947081953671,1.0004506596084894,20919.0,0.1157135577720759,1365.0
948779,long,close,1380.5,-22426.0,1379.5479125678758,201834.0,876.3853184358754,0.01121128649661516,0.0040612097066280335,0.015272496203243193,9.141904729242357,37.76657505725608,87.82924431920019,28.687339589957567,0.0,37.829244319199994,1.0967647776895777,1611096388240.0,0.3397376261313573,1.0,0.3397376261313573,1.000450438362198,9768.0,0.11571550917292558,1366.25
948829,long,close,1382.5,-25229.0,1379.5479125678758,176605.0,830.9683963423919,0.03905056521896157,0.004562206148282098,0.043612771367243675,9.14646693539064,37.785328548943994,87.87285709056742,28.726390155176528,0.0,37.87285709056724,1.0968489234013397,1611096414877.0,0.36532909553110365,1.0,0.36532909553110365,1.0004504752022811,26637.0,0.11572160730058086,1367.5
948838,long,close,1382.75,-25229.0,1379.5479125678758,151376.0,777.2486917989785,0.04234993686841512,0.004561381305369734,0.046911318173784855,9.15102831669601,37.805500415758715,87.9197684087412,28.768740092044943,0.0,37.91976840874102,1.0969433487598124,1611096422928.0,0.39900307645290434,1.0,0.39900307645290434,1.0004505417432255,8051.0,0.11572270496355881,1367.5
948843,long,close,1383.15,-25229.0,1379.5479125678758,126147.0,712.7203973509805,0.04762645068730245,0.004560062176915013,0.052186512864217466,9.155588378872926,37.827940616290334,87.97195492160543,28.816366542732247,0.0,37.97195492160524,1.0970496143190953,1611096425266.0,1.0,1.0,1.0,1.0004506557924824,2338.0,0.11572331477632433,1368.75
948849,long,close,1383.65,-25229.0,1379.5479125678758,100918.0,633.7670766682561,0.05421780280223602,0.0045584143388862795,0.0587762171411223,9.160146793211812,37.85321438966102,88.03073113874656,28.870584345534482,0.0,38.03073113874636,1.0971695846857346,1611096426081.0,1.0,1.0,1.0,1.000450829055494,815.0,0.11572404655164296,1370.0
948853,long,close,1383.95,-100918.0,1379.5479125678758,0.0,0.0,0.23268592326806836,0.018230066115105314,0.25091598938317367,9.178376859326917,37.96110826509579,88.28164712812973,29.10327026880255,0.0,38.281647128129535,1.0976815178908834,1611096426796.0,0.5420758116558844,1.0,0.5420758116558844,1.0004527371948364,715.0,0.11572453440185539,
950394,long,entry,1379.5,56169.0,1379.5,56169.0,439.18141615336395,0.0,0.010179231605654223,0.010179231605654223,9.188556090932572,37.965485334686214,88.29182635973538,29.10327026880255,0.0,38.29182635973519,1.0976046719551216,1611096929951.0,1.0,1.0,1.0,1.0004524687063594,503155.0,0.11591247869619103,1371.25
950406,long,close,1380.45,-56169.0,1379.5,0.0,0.0,0.02802063102719335,0.010172226447897425,0.038192857475090776,9.19872831738047,37.9819082634005,88.33001921721046,29.131290899829743,0.0,38.33001921721028,1.0976820461652814,1611096931883.0,0.681510267846286,1.0,0.681510267846286,1.0004524528926315,1932.0,0.1159139422468283,
950409,long,entry,1379.45,56198.0,1379.45,56198.0,439.1669012260505,0.0,0.010184856283301316,0.010184856283301316,9.20891317366377,37.98628775160232,88.34020407349377,29.131290899829743,0.0,38.34020407349358,1.097702723547398,1611096932146.0,1.0,1.0,1.0,1.0004521850569816,263.0,0.11591430813448762,1371.25
950417,long,close,1380.4,-56198.0,1379.45,0.0,0.0,0.0280371297280165,0.010177847000869314,0.03821497672888581,9.21909102066464,38.00272019159574,88.37841905022266,29.15932802955776,0.0,38.37841905022247,1.0977795593510835,1611096936896.0,0.6816593083062952,1.0,0.6816593083062952,1.0004521695041895,4750.0,0.11591528383491247,
950468,long,entry,1379.3,56223.0,1379.3,56223.0,439.12087567893576,0.0,0.010190495178713841,0.010190495178713841,9.229281515843354,38.007102104522595,88.38860954540138,29.15932802955776,0.0,38.38860954540118,1.0977975026182691,1611096951249.0,1.0,1.0,1.0,1.0004519023186693,14353.0,0.11592150392512085,1371.25
950656,long,close,1380.25,-56223.0,1379.3,0.0,0.0,0.028055701270870644,0.010183481253396125,0.038239182524266765,9.23946499709675,38.02354495300803,88.42684872792564,29.18738373082863,0.0,38.426848727925446,1.0978638392010727,1611097010085.0,0.6809294272995925,1.0,0.6809294272995925,1.0004518870438501,58836.0,0.11594443288510468,
950678,long,entry,1378.75,56231.0,1378.75,56231.0,438.9437410203117,0.0,0.010196010879419765,0.010196010879419765,9.24966100797617,38.02792923768618,88.43704473880507,29.18738373082863,0.0,38.437044738804865,1.0978839385349697,1611097013324.0,1.0,1.0,1.0,1.0004516205045306,3239.0,0.11594711606127302,1371.25
951043,long,reentry,1371.25,104196.0,1373.8788124816897,160427.0,793.5874697106021,0.0,0.018996536007292616,0.018996536007292616,9.268657543983464,38.03609774816932,88.45604127481236,29.18738373082863,0.0,38.45604127481216,1.0978918625598606,1611097171249.0,0.6798835027564821,1.0,0.6798835027564821,1.0004514331266912,157925.0,0.11599163239315653,1362.5
951720,long,reentry,1362.5,297271.0,1366.488369514396,457698.0,1103.5001614503228,0.0,0.0545451376146789,0.0545451376146789,9.323202681598143,38.05955215734363,88.51058641242705,29.18738373082863,0.0,38.51058641242684,1.0979904511713667,1611097234042.0,0.41752910586766334,1.0,0.41752910586766334,1.0004515637107012,62793.0,0.11607420104160898,1343.75
952472,long,close,1367.45,-24089.0,1366.488369514396,433609.0,1090.5347443070336,0.012396800130104774,0.004404000146257633,0.016800800276362406,9.3276066817444,38.06677650146246,88.5273872127034,29.199780530958733,0.0,38.5273872127032,1.0980071554751751,1611097323547.0,0.1862093204643637,1.0,0.1862093204643637,1.000451356932593,89505.0,0.11616591688154436,1343.75
952497,long,close,1367.45,-22821.0,1366.488369514396,410788.0,1077.1756265918045,0.011744255708793267,0.0041721817982375954,0.015916437507030864,9.331778863542638,38.07362056959049,88.54330365021043,29.21152478666753,0.0,38.543303650210234,1.0980390505435655,1611097325659.0,0.20206720984339388,1.0,0.20206720984339388,1.0004511425658573,2112.0,0.116168965945372,1345.0
952503,long,close,1368.35,-24164.0,1366.488369514396,386624.0,1061.6964815809044,0.024057980752853706,0.004414806153396427,0.028472786906250134,9.336193669696035,38.08586386796017,88.57177643711668,29.235582767420382,0.0,38.57177643711648,1.0980965442164687,1611097327127.0,0.2127347878006179,1.0,0.2127347878006179,1.000451040371937,1468.0,0.11616969772069063,1346.25
952511,long,close,1368.4,-24164.0,1366.488369514396,362460.0,1044.680695006295,0.024703231579135475,0.004414644840689857,0.02911787641982533,9.340608314536725,38.0983845548207,88.60089431353651,29.260285998999517,0.0,38.60089431353631,1.0981553032714602,1611097328735.0,0.22418963713488896,1.0,0.22418963713488896,1.000450943997694,1608.0,0.11617067342111548,1347.5
952526,long,close,1369.5,-25890.0,1366.488369514396,336570.0,1024.4251123404858,0.041664460136643565,0.004726177437020811,0.04639063757366438,9.345334491973746,38.118332528977376,88.64728495111018,29.30195045913616,0.0,38.647284951109974,1.0982489597448548,1611097330908.0,0.23684659580225362,1.0,0.23684659580225362,1.0004510011980425,2173.0,0.11617250285941205,1347.5
952531,long,close,1369.65,-25890.0,1366.488369514396,310680.0,1001.7577192930992,0.04373484779934301,0.004725659840105136,0.04846050763944815,9.350060151813851,38.13917054726234,88.69574545874963,29.345685306935504,0.0,38.69574545874942,1.0983468947499253,1611097332437.0,0.2519714404231575,1.0,0.2519714404231575,1.0004510764622494,1529.0,0.11617311267217759,1348.75
952534,long,close,1369.85,-25890.0,1366.488369514396,284790.0,976.22007728431,0.04649465936417067,0.004724969887213929,0.0512196292513846,9.354785121701065,38.16119498784044,88.74696508800102,29.392179966299675,0.0,38.746965088000806,1.098450596790428,1611097332822.0,1.0,1.0,1.0,1.0004511758263726,385.0,0.1161734785598369,1350.0
952546,long,close,1370.05,-25890.0,1366.488369514396,258900.0,947.233048414649,0.04925366517401146,0.004724280135761469,0.05397794530977293,9.359509401836826,38.184405504323635,88.80094303331079,29.441433631473686,0.0,38.80094303331058,1.098559575540617,1611097334524.0,0.2874045933907734,1.0,0.2874045933907734,1.0004512991844698,1702.0,0.11617494211047417,1351.25
952550,long,close,1370.25,-25890.0,1366.488369514396,233010.0,914.050454132311,0.05201186558168272,0.004723590585659551,0.05673545616734227,9.364232992422485,38.20880175047559,88.85767848947812,29.49344549705537,0.0,38.85767848947793,1.0986743638023366,1611097334766.0,0.3086142488123433,1.0,0.3086142488123433,1.00045144642878,242.0,0.1161754299606866,1352.5
952562,long,close,1370.9,-29126.0,1366.488369514396,203884.0,870.450425051404,0.06859117747016606,0.005311474214019987,0.07390265168418605,9.369544466636505,38.24057989069979,88.93158114116231,29.562036674525533,0.0,38.93158114116211,1.0988236223590515,1611097335951.0,1.0,1.0,1.0,1.00045174460779,1185.0,0.11617689351132386,1353.75
952576,long,close,1371.35,-29126.0,1366.488369514396,174758.0,818.3738210442326,0.07556288679691162,0.0053097312866883,0.08087261808359991,9.374854197923193,38.275355116475744,89.01245375924591,29.637599561322446,0.0,39.012453759245716,1.0989865888698138,1611097338516.0,0.3651444642612472,1.0,0.3651444642612472,1.000452103174426,2565.0,0.11617860098706734,1353.75
952581,long,close,1371.9,-29126.0,1366.488369514396,145632.0,755.0928567068199,0.08407765378482518,0.005307602594941323,0.0893852563797665,9.380161800518135,38.313790776719046,89.10183901562569,29.72167721510727,0.0,39.10183901562548,1.099167062558342,1611097338812.0,1.0,1.0,1.0,1.0004525353849805,296.0,0.11617921079983286,1355.0
952704,long,close,1373.65,-36408.0,1366.488369514396,109224.0,653.8247078704898,0.13890782190385068,0.006626142030357078,0.14553396393420776,9.386787942548493,38.376370381210755,89.2473729795599,29.86058503701112,0.0,39.247372979559685,1.0994563129710742,1611097360900.0,0.44901831025807587,1.0,0.44901831025807587,1.0004534587910667,22088.0,0.11619421219386485,1356.25
952754,long,close,1375.2,-36408.0,1366.488369514396,72816.0,515.433422293976,0.16878135345432396,0.0066186736474694585,0.17540002710179342,9.393406616195962,38.451792392864526,89.42277300666169,30.029366390465444,0.0,39.42277300666148,1.0998089119796928,1611097364529.0,0.5240411240660335,1.0,0.5240411240660335,1.0004546399678906,3629.0,0.11620031032152012,1358.75
952770,long,close,1374.55,-72816.0,1366.488369514396,0.0,0.0,0.31252389204790043,0.013243606998654105,0.32576749904655455,9.406650223194616,38.591872417454546,89.74854050570825,30.341890282513344,0.0,39.748540505708036,1.1004632993309278,1611097365955.0,0.6250029666831749,1.0,0.6250029666831749,1.000457126919456,1426.0,0.1162022617223698,
966812,long,entry,1381.85,57200.0,1381.85,57200.0,439.9317844819422,0.0,0.010348445923942542,0.010348445923942542,9.416998669118557,38.59632224920184,89.75888895163219,30.341890282513344,0.0,39.75888895163198,1.0990824881708412,1611104487865.0,1.0,1.0,1.0,1.0004568600339072,7121910.0,0.11791485989307787,1373.75
967331,long,reentry,1373.75,105991.0,1376.5891271577475,163191.0,795.2487172341899,0.0,0.01928862602365787,0.01928862602365787,9.436287295142215,38.60461635839201,89.77817757765584,30.341890282513344,0.0,39.77817757765564,1.0990886680247618,1611104652513.0,0.6797468264672474,1.0,0.6797468264672474,1.0004566712698617,164648.0,0.11797815845813965,1365.0
967511,long,close,1377.55,-23313.0,1376.5891271577475,139878.0,741.1775324739692,0.011812787088654235,0.004230880911763639,0.016043668000417875,9.440518176053978,38.61151513563219,89.79422124565626,30.353703069602,0.0,39.79422124565606,1.0991095611735093,1611104708214.0,0.4206682325095142,1.0,0.4206682325095142,1.0004564545851886,55701.0,0.11800011171769864,1366.25
967562,long,close,1380.7,-27975.0,1376.5891271577475,111903.0,662.1849775629909,0.060506283610637916,0.005065365394365177,0.06557164900500309,9.445583541448343,38.63971094470434,89.85979289466125,30.414209353212637,0.0,39.85979289466106,1.099237634099322,1611104715581.0,0.462115800664778,1.0,0.462115800664778,1.0004566677873046,7367.0,0.11800633180790703,1366.25
967579,long,close,1381.45,-27975.0,1376.5891271577475,83928.0,562.2636101448851,0.07150638942923118,0.005062615367910529,0.07656900479714171,9.450646156816253,38.67263561676711,89.93636189945839,30.48571574264187,0.0,39.936361899458205,1.0993885719593905,1611104716525.0,0.5203990891844783,1.0,0.5203990891844783,1.0004569754513584,944.0,0.11800840517130982,1367.5
967585,long,close,1380.9,-83928.0,1376.5891271577475,0.0,0.0,0.1903292437854334,0.015194438409732784,0.20552368219516617,9.465840595225986,38.76101080011103,90.14188558165355,30.676044986427303,0.0,40.14188558165337,1.0997935094766536,1611104717363.0,0.5929313229720289,1.0,0.5929313229720289,1.000458395801075,838.0,0.11800913694662846,
967650,long,entry,1379.15,57338.0,1379.15,57338.0,439.0698765307414,0.0,0.010393720770039517,0.010393720770039517,9.476234315996026,38.76548010004215,90.1522793024236,30.676044986427303,0.0,40.15227930242341,1.0998100333684278,1611104737532.0,1.0,1.0,1.0,1.0004581291728007,20169.0,0.11801706451258032,1371.25
967697,long,close,1380.1,-57338.0,1379.15,0.0,0.0,0.02861831673512507,0.010386566190855736,0.039004882925980804,9.486620882186882,38.78225219970032,90.19128418534957,30.70466330316243,0.0,40.19128418534939,1.0998824348370684,1611104759933.0,0.6811518270718264,1.0,0.6811518270718264,1.0004581093948826,22401.0,0.11802279675257628,
967721,long,entry,1378.95,57361.0,1378.95,57361.0,439.00566432356146,0.0,0.010399398092751732,0.010399398092751732,9.497020280279633,38.7867239408802,90.20168358344233,30.70466330316243,0.0,40.20168358344214,1.099900430152675,1611104772563.0,1.0,1.0,1.0,1.0004578434024152,12630.0,0.11802572385385081,1371.25
967784,long,close,1379.9,-57361.0,1378.95,0.0,0.0,0.028638098958229514,0.010392238568012175,0.03903033752624169,9.507412518847646,38.80350698601649,90.24071392096857,30.73330140212066,0.0,40.24071392096838,1.0999672316871243,1611104823599.0,0.6813719957007103,1.0,0.6813719957007103,1.0004578239117543,51036.0,0.11803340749469646,
967847,long,entry,1378.6,57378.0,1378.6,57378.0,438.8949243843757,0.0,0.010405121137385754,0.010405121137385754,9.517817639985031,38.80798118810556,90.25111904210596,30.73330140212066,0.0,40.25111904210577,1.0999797415459147,1611104864236.0,1.0,1.0,1.0,1.0004575585527706,40637.0,0.1180410911355421,1371.25
968029,long,close,1379.55,-57378.0,1378.6,0.0,0.0,0.028661128862360472,0.010397955855170166,0.03905908471753064,9.528215595840202,38.8247765945341,90.29017812682349,30.76196253098302,0.0,40.2901781268233,1.1000418663807443,1611104939151.0,0.6808036913568176,1.0,0.6808036913568176,1.0004575393758486,74915.0,0.11806328832020732,
968269,long,entry,1377.55,57366.0,1377.55,57366.0,438.562090952755,0.0,0.010410874378425467,0.010410874378425467,9.538626470218627,38.82925327051682,90.30058900120191,30.76196253098302,0.0,40.30058900120172,1.1000465247242428,1611105019840.0,1.0,1.0,1.0,1.0004572746478806,80689.0,0.11809255933295265,1370.0
968441,long,close,1378.5,-57366.0,1377.55,0.0,0.0,0.028698819469005085,0.010403699673558215,0.0391025191425633,9.549030169892186,38.846067353748126,90.33969152034447,30.790661350452027,0.0,40.33969152034428,1.1001060222267072,1611105108265.0,0.68104575203436,1.0,0.68104575203436,1.0004572559084979,88425.0,0.1181135368920868,
975918,long,entry,1376.25,57343.0,1376.25,57343.0,438.1466781459624,0.0,0.010416530426884651,0.010416530426884651,9.55944670031907,38.850546461831684,90.35010805077135,30.790661350452027,0.0,40.35010805077117,1.0991598065920827,1611110089236.0,1.0,1.0,1.0,1.0004569918078907,4980971.0,0.11902545090165696,1368.75
976038,long,close,1377.2,-57343.0,1376.25,0.0,0.0,0.028741515845311448,0.010409345047923322,0.039150860893234773,9.569856045366993,38.86738133201577,90.38925891166458,30.819402866297338,0.0,40.389258911664406,1.0992291532043355,1611110124324.0,0.6812667383363312,1.0,0.6812667383363312,1.0004569735453976,35088.0,0.11904008640802963,
976077,long,entry,1375.85,57358.0,1375.85,57358.0,438.0204537285877,0.0,0.010422284406003563,0.010422284406003563,9.580278329772996,38.871862914310356,90.39968119607059,30.819402866297338,0.0,40.39968119607041,1.0992468428240314,1611110137640.0,1.0,1.0,1.0,1.0004567100701478,13316.0,0.11904484294760075,1367.5
976115,long,close,1376.8,-57358.0,1375.85,0.0,0.0,0.028765747198446295,0.010415092969203952,0.03918084016765025,9.5906934227422,38.88871067558244,90.43886203623823,30.848168613495783,0.0,40.43886203623806,1.0993185289234333,1611110160627.0,0.681428085582321,1.0,0.681428085582321,1.0004566921252795,22987.0,0.11904947752461875,
976162,long,entry,1375.6,57379.0,1375.6,57379.0,437.94060762847226,0.0,0.01042799505670253,0.01042799505670253,9.601121417798902,38.89319471345682,90.44929003129494,30.848168613495783,0.0,40.449290031294765,1.099334951877032,1611110180512.0,1.0,1.0,1.0,1.0004564292723308,19885.0,0.11905520976461471,1367.5
976505,long,reentry,1367.5,106323.0,1370.3391216967416,163702.0,791.6431911621405,0.0,0.019437477148080442,0.019437477148080442,9.620558894946983,38.90155282863049,90.46872750844301,30.848168613495783,0.0,40.468727508442846,1.0993632757672884,1611110229413.0,0.6797275064878805,1.0,0.6797275064878805,1.0004562434575293,48901.0,0.11909704292032991,1358.75
977117,long,reentry,1358.75,303339.0,1362.812089623823,467041.0,1100.6258714058797,0.0,0.055812143514259435,0.055812143514259435,9.676371038461243,38.92555205034162,90.52453965195727,30.848168613495783,0.0,40.524539651957106,1.099459004041569,1611110294740.0,0.4173524757767421,1.0,0.4173524757767421,1.0004563669514555,65327.0,0.11917168400283051,1340.0
977762,long,close,1363.75,-24581.0,1362.812089623823,442460.0,1087.6988519830995,0.012404810840410641,0.004506141154903758,0.0169109519953144,9.680877179616147,38.93282375969961,90.54145060395258,30.860573424336195,0.0,40.54145060395242,1.0994819079138822,1611110346102.0,0.18393573707579175,1.0,0.18393573707579175,1.0004561598911246,51362.0,0.11925034984958359,1341.25
977771,long,close,1364.65,-24581.0,1362.812089623823,417879.0,1073.5729508232362,0.024292187206259298,0.004503169310812296,0.028795356517071595,9.685380348926959,38.94520576300195,90.57024596046965,30.884865611542455,0.0,40.57024596046949,1.0995376923577458,1611110346402.0,0.20250835693005392,1.0,0.20250835693005392,1.0004560538785765,300.0,0.11925144751256153,1341.25
977789,long,close,1363.75,-23215.0,1362.812089623823,394664.0,1059.0427379986043,0.011715458429686873,0.004255728689275894,0.015971187118962768,9.689636077616235,38.9520733734631,90.58621714758861,30.896581069972143,0.0,40.58621714758846,1.0995681806350437,1611110348879.0,0.2124611569665228,1.0,0.2124611569665228,1.000455839344353,2477.0,0.11925364283851743,1342.5
977882,long,close,1363.75,-23215.0,1362.812089623823,371449.0,1043.1593760048834,0.011715458429686873,0.004255728689275894,0.015971187118962768,9.693891806305512,38.95894098392426,90.60218833470758,30.90829652840183,0.0,40.60218833470742,1.0995970133536308,1611110359909.0,0.22166410318700314,1.0,0.22166410318700314,1.000455625115133,11030.0,0.11926498535595625,1343.75
977896,long,close,1364.8,-24763.0,1362.812089623823,346686.0,1024.4590340096654,0.026466411878179063,0.004536012602579133,0.031002424480758198,9.69842781890809,38.97227202645099,90.63319075918834,30.93476294028001,0.0,40.63319075918818,1.0996564281858554,1611110363386.0,0.23496800557010494,1.0,0.23496800557010494,1.0004555382470688,3477.0,0.11926669283169973,1343.75
977911,long,close,1364.85,-24763.0,1362.812089623823,321923.0,1003.695915041837,0.0271311021522117,0.004535846430010624,0.031666948582222326,9.702963665338102,38.985888814341344,90.66485770777057,30.96189404243222,0.0,40.6648577077704,1.099717450414152,1611110365113.0,0.24926056426083434,1.0,0.24926056426083434,1.0004554570327964,1727.0,0.1192685222699963,1345.0
977913,long,close,1364.95,-24763.0,1362.812089623823,297160.0,980.5071778068326,0.028460336609157855,0.004535514121396388,0.03299585073055424,9.707499179459498,39.00007703015548,90.69785355850112,30.990354379041378,0.0,40.69785355850096,1.0997812983539668,1611110365441.0,1.0,1.0,1.0,1.0004553870563964,328.0,0.11926876619510252,1346.25
977916,long,close,1365.05,-24763.0,1362.812089623823,272397.0,954.4426140321368,0.029789376313603937,0.004535181861470276,0.03432455817507421,9.712034361320969,39.014836590170766,90.7321781166762,31.020143755354983,0.0,40.73217811667603,1.0998475845686475,1611110366361.0,0.2817323435595688,1.0,0.2817323435595688,1.000455328278319,920.0,0.11926913208276184,1347.5
977917,long,close,1365.15,-24763.0,1362.812089623823,247634.0,924.9332528324825,0.03111822130836192,0.004534849650221587,0.035653070958583506,9.71656921097119,39.03016741068296,90.76783118763478,31.051261976663344,0.0,40.76783118763461,1.0999165042705925,1611110366849.0,1.0,1.0,1.0,1.0004552806586646,488.0,0.11926925404531494,1347.5
977921,long,close,1365.3,-24763.0,1362.812089623823,222871.0,891.2470694665768,0.03311112381339968,0.004534351424595327,0.03764547523799501,9.721103562395786,39.04635496503529,90.80547666287278,31.084373100476743,0.0,40.80547666287261,1.099989139374745,1611110367938.0,0.3224676754697415,1.0,0.3224676754697415,1.0004552497381476,1089.0,0.11926974189552736,1348.75
977933,long,close,1365.5,-24763.0,1362.812089623823,198108.0,852.4300396146849,0.03576764606874919,0.004533687294031491,0.040301333362780675,9.725637249689818,39.06368453838129,90.84577799623555,31.12014074654549,0.0,40.84577799623539,1.1000668873856572,1611110369016.0,0.347239118565513,1.0,0.347239118565513,1.0004552410267993,1078.0,0.11927120544616464,1350.0
977957,long,close,1365.7,-24763.0,1362.812089623823,173345.0,807.2175720714558,0.03842339025504371,0.004533023357984917,0.04295641361302863,9.730170273047802,39.082155796234886,90.88873440984858,31.158564136800535,0.0,40.88873440984842,1.100149108077061,1611110373344.0,0.3756692133045117,1.0,0.3756692133045117,1.000455254437828,4328.0,0.11927413254743917,1351.25
978011,long,close,1366.0,-24763.0,1362.812089623823,148582.0,753.8872298092209,0.042405548402614825,0.004532027818448024,0.04693757622106285,9.73470230086625,39.102338954009944,90.93567198606964,31.20096968520315,0.0,40.93567198606948,1.1002382550451983,1611110381442.0,0.4086318153322668,1.0,0.4086318153322668,1.0004553009923722,8098.0,0.11928071852530686,1351.25
978046,long,close,1366.85,-29716.0,1362.812089623823,118866.0,675.7057333974029,0.06441547153697383,0.0054351245564619385,0.06985059609343577,9.740137425422711,39.13237471033012,91.00552258216307,31.265385156740127,0.0,41.00552258216292,1.1003716850881318,1611110389158.0,0.4481059811059876,1.0,0.4481059811059876,1.000455538849488,7716.0,0.11928498721466556,1352.5
978059,long,close,1367.65,-29716.0,1362.812089623823,89150.0,576.0808615246482,0.07713246680672867,0.005431945307644499,0.08256441211437317,9.745569370730356,39.1678774075393,91.08808699427745,31.342517623546854,0.0,41.08808699427729,1.1005309542442447,1611110389706.0,0.5057559643072064,1.0,0.5057559643072064,1.0004558820147302,548.0,0.11928657272785594,1353.75
978062,long,close,1367.7,-89150.0,1362.812089623823,0.0,0.0,0.23378559991994316,0.0162956057614974,0.25008120568144054,9.761864976491854,39.27541232598232,91.33816819995889,31.576303223466798,0.0,41.33816819995873,1.101012721409099,1611110390881.0,0.5787804909701691,1.0,0.5787804909701691,1.0004576185306937,1175.0,0.11928693861551525,
978083,long,entry,1367.0,57587.0,1367.0,57587.0,435.20124772239643,0.0,0.010531638624725677,0.010531638624725677,9.772396615116579,39.27994093059095,91.34869983858361,31.576303223466798,0.0,41.34869983858346,1.101031986110872,1611110396033.0,1.0,1.0,1.0,1.0004573587634296,5152.0,0.11928949982913047,1358.75
978380,long,reentry,1358.75,106708.0,1361.6417054688213,164295.0,786.6490724925421,0.0,0.019633486660533578,0.019633486660533578,9.792030101777112,39.28838332985499,91.36833332524415,31.576303223466798,0.0,41.36833332524399,1.1010583838818042,1611110454174.0,0.6796929066590149,1.0,0.6796929066590149,1.0004571749430373,58141.0,0.11932572270740281,1350.0
979074,long,close,1362.6,-23470.0,1361.6417054688213,140825.0,733.1668751871091,0.012122183945644632,0.004306105973873478,0.01642828991951811,9.796336207750985,39.295447494520374,91.38476161516367,31.588425407412444,0.0,41.384761615163505,1.1010716045721614,1611110548032.0,0.41779293750320684,1.0,0.41779293750320684,1.0004569647835782,93858.0,0.11941036471925806,1351.25
979079,long,close,1362.6,-23470.0,1361.6417054688213,117355.0,669.448039709781,0.012122183945644632,0.004306105973873478,0.01642828991951811,9.800642313724858,39.30251165918577,91.40118990508319,31.60054759135809,0.0,41.40118990508302,1.1011030015212226,1611110549072.0,0.46157973475280234,1.0,0.46157973475280234,1.0004567549178698,1040.0,0.11941097453202358,1351.25
979082,long,close,1362.6,-23471.0,1361.6417054688213,93884.0,592.2389172638966,0.012122700442617177,0.004306289446646118,0.016428989889263296,9.804948603171503,39.30957612483815,91.41761889497245,31.612670291800708,0.0,41.417618894972286,1.1011345242941724,1611110549452.0,1.0,1.0,1.0,1.000456545351049,380.0,0.1194113404196829,1352.5
979083,long,close,1362.65,-93884.0,1361.6417054688213,0.0,0.0,0.05101898696646736,0.017224525740285473,0.06824351270675283,9.822173128911789,39.338920835302055,91.4858624076792,31.663689278767176,0.0,41.485862407679036,1.1012657211909125,1611110549463.0,1.0,1.0,1.0,1.000456764485982,11.0,0.119411462382236,
979088,long,entry,1361.75,57459.0,1361.75,57459.0,433.5319461854159,0.0,0.010548742427024051,0.010548742427024051,9.832721871338814,39.34345679454567,91.49641115010623,31.663689278767176,0.0,41.49641115010606,1.1012858912614505,1611110549986.0,1.0,1.0,1.0,1.0004565065417919,523.0,0.11941207219500154,1353.75
979150,long,close,1362.7,-57459.0,1361.75,0.0,0.0,0.029416027902465086,0.010541388420048432,0.03995741632251352,9.843263259758862,39.36063848356436,91.53636856642875,31.69310530666964,0.0,41.53636856642858,1.1013598622668441,1611110564246.0,0.6813085263458551,1.0,0.6813085263458551,1.0004564916010115,14260.0,0.11941963387329407,
979164,long,entry,1362.65,57529.0,1362.65,57529.0,433.81994274425125,0.0,0.010554617840237772,0.010554617840237772,9.8538178775991,39.36517696923566,91.54692318426899,31.69310530666964,0.0,41.54692318426881,1.1013796212080131,1611110566867.0,1.0,1.0,1.0,1.00045623425217,2621.0,0.11942134134903756,1355.0
979199,long,close,1363.6,-57529.0,1362.65,0.0,0.0,0.029412986061082697,0.0105472645937225,0.0399602506548052,9.864365142192822,39.38235987701724,91.5868834349238,31.722518292730722,0.0,41.58688343492362,1.1014537346093396,1611110580223.0,0.6814831551070109,1.0,0.6814831551070109,1.0004562193808493,13356.0,0.11942561003839625,
979217,long,entry,1362.5,57554.0,1362.5,57554.0,433.7700491416878,0.0,0.010560366972477064,0.010560366972477064,9.8749255091653,39.3869008348154,91.59744380189628,31.722518292730722,0.0,41.5974438018961,1.1014730286393295,1611110585210.0,1.0,1.0,1.0,1.0004559626240155,4987.0,0.11942780536435216,1355.0
979356,long,close,1363.45,-57554.0,1362.5,0.0,0.0,0.029432245036791354,0.010553008911217866,0.03998525394800922,9.885478518076518,39.40409449401304,91.63742905584428,31.751950537767513,0.0,41.63742905584411,1.1015421672647847,1611110623875.0,0.6809458650717606,1.0,0.6809458650717606,1.000455948003706,38665.0,0.11944475815923382,
979529,long,entry,1361.75,57554.0,1361.75,57554.0,433.5309403480518,0.0,0.010566183220121168,0.010566183220121168,9.896044701296638,39.40863795279769,91.6479952390644,31.751950537767513,0.0,41.64799523906423,1.1015543241830927,1611110665113.0,1.0,1.0,1.0,1.0004556918369876,41238.0,0.11946585768092108,1353.75
979722,long,reentry,1353.75,106647.0,1356.554075492841,164201.0,783.6756057886072,0.0,0.019694736842105265,0.019694736842105265,9.915739438138743,39.4171066896398,91.66768997590651,31.751950537767513,0.0,41.667689975906335,1.1015826450559565,1611110713168.0,0.6797437095752,1.0,0.6797437095752,1.0004555109013364,48055.0,0.11948939645367045,1345.0
979861,long,close,1357.5,-23457.0,1356.554075492841,140744.0,730.392145940422,0.012049027525562106,0.004319889502762431,0.016368917028324537,9.920059327641505,39.42414532396198,91.68405889293484,31.763999565293076,0.0,41.68405889293466,1.1016068198736118,1611110749828.0,0.4209150921535453,1.0,0.4209150921535453,1.0004553029574923,36660.0,0.11950634924855212,1346.25
979897,long,close,1357.5,-23457.0,1356.554075492841,117287.0,666.9103151308204,0.012049027525562106,0.004319889502762431,0.016368917028324537,9.924379217144267,39.431183958284166,91.70042780996317,31.77604859281864,0.0,41.70042780996298,1.1016373467947065,1611110754196.0,0.4616009538991434,1.0,0.4616009538991434,1.000455095301762,4368.0,0.11951073990046392,1346.25
980034,long,close,1357.5,-23457.0,1356.554075492841,93830.0,589.9923317921027,0.012049027525562106,0.004319889502762431,0.016368917028324537,9.928699106647029,39.438222592606344,91.7167967269915,31.788097620344203,0.0,41.716796726991305,1.101663414193429,1611110781171.0,0.5072334009673265,1.0,0.5072334009673265,1.0004548879335056,26975.0,0.11952744877023938,1347.5
980035,long,close,1357.8,-93830.0,1356.554075492841,0.0,0.0,0.06346883547376486,0.01727610841066431,0.08074494388442917,9.945975215057693,39.472942918476654,91.79754167087594,31.851566455817967,0.0,41.79754167087573,1.101818130738342,1611110781220.0,1.0,1.0,1.0,1.0004552065808192,49.0,0.11952757073279249,
980118,long,entry,1359.75,57570.0,1359.75,57570.0,432.8948183295622,0.0,0.010584666298952014,0.010584666298952014,9.956559881356645,39.47749432498521,91.8081263371749,31.851566455817967,0.0,41.808126337174684,1.1018342240971353,1611110802403.0,1.0,1.0,1.0,1.0004549521198705,21183.0,0.11953769362470025,1352.5
980201,long,close,1360.7,-57570.0,1359.75,0.0,0.0,0.029559588400106376,0.010577276401851987,0.04013686480195836,9.967137157758497,39.49475317685005,91.84826320197685,31.881126044218075,0.0,41.84826320197664,1.1019067295460878,1611110824442.0,0.6812262015246228,1.0,0.6812262015246228,1.0004549388287496,22039.0,0.11954781651660801,
980300,long,entry,1359.25,57581.0,1359.25,57581.0,432.73756218370903,0.0,0.010590583042118816,0.010590583042118816,9.977727740800615,39.499307127558154,91.85885378501897,31.881126044218075,0.0,41.85885378501876,1.1019213140715305,1611110853247.0,1.0,1.0,1.0,1.0004546849488987,28805.0,0.11955989080936545,1351.25
980351,long,close,1360.2,-57581.0,1359.25,0.0,0.0,0.029586983943575892,0.01058318629613292,0.04017017023970881,9.988310927096748,39.51658030076123,91.89902395525867,31.910713028161652,0.0,41.89902395525847,1.1019918598536445,1611110885285.0,0.6814241085259991,1.0,0.6814241085259991,1.0004546719676404,32038.0,0.11956611089957384,
980686,long,entry,1358.45,57579.0,1358.45,57579.0,432.4833154969767,0.0,0.010596451838492399,0.010596451838492399,9.99890737893524,39.52113677505178,91.90962040709717,31.910713028161652,0.0,41.909620407096966,1.1019881286572153,1611111006740.0,1.0,1.0,1.0,1.0004544186660607,121455.0,0.1196069683548642,1351.25
980694,long,close,1359.4,-57579.0,1358.45,0.0,0.0,0.029620801078614804,0.010589046638222745,0.04020984771683755,10.009496425573463,39.53842700957002,91.949830254814,31.940333829240267,0.0,41.949830254813804,1.1020639144279198,1611111012348.0,0.6815878406059439,1.0,0.6815878406059439,1.00045440604454,5608.0,0.11960794405528904,
980812,long,entry,1358.15,57598.0,1358.15,57598.0,432.3872377359519,0.0,0.010602289879615652,0.010602289879615652,10.020098715453079,39.542985994218256,91.96043254469362,31.940333829240267,0.0,41.96043254469342,1.1020708363296177,1611111079844.0,1.0,1.0,1.0,1.0004541533185167,67496.0,0.1196223356365555,1350.0
981167,long,close,1359.1,-57598.0,1358.15,0.0,0.0,0.029643662381382774,0.010594878964020308,0.040238541345403084,10.0306935944171,39.560288566996775,92.00067108603902,31.96997749162165,0.0,42.00067108603882,1.1021247886404417,1611111195842.0,0.6804115172504883,1.0,0.6804115172504883,1.0004541409657104,115998.0,0.11966563234290796,
981395,long,entry,1356.6,57564.0,1356.6,57564.0,431.8933763062303,0.0,0.010608137992038922,0.010608137992038922,10.041301732409138,39.564850066333356,92.01127922403106,31.96997749162165,0.0,42.01127922403086,1.102128749561179,1611111278260.0,1.0,1.0,1.0,1.0004538888129513,82418.0,0.11969343980501602,1348.75
981461,long,close,1357.55,-57564.0,1356.6,0.0,0.0,0.02969387821424955,0.01060071452248536,0.040294592736734906,10.051902446931624,39.58217674121015,92.05157381676779,31.999671369835898,0.0,42.05157381676759,1.102200098627071,1611111306522.0,0.6813888264496106,1.0,0.6813888264496106,1.0004538769483218,28262.0,0.119701489333521,
981624,long,entry,1356.0,57570.0,1356.0,57570.0,431.70041401138354,0.0,0.010613938053097344,0.010613938053097344,10.062516384984722,39.58674073457298,92.06218775482088,31.999671369835898,0.0,42.06218775482069,1.1022033102695465,1611111392665.0,1.0,1.0,1.0,1.000453625365889,86143.0,0.1197213692296772,1348.75
981854,long,reentry,1348.75,106677.0,1351.2911879669034,164247.0,780.5185956025432,0.0,0.01977330861909175,0.01977330861909175,10.082289693603814,39.595243257279186,92.08196106343998,31.999671369835898,0.0,42.081961063439785,1.1022325888974533,1611111435382.0,0.6799136842801338,1.0,0.6799136842801338,1.0004534480297536,42717.0,0.11974942061689148,1340.0
982735,long,reentry,1340.0,304349.0,1343.957660223305,468596.0,1085.301802096333,0.0,0.05678152985074627,0.05678152985074627,10.13907122345456,39.619659315115015,92.13874259329073,31.999671369835898,0.0,42.13874259329053,1.1023278616695125,1611111501195.0,0.4175017011063523,1.0,0.4175017011063523,1.0004535690830616,65813.0,0.11985686962617746,1321.25
983345,long,close,1344.9,-24662.0,1343.957660223305,443934.0,1072.5504703148276,0.012857609634138267,0.004584355714179493,0.01744196534831776,10.143655579168739,39.62715936021479,92.15618455863905,32.012528979470034,0.0,42.15618455863885,1.1023505564886247,1611111554490.0,0.18795226180596114,1.0,0.18795226180596114,1.0004533731580314,53295.0,0.11993126678357184,1322.5
983350,long,close,1345.75,-24663.0,1343.957660223305,419271.0,1058.6175132367773,0.02444084801895184,0.004581645922348133,0.029022493941299975,10.148237225091087,39.63963903260955,92.18520705258035,32.03696982748899,0.0,42.18520705258015,1.1024056905058068,1611111555415.0,0.20259434941836535,1.0,0.20259434941836535,1.000453270598417,925.0,0.11993187659633736,1322.5
983360,long,close,1346.7,-26204.0,1343.957660223305,393067.0,1042.3308146967904,0.039703830361956925,0.0048644835523873175,0.044568313914344244,10.153101708643474,39.658803407592714,92.22977536649469,32.07667365785095,0.0,42.22977536649449,1.1024904193753455,1611111556375.0,0.2133916531157844,1.0,0.2133916531157844,1.0004532929476901,960.0,0.11993309622186843,1323.75
983363,long,close,1346.8,-26204.0,1343.957660223305,366863.0,1024.3163942393821,0.04114858342176793,0.0048641223641223644,0.04601270578589029,10.157965831007596,39.678588871080656,92.27578807228059,32.11782224127271,0.0,42.275788072280385,1.1025779954953256,1611111556672.0,0.22603986285740454,1.0,0.22603986285740454,1.0004533266741016,297.0,0.11993346210952774,1325.0
983367,long,close,1346.95,-26204.0,1343.957660223305,340659.0,1004.2827860765037,0.0433153107824532,0.004863580682282194,0.0481788914647354,10.162829411689879,39.699305794410485,92.32396696374532,32.161137552055166,0.0,42.32396696374512,1.102669669159035,1611111556912.0,0.2395007838448422,1.0,0.2395007838448422,1.0004533775162396,240.0,0.11993394995974016,1326.25
983403,long,close,1346.0,-24332.0,1343.957660223305,316327.0,983.605700016047,0.027471043503658924,0.004519316493313522,0.031990359996972445,10.167348728183192,39.71306164920918,92.35595732374229,32.188608595558826,0.0,42.355957323742096,1.1027289726290976,1611111564838.0,0.2537929293186434,1.0,0.2537929293186434,1.0004532985782197,7926.0,0.11993834061165196,1326.25
983586,long,close,1344.9,-22594.0,1343.957660223305,293733.0,962.3129599225841,0.011779451466779662,0.004199940516023496,0.015979391982803157,10.171548668699216,39.719932787761785,92.37193671572508,32.200388047025605,0.0,42.3719367157249,1.102756520090829,1611111579190.0,0.26654062114309907,1.0,0.26654062114309907,1.0004530917013164,14352.0,0.11996065975887027,1327.5
984788,long,close,1344.9,-22594.0,1343.957660223305,271139.0,938.6080098568505,0.011779451466779662,0.004199940516023496,0.015979391982803157,10.17574860921524,39.72680392631439,92.38791610770788,32.212167498492384,0.0,42.3879161077077,1.1027582144004557,1611111723463.0,0.27683703319862923,1.0,0.27683703319862923,1.000452885107505,144273.0,0.12010725874770314,1328.75
984813,long,close,1346.3,-24649.0,1343.957660223305,246490.0,909.4184080504976,0.031909629782168526,0.004577174478199509,0.03648680426036804,10.18032578369344,39.742493252146346,92.42440291196824,32.244077128274554,0.0,42.42440291196807,1.1028269359214828,1611111726730.0,0.3023057980696867,1.0,0.3023057980696867,1.0004528423983652,3267.0,0.12011030781153077,1330.0
984817,long,close,1346.45,-24649.0,1343.957660223305,221841.0,876.1104224751336,0.03394929310937965,0.004576664562367707,0.03852595767174736,10.184902448255809,39.75905941394519,92.46292886963998,32.278026421383935,0.0,42.46292886963982,1.102900051470148,1611111727271.0,0.324430109534229,1.0,0.324430109534229,1.0004528158847135,541.0,0.1201107956617432,1330.0
984845,long,close,1348.3,-27730.0,1343.957660223305,194111.0,832.4489604437492,0.0664510045926994,0.005141659867981903,0.0715926644606813,10.190044108123791,39.78984425966328,92.53452153410066,32.344477425976635,0.0,42.5345215341005,1.1030355362797557,1611111729866.0,0.34999412213886283,1.0,0.34999412213886283,1.0004530523950717,2595.0,0.12011421061323016,1331.25
985048,long,close,1347.1,-27730.0,1343.957660223305,166381.0,780.6484442630028,0.04813019146352399,0.0051462400712641975,0.05327643153478819,10.195190348195055,39.812753125223246,92.58779796563546,32.392607617440156,0.0,42.58779796563529,1.1031302956763298,1611111761874.0,0.381308836533817,1.0,0.381308836533817,1.0004531426058347,32008.0,0.12013896901151058,1332.5
985056,long,close,1347.45,-27730.0,1343.957660223305,138651.0,718.0705916228478,0.053477132796985356,0.005144903335930832,0.05862203613291619,10.200335251530985,39.837960600760404,92.64642000176838,32.44608475023714,0.0,42.646420001768206,1.103240262598906,1611111768219.0,0.42045401316777814,1.0,0.42045401316777814,1.0004532748556436,6345.0,0.12013994471193543,1333.75
985073,long,close,1347.95,-27730.0,1343.957660223305,110921.0,640.967879626254,0.061110803683782834,0.0051429949182091326,0.06625379860199197,10.205478246449195,39.86644973415926,92.71267380037037,32.50719555392092,0.0,42.7126738003702,1.1033653359168873,1611111771068.0,0.4668914275787165,1.0,0.4668914275787165,1.000453467084869,2849.0,0.12014201807533822,1335.0
985127,long,close,1348.7,-27730.0,1343.957660223305,83191.0,543.6329758130228,0.07255069747382281,0.005140134944761622,0.07769083241858443,10.210618381393957,39.89985679209926,92.79036463278896,32.579746251394745,0.0,42.79036463278878,1.1035066625172307,1611111800555.0,0.5242574930407081,1.0,0.5242574930407081,1.0004537491342742,29487.0,0.12014860405320592,1335.0
985130,long,close,1348.9,-83191.0,1343.957660223305,0.0,0.0,0.22680028822503143,0.015418303803098821,0.24221859202813026,10.226036685197055,40.00401078667135,93.0325832248171,32.806546539619774,0.0,43.03258322481691,1.1039649033464065,1611111801089.0,0.5969655811891442,1.0,0.5969655811891442,1.0004553285452638,534.0,0.12014896994086524,
986881,long,entry,1340.15,57504.0,1340.15,57504.0,426.6572332596015,0.0,0.010727157407752862,0.010727157407752862,10.236763842604809,40.00862346435669,93.04331038222486,32.806546539619774,0.0,43.04331038222466,1.103845523943234,1611112495611.0,1.0,1.0,1.0,1.0004550794017346,694522.0,0.12036252637135304,1332.5
987143,long,reentry,1332.5,106554.0,1335.1814029184802,164058.0,771.2947576083589,0.0,0.019991369606003753,0.019991369606003753,10.256755212210813,40.01721975328727,93.06330175183086,32.806546539619774,0.0,43.063301751830664,1.1038772205338918,1611112525636.0,0.6797709060985465,1.0,0.6797709060985465,1.0004549035252175,30025.0,0.12039448056026669,1323.75
987520,long,reentry,1323.75,303999.0,1327.756804940424,468057.0,1072.3048468486122,0.0,0.05741246458923513,0.05741246458923513,10.314167676800048,40.04190711306064,93.1207142164201,32.806546539619774,0.0,43.1207142164199,1.1039819655153746,1611112543340.0,0.4173190620168023,1.0,0.4173190620168023,1.0004550220342023,17704.0,0.12044046044278749,1305.6
988820,long,close,1328.7,-24634.0,1327.756804940424,443423.0,1059.709254519678,0.013170157948272159,0.004634981560924212,0.01780513950919637,10.318802658360973,40.0495633230496,93.13851935592929,32.81971669756805,0.0,43.1385193559291,1.1039986000764959,1611112627580.0,0.18275676636795038,1.0,0.18275676636795038,1.0004548291600281,84240.0,0.12059901176182469,1305.6
988831,long,close,1329.5,-24634.0,1327.756804940424,418789.0,1045.948381615386,0.024326187278815838,0.0046321925535915765,0.028958379832407413,10.323434850914564,40.06201542637753,93.1674777357617,32.844042884846864,0.0,43.16747773576151,1.104052893491599,1611112629038.0,0.20259659541767708,1.0,0.20259659541767708,1.00045472403061,1458.0,0.12060035334990886,1306.8
988839,long,close,1330.45,-26174.0,1327.756804940424,392615.0,1029.8617136725866,0.03990440259627409,0.004918260738847758,0.044822663335121846,10.328353111653412,40.08128917161163,93.21230039909682,32.883947287443135,0.0,43.21230039909663,1.1041371443108532,1611112630090.0,1.0,1.0,1.0,1.000454743281242,1052.0,0.1206013290503337,1308.0
988841,long,close,1330.6,-26174.0,1327.756804940424,366441.0,1012.0662296004581,0.04212216634443813,0.004917706297910718,0.04703987264234885,10.333270817951323,40.10151631684784,93.25934027173918,32.926069453787576,0.0,43.25934027173898,1.1042256416824252,1611112630618.0,1.0,1.0,1.0,1.000454779684258,528.0,0.12060157297543991,1309.2
988852,long,close,1330.7,-26174.0,1327.756804940424,340267.0,992.2779983719364,0.04360039774082127,0.004917336740061622,0.048517734480882896,10.338188154691386,40.12237894267462,93.30785800622006,32.9696698515284,0.0,43.30785800621986,1.104316796643178,1611112631575.0,0.2393339123634287,1.0,0.2393339123634287,1.0004548273981695,957.0,0.12060291456352408,1310.4
988858,long,close,1330.85,-26174.0,1327.756804940424,314093.0,970.1413409020499,0.04581732830702699,0.00491678250742007,0.050734110814447064,10.343104937198806,40.14419461032484,93.3585921170345,33.015487179835425,0.0,43.358592117034306,1.1044121388025276,1611112632248.0,0.25429076137832163,1.0,0.25429076137832163,1.000454892144582,673.0,0.12060364633884271,1310.4
988904,long,close,1332.15,-28553.0,1327.756804940424,285540.0,942.7341005139807,0.0709186674746462,0.005358443118267462,0.07627711059291366,10.348463380317073,40.176993767879786,93.43486922762742,33.08640584731007,0.0,43.43486922762722,1.1045546940147706,1611112636752.0,0.2707897317332758,1.0,0.2707897317332758,1.0004551556642458,4504.0,0.12060925661628556,1311.6
988917,long,close,1332.8,-31726.0,1327.756804940424,253814.0,907.4451684240386,0.09041439194893554,0.005951005402160865,0.09636539735109641,10.354414385719233,40.21843088874076,93.53123462497852,33.176820239259,0.0,43.53123462497831,1.1047355708908384,1611112637886.0,0.2925337882150908,1.0,0.2925337882150908,1.0004555746045964,1134.0,0.12061084212947594,1312.8
988923,long,close,1333.2,-31726.0,1327.756804940424,222088.0,865.7535795570595,0.09755631262359857,0.005949219921992199,0.10350553254559076,10.360363605641226,40.262938267735365,93.6347401575241,33.2743765518826,0.0,43.6347401575239,1.1049297394551723,1611112638782.0,1.0,1.0,1.0,1.0004560476097943,896.0,0.12061157390479457,1314.0
988928,long,close,1333.75,-31726.0,1327.756804940424,190362.0,815.7461670387652,0.10736945888667634,0.005946766635426429,0.11331622552210277,10.366310372276653,40.311664244709874,93.74805638304622,33.38174601076927,0.0,43.748056383046006,1.1051422860821347,1611112638869.0,1.0,1.0,1.0,1.000456595077307,87.0,0.12061218371756009,1315.2
988965,long,close,1335.15,-38072.0,1327.756804940424,152290.0,740.7493167140202,0.15877760998902105,0.007128787027674792,0.16590639701669585,10.373439159304327,40.383003995427046,93.9139627800629,33.54052362075829,0.0,43.913962780062704,1.1054526715713473,1611112641029.0,0.38842735911926735,1.0,0.38842735911926735,1.000457547362858,2160.0,0.120616696332025,1316.4
988997,long,close,1333.75,-30458.0,1327.756804940424,121832.0,664.4824223055358,0.10307820017557802,0.005709090909090909,0.10878729108466893,10.379148250213419,40.42978253059346,94.02275007114757,33.643601820933874,0.0,44.02275007114737,1.1056553239702034,1611112645478.0,0.4446532093458633,1.0,0.4446532093458633,1.000458055397171,4449.0,0.12062059913372437,1317.6
989104,long,close,1336.25,-40610.0,1327.756804940424,81222.0,528.2654631273086,0.19440070421025818,0.007597754911131899,0.20199845912139008,10.38674600512455,40.51664186801565,94.22474853026895,33.838002525144134,0.0,44.22474853026876,1.1060288584584737,1611112664560.0,0.5017004707120092,1.0,0.5017004707120092,1.0004592792515783,19082.0,0.12063364912690668,1320.0
989355,long,close,1336.2,-81222.0,1327.756804940424,0.0,0.0,0.38653649000994067,0.015196452626852267,0.40173294263679293,10.401942457751403,40.689387033349476,94.62648147290575,34.22453901515407,0.0,44.62648147290555,1.1067728950952564,1611112686746.0,0.6045621205724167,1.0,0.6045621205724167,1.0004620287606845,22186.0,0.12066426172773616,
1004558,long,entry,1348.7,58862.0,1348.7,58862.0,429.3774836438094,0.0,0.010910877140950546,0.010910877140950546,10.412853334892354,40.69407871052008,94.6373923500467,34.22453901515407,0.0,44.637392350046504,1.1049176021656888,1611121922370.0,1.0,1.0,1.0,1.0004617778315081,9235624.0,0.12251845842259976,1341.25
1004666,long,close,1349.65,-58862.0,1348.7,0.0,0.0,0.030720063079774266,0.010903197125180602,0.04162326020495487,10.423756532017535,40.7119767124082,94.67901561025164,34.25525907823385,0.0,44.67901561025146,1.104992510065561,1611121927727.0,0.6811277088531362,1.0,0.6811277088531362,1.0004617619531722,5357.0,0.12253163037833516,
1005047,long,entry,1347.6,58847.0,1347.6,58847.0,429.0290728625051,0.0,0.010917000593647969,0.010917000593647969,10.434673532611184,40.716671022663476,94.68993261084529,34.25525907823385,0.0,44.68993261084511,1.1049924490187535,1611122027812.0,1.0,1.0,1.0,1.0004615115799609,100085.0,0.12257809811106837,1340.0
1005215,long,close,1348.55,-58847.0,1347.6,0.0,0.0,0.030762376074939368,0.01090930999962923,0.0416716860745686,10.445582842610813,40.73458984767554,94.73160429691985,34.28602145430879,0.0,44.73160429691968,1.105066886517533,1611122035705.0,0.6811141126337855,1.0,0.6811141126337855,1.000461496109852,7893.0,0.1225985878199901,
1005249,long,entry,1347.1,58857.0,1347.1,58857.0,428.86566867475443,0.0,0.010922908470046767,0.010922908470046767,10.45650575108086,40.739286698317656,94.7425272053899,34.28602145430879,0.0,44.74252720538973,1.1050850639351573,1611122044425.0,1.0,1.0,1.0,1.0004612462886144,8720.0,0.1226027345467957,1340.0
1005261,long,close,1348.05,-58857.0,1347.1,0.0,0.0,0.030790439661864216,0.010915210860131301,0.04170565052199551,10.467420961940991,40.75722012804212,94.78423285591191,34.31681189397065,0.0,44.784232855911725,1.1051601570855016,1611122049151.0,0.6816142029140649,1.0,0.6816142029140649,1.0004612311144148,4726.0,0.12260419809743296,
1005289,long,entry,1347.0,58886.0,1347.0,58886.0,428.83721464918955,0.0,0.010929101707498145,0.010929101707498145,10.47835006364849,40.761919641776345,94.79516195761941,34.31681189397065,0.0,44.79516195761922,1.1051790663118644,1611122054211.0,1.0,1.0,1.0,1.0004609818450851,5060.0,0.12260761304891991,1340.0
1005554,long,close,1347.95,-58886.0,1347.0,0.0,0.0,0.030810183232679023,0.010921399161689972,0.041731582394369,10.48927146281018,40.77986422220592,94.83689354001378,34.34762207720333,0.0,44.83689354001359,1.1052448961497945,1611122105272.0,0.6807346525839864,1.0,0.6807346525839864,1.0004609669041002,51061.0,0.12263993312549289,
1005603,long,entry,1346.1,58879.0,1346.1,58879.0,428.5489316218514,0.0,0.010935108832924745,0.010935108832924745,10.500206571643105,40.78456631900408,94.8478286488467,34.34762207720333,0.0,44.847828648846516,1.1052616269445865,1611122121210.0,1.0,1.0,1.0,1.000460718183084,15938.0,0.12264590929059506,1338.75
1005916,long,close,1347.05,-58879.0,1346.1,0.0,0.0,0.03084771431284515,0.010927396904346536,0.041775111217191685,10.511133968547451,40.80252961682747,94.88960376006389,34.37846979151618,0.0,44.88960376006371,1.1053123883497933,1611122247664.0,0.6803901020831179,1.0,0.6803901020831179,1.0004607036073316,126454.0,0.12268408356971709,
1006799,long,entry,1343.45,58796.0,1343.45,58796.0,427.7065316402067,0.0,0.010941233391640924,0.010941233391640924,10.522075201939092,40.807234347185876,94.90054499345553,34.37846979151618,0.0,44.90054499345535,1.105228363849462,1611122767297.0,1.0,1.0,1.0,1.000460455433243,519633.0,0.12279177650410929,1336.25
1006858,long,close,1344.4,-58796.0,1343.45,0.0,0.0,0.030925830770776902,0.01093350193394823,0.04185933270472513,10.53300870387304,40.82523386024891,94.94240432616026,34.40939562228696,0.0,44.94240432616007,1.1052994996936842,1611122792129.0,0.6814104047372761,1.0,0.6814104047372761,1.0004604415285088,24832.0,0.12279897229474251,
1006897,long,entry,1343.2,58818.0,1343.2,58818.0,427.6280977331647,0.0,0.010947364502680166,0.010947364502680166,10.54395606837572,40.82994122698506,94.95335169066294,34.40939562228696,0.0,44.95335169066275,1.1053153139877991,1611122812543.0,1.0,1.0,1.0,1.000460193898875,20414.0,0.12280372883431363,1335.0
1007148,long,reentry,1335.0,108989.0,1337.8741804573112,167807.0,772.9378048552184,0.0,0.02040992509363296,0.02040992509363296,10.564365993469353,40.838717494775324,94.97376161575657,34.40939562228696,0.0,44.97376161575638,1.1053419000875802,1611122865045.0,0.6796673300624259,1.0,0.6796673300624259,1.0004600180730123,52502.0,0.12283434143514312,1326.25
1007254,long,close,1338.8,-23972.0,1337.8741804573112,143835.0,720.3894485343759,0.012390808265894688,0.004476396773229758,0.016867205039124446,10.568842390242583,40.84597039294215,94.99062882079569,34.42178643055285,0.0,44.99062882079551,1.1053662752881697,1611122896371.0,0.4206732087728839,1.0,0.4206732087728839,1.0004598157382447,31326.0,0.1228472694657723,1327.5
1007356,long,close,1341.85,-28767.0,1337.8741804573112,115068.0,643.6176172773623,0.0637091769515087,0.005359578194284011,0.0690687551457927,10.574201968436867,40.875669957654836,95.05969757594148,34.485495607504355,0.0,45.0596975759413,1.105481003266339,1611122949761.0,0.4620546999705964,1.0,0.4620546999705964,1.0004600070480798,53390.0,0.12285970964618907,1328.75
1007371,long,close,1342.6,-28767.0,1337.8741804573112,86301.0,546.5012220757544,0.0756849959466314,0.00535658423953523,0.08104158018616664,10.579558552676403,40.91051783713489,95.14073915612765,34.561180603450985,0.0,45.14073915612747,1.1056273457455164,1611122953284.0,0.5203862906387255,1.0,0.5203862906387255,1.0004602877702264,3523.0,0.12286153908448566,1328.75
1007372,long,close,1342.65,-86301.0,1337.8741804573112,0.0,0.0,0.22944872451269266,0.016069154284437493,0.24551787879713016,10.59562770696084,41.01609052501765,95.38625703492478,34.79062932796368,0.0,45.3862570349246,1.1060720731721292,1611122953853.0,1.0,1.0,1.0,1.0004618017415756,569.0,0.12286166104703876,
1018984,long,entry,1346.8,59251.0,1346.8,59251.0,428.772458910524,0.0,0.010998477873477875,0.010998477873477875,10.606626184834319,41.020819870503246,95.39725551279825,34.79062932796368,0.0,45.397255512798075,1.1047604042997996,1611129646738.0,1.0,1.0,1.0,1.0004615542008066,6692885.0,0.12427789021370035,1338.75
1019792,long,reentry,1338.75,109792.0,1341.5715930266263,169043.0,775.0450417571888,0.0,0.020502707749766577,0.020502707749766577,10.627128892584086,41.02963603483565,95.41775822054802,34.79062932796368,0.0,45.41775822054784,1.1047428492295637,1611129922503.0,0.679709823776407,1.0,0.679709823776407,1.0004613781370504,275765.0,0.12437643595660963,1330.0
1020059,long,close,1342.5,-24149.0,1341.5715930266263,144894.0,722.3500468432516,0.012448281399548674,0.004497020484171322,0.016945301883719996,10.631625913068257,41.036922514645646,95.43470352243173,34.80307760936323,0.0,45.43470352243156,1.1047643150294928,1611129967180.0,0.4205054082341854,1.0,0.4205054082341854,1.0004611756921764,44677.0,0.1244089999582888,1331.25
1020221,long,close,1342.5,-24149.0,1341.5715930266263,120745.0,659.5687171733526,0.012448281399548674,0.004497020484171322,0.016945301883719996,10.636122933552429,41.04420899445564,95.45164882431544,34.81552589076278,0.0,45.451648824315285,1.1047831314046062,1611130025306.0,0.46141511568501975,1.0,0.46141511568501975,1.0004609735134504,58126.0,0.12442875789189191,1331.25
1020570,long,close,1346.35,-30186.0,1341.5715930266263,90559.0,561.6739300466606,0.07985771415208154,0.005605154677461284,0.08546286882954282,10.64172808822989,41.08095802805234,95.537111693145,34.89538360491486,0.0,45.53711169314483,1.1048646092097225,1611130386097.0,0.5087011417703146,1.0,0.5087011417703146,1.000461282833069,360791.0,0.12447132282292574,1332.5
1020571,long,close,1346.4,-90559.0,1341.5715930266263,0.0,0.0,0.24207365632595332,0.01681502525252525,0.25888868157847855,10.658543113482414,41.192280161131094,95.79600037472348,35.13745726124082,0.0,45.796000374723306,1.1053251918685583,1611130386126.0,1.0,1.0,1.0,1.0004628814232028,29.0,0.12447144478547885,
1020761,long,entry,1341.85,59287.0,1341.85,59287.0,427.1974791942899,0.0,0.011045757722547232,0.011045757722547232,10.669588871204962,41.197029836951785,95.80704613244602,35.13745726124082,0.0,45.807046132445855,1.1053250725034665,1611130486210.0,1.0,1.0,1.0,1.0004626341708756,100084.0,0.1244946176705689,1333.75
1020833,long,close,1342.8,-59287.0,1341.85,0.0,0.0,0.03125847434143386,0.01103794310396187,0.04229641744539573,10.680626814308923,41.215217296453304,95.8493425498914,35.16871573558225,0.0,45.84934254989125,1.105395872562338,1611130508130.0,0.6812197006236177,1.0,0.6812197006236177,1.0004626191322288,21920.0,0.1245033989743925,
1022006,long,entry,1339.65,59223.0,1339.65,59223.0,426.4982889798987,0.0,0.011051953868547754,0.011051953868547754,10.69167876817747,41.219969636616774,95.86039450375995,35.16871573558225,0.0,45.86039450375979,1.1052293448174413,1611131452624.0,1.0,1.0,1.0,1.0004623724178006,944494.0,0.12464646104918531,1332.5
1022210,long,reentry,1332.5,109740.0,1335.0061371424515,168963.0,771.1136925620939,0.0,0.020589118198874296,0.020589118198874296,10.712267886376344,41.22882295744229,95.88098362195882,35.16871573558225,0.0,45.88098362195867,1.1052629931521678,1611131467051.0,0.6798902022892643,1.0,0.6798902022892643,1.0004621966756326,14427.0,0.12467134141001883,1323.75
1023811,long,reentry,1323.75,313088.0,1327.6953723776114,482051.0,1072.181758173838,0.0,0.059128989612842305,0.059128989612842305,10.771396875989186,41.25424842297581,95.94011261157166,35.16871573558225,0.0,45.940112611571514,1.1053042549504977,1611131789491.0,0.4174558490880911,1.0,0.4174558490880911,1.0004623062379916,322440.0,0.12486660345754082,1305.6
1025658,long,reentry,1305.6,110426.0,1323.5772317743981,592477.0,1113.6725755236494,0.0,0.02114468443627451,0.02114468443627451,10.79254156042546,41.26334063728341,95.96125729600794,35.16871573558225,0.0,45.96125729600779,1.1052926779536207,1611132038522.0,0.17875090331749985,1.0,0.17875090331749985,1.0004621347703435,249031.0,0.12509186829312674,0.05
1124741,long,close,1324.5,-31183.0,1323.5772317743981,561294.0,1102.5831637963533,0.016413805241517,0.0058858059645149115,0.02229961120603191,10.798427366389976,41.27292947010201,95.98355690721397,35.18512954082377,0.0,45.98355690721382,1.0990690479295002,1611165883523.0,0.09483270977880323,1.0,0.09483270977880323,1.0004619720368182,33845001.0,0.13717628394248343,1298.4
1124758,long,close,1325.35,-31183.0,1323.5772317743981,530111.0,1090.4137523261277,0.031513016981319135,0.005882031161579961,0.037395048142899096,10.804309397551556,41.28900934080345,96.02095195535686,35.216642557805095,0.0,46.020951955356715,1.0991310238154675,1611165883737.0,0.16770472632847455,1.0,0.16770472632847455,1.0004619208151833,214.0,0.13717835730588623,1299.6
1124796,long,close,1326.2,-31183.0,1323.5772317743981,498928.0,1077.0053007645758,0.04659287367667119,0.005878261197406123,0.05247113487407731,10.810187658748962,41.3115719287993,96.07342309023095,35.26323543148177,0.0,46.07342309023079,1.099218000396753,1611165883753.0,0.17692198646880455,1.0,0.17692198646880455,1.0004619805964239,16.0,0.13718299188290425,1300.8
1124824,long,close,1325.35,-27718.0,1323.5772317743981,471210.0,1063.9548798157855,0.028011346076009486,0.005228430225978044,0.03323977630198753,10.81541608897494,41.325865032609165,96.10666286653294,35.291246777557774,0.0,46.10666286653278,1.0992718780337507,1611165890642.0,0.18716581074371633,1.0,0.18716581074371633,1.0004618986146125,6889.0,0.1371864068343912,1302.0
1124844,long,close,1325.35,-26178.0,1323.5772317743981,445032.0,1050.4772188207662,0.026455047895871865,0.004937940921266082,0.031392988817137944,10.820354029896206,41.339364017800534,96.13805585535007,35.317701825453646,0.0,46.13805585534992,1.0993222747187146,1611165899849.0,0.19713637200740608,1.0,0.19713637200740608,1.0004618030917456,9207.0,0.13718884608545331,1302.0
1124917,long,close,1325.35,-24724.0,1323.5772317743981,420308.0,1036.573829904177,0.024985659873845822,0.004663673746557514,0.029649333620403336,10.825017703642764,41.352113231257306,96.16770518897049,35.342687485327495,0.0,46.167705188970324,1.0993604092923257,1611165962662.0,0.20697752702920308,1.0,0.20697752702920308,1.0004616948270106,62813.0,0.13719774935183002,1303.2
1124948,long,close,1325.4,-24724.0,1323.5772317743981,395584.0,1021.3641216972457,0.025689398178745597,0.004663497811981288,0.030352895990726884,10.829681201454745,41.365164976533315,96.1980580849612,35.368376883506244,0.0,46.19805808496105,1.0994064019449146,1611165987020.0,0.217680128374206,1.0,0.217680128374206,1.00046159180807,24358.0,0.13720153019097628,1304.4
1124949,long,close,1325.45,-24724.0,1323.5772317743981,370860.0,1004.6552955243886,0.0263930833893498,0.004663321890678637,0.031056405280028437,10.834344523345424,41.378519230803725,96.22911449024123,35.394769966895595,0.0,46.229114490241074,1.0994576174234991,1611165988048.0,1.0,1.0,1.0,1.0004614940186045,1028.0,0.1372016521535294,1305.6
1124959,long,close,1325.5,-24724.0,1323.5772317743981,346136.0,986.2146495963751,0.027096715511670977,0.004663145982648057,0.03175986149431903,10.839007669328073,41.39217597124629,96.26087435173555,35.42186668240726,0.0,46.260874351735396,1.0995072662052856,1611166004611.0,0.24196982266994477,1.0,0.24196982266994477,1.0004614014422348,16563.0,0.13720287177906043,1305.6
1124979,long,close,1326.65,-26625.0,1323.5772317743981,319511.0,964.04461433527,0.046592259332030365,0.0050173369012173515,0.05160959623324772,10.84402500622929,41.414368097626586,96.3124839479688,35.46845894173929,0.0,46.312483947968644,1.0995891684337595,1611166024317.0,0.2561642345692385,1.0,0.2561642345692385,1.0004614540381473,19706.0,0.13720531103012257,1306.8
1125068,long,close,1324.5,-22822.0,1323.5772317743981,296689.0,942.9325702497214,0.012012823115861238,0.004307663269158173,0.01632048638501941,10.848332669498447,41.421385906772144,96.32880443435383,35.48047176485515,0.0,46.328804434353664,1.0996066077997741,1611166078841.0,0.27184212822593756,1.0,0.27184212822593756,1.0004612486632245,54524.0,0.13721616569734896,1308.0
1125200,long,close,1324.5,-22822.0,1323.5772317743981,273867.0,919.4414704682771,0.012012823115861238,0.004307663269158173,0.01632048638501941,10.852640332767605,41.4284037159177,96.34512492073885,35.49248458797101,0.0,46.345124920738684,1.099621093624535,1611166150200.0,0.286737843986595,1.0,0.286737843986595,1.0004610435568129,71359.0,0.13723226475435887,1308.0
1125232,long,close,1325.85,-24897.0,1323.5772317743981,248970.0,890.5367906253033,0.032244710912811406,0.0046945355809480714,0.03693924649375948,10.857334868348552,41.444287591910026,96.38206416723261,35.52472929888383,0.0,46.38206416723244,1.0996807580696568,1611166158004.0,0.30584615871935594,1.0,0.30584615871935594,1.00046098903356,7804.0,0.13723616755605825,1309.2
1125234,long,close,1326.0,-24897.0,1323.5772317743981,224073.0,857.5785896419665,0.034368935157584206,0.004694004524886878,0.039062939682471085,10.862028872873438,41.46108465597349,96.4211271069151,35.559098234041414,0.0,46.421127106914916,1.0997449004664963,1611166160142.0,1.0,1.0,1.0,1.000460949947273,2138.0,0.13723641148116447,1310.4
1125238,long,close,1326.4,-28009.0,1323.5772317743981,196064.0,814.4934453970643,0.04503488133428873,0.005279139022919179,0.0503140203572079,10.867308011896357,41.48271968472709,96.4714411272723,35.6041331153757,0.0,46.47144112727212,1.0998276498047888,1611166161949.0,1.0,1.0,1.0,1.0004609926285584,1807.0,0.1372368993313769,1311.6
1125244,long,close,1326.65,-28009.0,1323.5772317743981,168055.0,763.3444445659936,0.04901418184528971,0.0052781441977914284,0.05429232604308114,10.87258615609415,41.50606538492561,96.52573345331538,35.65314729722099,0.0,46.525733453315205,1.0999171110698627,1611166162696.0,0.38609877867189424,1.0,0.38609877867189424,1.0004610639554878,747.0,0.1372376311066955,1312.8
1125618,long,close,1324.5,-24007.0,1323.5772317743981,144048.0,711.3406211156348,0.012636571928072944,0.004531332578331446,0.01716790450640439,10.87711748867248,41.51344758386337,96.54290135782179,35.66578386914906,0.0,46.542901357821606,1.0998891357057676,1611166483504.0,0.42227772302581273,1.0,0.42227772302581273,1.0004608656041558,320808.0,0.137283245101557,1312.8
1125663,long,close,1324.5,-24008.0,1323.5772317743981,120040.0,649.400651581778,0.01263709829837861,0.004531521328803322,0.01716861962718193,10.881649010001285,41.52083009030306,96.56006997744898,35.67842096744744,0.0,46.56006997744879,1.0999112691483146,1611166518664.0,0.46277424581554655,1.0,0.46277424581554655,1.0004606675135175,35160.0,0.13728873341644673,1314.0
1125791,long,close,1328.25,-30010.0,1323.5772317743981,90030.0,552.8644810012192,0.07976477107742426,0.0056484095614530395,0.0854131806388773,10.887297419562737,41.557557757977776,96.64548315808786,35.75818573852486,0.0,46.64548315808767,1.1000429299262324,1611166570268.0,0.5097753064227538,1.0,0.5097753064227538,1.0004609638791306,51604.0,0.13730434462324426,1315.2
1125803,long,close,1328.4,-90030.0,1323.5772317743981,0.0,0.0,0.24694798472475638,0.016943315266485997,0.2638912999912424,10.904240734829223,41.67103101697401,96.9093744580791,36.005133723249614,0.0,46.909374458078915,1.1004768186883942,1611166571301.0,0.5836079977396202,1.0,0.5836079977396202,1.0004625480691625,1033.0,0.13730580817388152,
1140940,long,entry,1323.45,59153.0,1323.45,59153.0,421.3364390739971,0.0,0.011174014885337565,0.011174014885337565,10.91541474971456,41.675835843374706,96.92054847296444,36.005133723249614,0.0,46.92054847296425,1.0993273571261897,1611173266680.0,1.0,1.0,1.0,1.0004623055380546,6695379.0,0.13915195534024016,1316.4
1141054,long,close,1324.35,-59153.0,1323.45,0.0,0.0,0.03037448830536545,0.011166421263261225,0.041540909568626674,10.926581170977823,41.69369843448922,96.96208938253307,36.035508211554976,0.0,46.962089382532874,1.0993914667901399,1611173285770.0,0.6811439086771628,1.0,0.6811439086771628,1.0004622820221873,19090.0,0.1391658590712942,
1141102,long,entry,1323.0,59165.0,1323.0,59165.0,421.19291702114657,0.0,0.011180083144368858,0.011180083144368858,10.937761254122192,41.6985058702413,96.97326946567743,36.035508211554976,0.0,46.97326946567724,1.0994087710861997,1611173290588.0,1.0,1.0,1.0,1.0004620400148583,4818.0,0.13917171327384326,1315.2
1141151,long,close,1323.9,-59165.0,1323.0,0.0,0.0,0.030401313784830245,0.011172482815922653,0.0415737966007529,10.948933736938114,41.716382602779625,97.01484326227819,36.065909525339805,0.0,47.01484326227799,1.0994733754799417,1611173306907.0,0.6814092379099531,1.0,0.6814092379099531,1.000462016790756,16319.0,0.13917768943894543,
1141208,long,entry,1322.75,59186.0,1322.75,59186.0,421.11330904055995,0.0,0.011186165186165185,0.011186165186165185,10.96011990212428,41.72119265380967,97.02602942746435,36.065909525339805,0.0,47.02602942746416,1.099487878505323,1611173327948.0,1.0,1.0,1.0,1.0004617753052452,21041.0,0.13918464130447245,1315.2
1141303,long,close,1323.65,-59186.0,1322.75,0.0,0.0,0.03042359737861133,0.011178559286820534,0.041602156665431864,10.9712984614111,41.73908158117581,97.06763158412978,36.09633312271841,0.0,47.06763158412959,1.0995494881984698,1611173361645.0,0.6812162687051023,1.0,0.6812162687051023,1.0004617523388604,33697.0,0.13919622774701745,
1141360,long,entry,1322.35,59201.0,1322.35,59201.0,420.9894121711827,0.0,0.011192384769539078,0.011192384769539078,10.982490846180639,41.74389430662671,97.07882396889933,36.09633312271841,0.0,47.07882396889913,1.099566089326901,1611173370528.0,1.0,1.0,1.0,1.000461511374131,8883.0,0.13920317961254447,1315.2
1141649,long,close,1323.25,-59201.0,1322.35,0.0,0.0,0.030449714846282838,0.011184772340827508,0.041634487187110346,10.993675618521467,41.76179713611717,97.12045845608644,36.1267828375647,0.0,47.12045845608624,1.0996196704371914,1611173450729.0,0.6805846645135184,1.0,0.6805846645135184,1.000461488692478,80201.0,0.13923842679039197,
1141720,long,entry,1321.3,59186.0,1321.3,59186.0,420.65422139707556,0.0,0.011198440929387724,0.011198440929387724,11.004874059450854,41.766612465716804,97.13165689701583,36.1267828375647,0.0,47.13165689701563,1.0996321251678138,1611173483580.0,1.0,1.0,1.0,1.0004612482453223,32851.0,0.13924708613166248,1314.0
1142011,long,reentry,1314.0,109671.0,1316.55872010044,168857.0,760.4956960309269,0.0,0.020865867579908676,0.020865867579908676,11.025739927030763,41.77558478877617,97.15252276459574,36.1267828375647,0.0,47.15252276459554,1.0996556544694687,1611173542874.0,0.6798552293488522,1.0,0.6798552293488522,1.0004610772126266,59294.0,0.1392825772346162,1305.6
1142392,long,close,1317.5,-24122.0,1316.55872010044,144735.0,708.7813873452382,0.01309004802839563,0.004577229601518027,0.017667277629913658,11.03031715663228,41.78318171815704,97.17019004222567,36.13987288559309,0.0,47.17019004222545,1.0996535366887652,1611173720504.0,0.42086151922405907,1.0,0.42086151922405907,1.0004608835474267,177630.0,0.1393290449673494,1305.6
1142473,long,close,1317.5,-24122.0,1316.55872010044,120613.0,647.1704791336341,0.01309004802839563,0.004577229601518027,0.017667277629913658,11.034894386233798,41.790778647537905,97.1878573198556,36.15296293362149,0.0,47.18785731985536,1.0996776404000368,1611173746409.0,0.4617599670841491,1.0,0.4617599670841491,1.000460690127765,25905.0,0.13933892393415095,1306.8
1142488,long,close,1317.5,-24122.0,1316.55872010044,96491.0,572.5215011990895,0.01309004802839563,0.004577229601518027,0.017667277629913658,11.039471615835316,41.79837557691877,97.20552459748552,36.166052981649884,0.0,47.20552459748527,1.0997039813709806,1611173759338.0,0.5086584829870295,1.0,0.5086584829870295,1.0004604969531394,12929.0,0.13934075337244753,1308.0
1142490,long,close,1317.7,-96491.0,1316.55872010044,0.0,0.0,0.06347784812227003,0.01830670865902709,0.08178455678129712,11.057778324494343,41.83354293633473,97.28730915426682,36.22953082977215,0.0,47.287309154266566,1.0998361746250778,1611173759527.0,1.0,1.0,1.0,1.0004607604740434,189.0,0.13934099729755375,
1142495,long,entry,1318.0,59140.0,1318.0,59140.0,419.60554475877035,0.0,0.01121775417298938,0.01121775417298938,11.068996078667332,41.83836657062912,97.29852690843981,36.22953082977215,0.0,47.298526908439555,1.099853450376096,1611173764453.0,1.0,1.0,1.0,1.0004605215289069,4926.0,0.1393416071103193,1310.4
1142572,long,close,1318.9,-59140.0,1318.0,0.0,0.0,0.030619391176560203,0.011210099325195238,0.04182949050175544,11.080206177992528,41.856353251544874,97.34035639894157,36.26015022094871,0.0,47.34035639894131,1.0999146882507993,1611173801069.0,0.6809932377247346,1.0,0.6809932377247346,1.0004605003725682,36616.0,0.1393509982269084,
1142610,long,entry,1318.45,59192.0,1318.45,59192.0,419.74660878696375,0.0,0.01122378550570746,0.01122378550570746,11.091429963498236,41.86117947931233,97.35158018444727,36.26015022094871,0.0,47.351580184447016,1.0999288103560974,1611173824185.0,1.0,1.0,1.0,1.0004602619365512,23116.0,0.1393556328039264,1311.6
1142932,long,reentry,1311.6,109682.0,1314.0009924559138,168874.0,758.9464872204636,0.0,0.02090614516620921,0.02090614516620921,11.112336108664445,41.870169121733795,97.37248632961348,36.26015022094871,0.0,47.372486329613224,1.0999287317306174,1611174019423.0,0.679961412994576,1.0,0.679961412994576,1.000460092479587,195238.0,0.1393949047460264,1303.2
1144152,long,close,1314.9,-24124.0,1314.0009924559138,144750.0,707.3346309020834,0.01255232679291171,0.004586660582553807,0.017138987375465514,11.116922769247,41.87753888630525,97.38962531698895,36.27270254774162,0.0,47.38962531698869,1.0998475422537035,1611174648152.0,0.4190105739719332,1.0,0.4190105739719332,1.0004598965360647,628729.0,0.13954369906081515,1303.2
1144238,long,close,1314.9,-24125.0,1314.0009924559138,120625.0,645.8439391265126,0.012552847118180856,0.004586850711080691,0.017139697829261547,11.12150961995808,41.88490895637183,97.40676501481822,36.2852553948598,0.0,47.40676501481796,1.0998700629159421,1611174677684.0,0.46171406651034325,1.0,0.46171406651034325,1.0004597008463365,29532.0,0.13955418784038223,1304.4
1144353,long,close,1318.65,-30156.0,1314.0009924559138,90469.0,549.9684242106719,0.08091122066852069,0.005717210783756114,0.0866284314522768,11.127226830741835,41.92215918189631,97.4933934462705,36.36616661552832,0.0,47.49339344627023,1.0999973282550122,1611174748748.0,0.5089946104637453,1.0,0.5089946104637453,1.000459996682538,71064.0,0.13956821353398938,1305.6
1144354,long,close,1318.7,-90469.0,1314.0009924559138,0.0,0.0,0.24533766790287556,0.017151171608402217,0.26248883951127777,11.144378002350237,42.035029382886165,97.75588228578178,36.611504283431195,0.0,47.75588228578151,1.1004193887169953,1611174749635.0,1.0,1.0,1.0,1.000461531365108,887.0,0.1395683354965425,
1169362,long,entry,1352.65,60987.0,1352.65,60987.0,430.63636798356526,0.0,0.011271762835914686,0.011271762835914686,11.155649765186151,42.039876240905606,97.7671540486177,36.611504283431195,0.0,47.76715404861743,1.098252905684341,1611187585014.0,1.0,1.0,1.0,1.0004612932041497,12835379.0,0.14261837502460595,1345.0
1169410,long,close,1353.6,-60987.0,1352.65,0.0,0.0,0.031643542240294774,0.011263851950354611,0.04290739419064939,11.166913617136506,42.05832642040759,97.81006144280835,36.64314782567149,0.0,47.81006144280808,1.098317141617127,1611187603719.0,0.6815055336265325,1.0,0.6815055336265325,1.000461277795113,18705.0,0.142624229227155,
1169639,long,entry,1351.95,60989.0,1351.95,60989.0,430.41243020623205,0.0,0.011277968859795111,0.011277968859795111,11.178191585996302,42.06317594701731,97.82133941166815,36.64314782567149,0.0,47.82133941166787,1.0983153885053039,1611187720469.0,1.0,1.0,1.0,1.0004610401352256,116750.0,0.14265215865181619,1343.75
1169807,long,close,1352.9,-60989.0,1351.95,0.0,0.0,0.031677346195005625,0.011270049523246358,0.042947395718251985,11.189461635519548,42.08164332717615,97.8642868073864,36.674825171866495,0.0,47.86428680738612,1.0983737418058015,1611187774547.0,0.6811051120943675,1.0,0.6811051120943675,1.00046102503485,54078.0,0.14267264836073792,
1169855,long,entry,1351.35,60996.0,1351.35,60996.0,430.22272604856255,0.0,0.011284271284271284,0.011284271284271284,11.200745906803819,42.086495563828386,97.87557107867067,36.674825171866495,0.0,47.87557107867039,1.0983878176661288,1611187796256.0,1.0,1.0,1.0,1.0004607878747418,21709.0,0.14267850256328699,1343.75
1169873,long,close,1352.3,-60996.0,1351.35,0.0,0.0,0.03170911105541039,0.011276344006507432,0.042985455061917824,11.212022250810326,42.10497930950501,97.91855653373258,36.70653428292191,0.0,47.91855653373231,1.098453224102475,1611187808121.0,0.6815641715343158,1.0,0.6815641715343158,1.0004607730677575,11865.0,0.14268069788924287,
1172184,long,entry,1347.9,60874.0,1347.9,60874.0,429.1242911411203,0.0,0.011290526003412715,0.011290526003412715,11.223312776813739,42.10983423568648,97.92984705973599,36.70653428292191,0.0,47.92984705973572,1.0982204873000412,1611189313092.0,1.0,1.0,1.0,1.0004605364051458,1504971.0,0.14296255334946978,1340.0
1172494,long,close,1348.85,-60874.0,1347.9,0.0,0.0,0.0318078354249605,0.011282574044556475,0.04309040946951697,11.234595350858296,42.12836311175837,97.9729374692055,36.73834211834687,0.0,47.972937469205235,1.0982743514916395,1611189394217.0,0.6808891681419444,1.0,0.6808891681419444,1.0004605223575223,81125.0,0.1430003617409325,
1173365,long,entry,1345.75,60810.0,1345.75,60810.0,428.43662274963924,0.0,0.011296674716700724,0.011296674716700724,11.245892025574996,42.13322068188655,97.98423414392221,36.73834211834687,0.0,47.98423414392194,1.0982197375959042,1611189829619.0,1.0,1.0,1.0,1.0004602861893561,435402.0,0.14310659112468743,1338.75
1173394,long,close,1346.7,-60810.0,1345.75,0.0,0.0,0.031875966379644065,0.011288705725105814,0.04316467210474988,11.257180731300101,42.151781490891594,98.02739881602696,36.770218084726515,0.0,48.02739881602669,1.0982848331686959,1611189843261.0,0.6815071195735658,1.0,0.6815071195735658,1.0004602726830838,13642.0,0.1431101280387275,
1173445,long,entry,1345.55,60835.0,1345.55,60835.0,428.37411202006837,0.0,0.011302998773735647,0.011302998773735647,11.268483730073838,42.156641780364296,98.03870181480069,36.770218084726515,0.0,48.038701814800426,1.0982932903075906,1611189898554.0,1.0,1.0,1.0,1.000460037008463,55293.0,0.1431163481289359,1337.5
1173555,long,close,1346.5,-60835.0,1345.55,0.0,0.0,0.03189854834028719,0.011295024136650575,0.04319357247693777,11.279778754210488,42.175215016529386,98.08189538727764,36.8021166330668,0.0,48.08189538727736,1.0983534147117717,1611189942152.0,0.6812692618898301,1.0,0.6812692618898301,1.0004600237248802,43598.0,0.1431297640097775,
1173581,long,entry,1345.15,60851.0,1345.15,60851.0,428.24810017209796,0.0,0.011309333531576404,0.011309333531576404,11.291088087742065,42.18007802994796,98.09320472080921,36.8021166330668,0.0,48.09320472080894,1.098366009023446,1611189972489.0,1.0,1.0,1.0,1.000459788542015,30337.0,0.14313293503615823,1337.5
1173926,long,reentry,1337.5,112756.0,1340.1814019595986,173607.0,774.1774509205815,0.0,0.02107588785046729,0.02107588785046729,11.312163975592531,42.18914066172366,98.11428060865968,36.8021166330668,0.0,48.114280608659406,1.0983823977311464,1611190071617.0,0.6798025345455172,1.0,0.6798025345455172,1.0004596215598942,99128.0,0.14317501211697964,1328.75
1175388,long,close,1341.1,-24801.0,1340.1814019595986,148806.0,721.536622710839,0.012675641789421637,0.00462325702781299,0.017298898817234627,11.316787232620344,42.196579188215075,98.13157950747693,36.814792274856224,0.0,48.131579507476644,1.0982931761669994,1611190771845.0,0.4178241457959231,1.0,0.4178241457959231,1.0004594285436257,700228.0,0.14335332136961995,1330.0
1175450,long,close,1341.1,-24801.0,1340.1814019595986,124005.0,658.8207459629265,0.012675641789421637,0.00462325702781299,0.017298898817234627,11.321410489648157,42.204017714706495,98.14887840629417,36.827467916645645,0.0,48.14887840629388,1.0983150664007186,1611190802182.0,0.4611980564456268,1.0,0.4611980564456268,1.0004592357690163,30337.0,0.1433608830479125,1330.0
1175621,long,close,1341.1,-24801.0,1340.1814019595986,99204.0,582.8313051964997,0.012675641789421637,0.00462325702781299,0.017298898817234627,11.32603374667597,42.21145624119791,98.16617730511142,36.84014355843507,0.0,48.16617730511112,1.0983226385624316,1611190918861.0,0.5085994286843243,1.0,0.5085994286843243,1.0004590432355802,116679.0,0.14338173864449355,1331.25
1175622,long,close,1341.15,-99204.0,1340.1814019595986,0.0,0.0,0.05346035384989769,0.018492338664578906,0.0719526925144766,11.344526085340549,42.24239589897913,98.23812999762589,36.893603912284966,0.0,48.2381299976256,1.0984345095762953,1611190918890.0,1.0,1.0,1.0,1.0004592294269874,29.0,0.14338186060704666,
1175725,long,entry,1337.8,60615.0,1337.8,60615.0,425.9085785989128,0.0,0.011327365824487966,0.011327365824487966,11.355853451165038,42.24726666628366,98.24945736345038,36.893603912284966,0.0,48.249457363450084,1.0984460821339204,1611190955247.0,1.0,1.0,1.0,1.0004589957426604,36357.0,0.14339442275001651,1330.0
1176018,long,reentry,1330.0,112319.0,1332.733973654689,172934.0,769.9078911669261,0.0,0.021112593984962406,0.021112593984962406,11.37696604515,42.2563450816972,98.27056995743534,36.893603912284966,0.0,48.27056995743504,1.0984500753584328,1611191128886.0,0.6797559467657335,1.0,0.6797559467657335,1.0004588300007267,173639.0,0.14343015777807644,1321.25
1176542,long,close,1333.65,-24704.0,1332.733973654689,148230.0,717.5618790382316,0.012731802847473939,0.004630900161211712,0.01736270300868565,11.381596945311212,42.263811043990934,98.28793266044403,36.90633571513244,0.0,48.28793266044373,1.098422753202983,1611191456222.0,0.4193975406908291,1.0,0.4193975406908291,1.0004586385576235,327336.0,0.14349406615590377,1322.5
1176732,long,close,1333.65,-24705.0,1332.733973654689,123525.0,655.1944102928352,0.0127323182216177,0.004631087616691036,0.017363405838308733,11.386228032927903,42.2712773085014,98.30529606628234,36.91906803335406,0.0,48.30529606628204,1.0984170101418884,1611191653456.0,0.46019568266137695,1.0,0.46019568266137695,1.0004584473578242,197234.0,0.1435172390409938,1322.5
1176810,long,close,1337.45,-30881.0,1332.733973654689,92644.0,557.9472492306704,0.08170460863688325,0.005772365322068114,0.08747697395895136,11.392000398249971,42.30889240730376,98.3927730402413,37.00077264199094,0.0,48.39277304024099,1.0985472893167099,1611191685905.0,0.5089233920755245,1.0,0.5089233920755245,1.000458739573125,32449.0,0.14352675212013605,1323.75
1176814,long,close,1337.6,-92644.0,1332.733973654689,0.0,0.0,0.2528843916558255,0.01731534090909091,0.2701997325649164,11.409315739159062,42.42507829230667,98.66297277280621,37.25365703364677,0.0,48.66297277280591,1.098965544186966,1611191686535.0,0.5828899568417222,1.0,0.5828899568417222,1.0004602864825467,630.0,0.14352723997034847,
1176982,long,entry,1333.7,60690.0,1333.7,60690.0,424.6005570351511,0.0,0.011376246532203644,0.011376246532203644,11.420691985691265,42.42997007831552,98.67434901933842,37.25365703364677,0.0,48.67434901933811,1.098966558598649,1611191786008.0,1.0,1.0,1.0,1.0004600530307046,99473.0,0.1435477296792702,1326.25
1177181,long,reentry,1326.25,112458.0,1328.8612949615358,173148.0,767.6141322846969,0.0,0.021198491988689918,0.021198491988689918,11.441890477679955,42.43908542987066,98.6955475113271,37.25365703364677,0.0,48.6955475113268,1.0989862907837478,1611191864244.0,0.6798367086147256,1.0,0.6798367086147256,1.0004598872090589,78236.0,0.1435720002273382,1317.6
1177473,long,close,1329.8,-24735.0,1328.8612949615358,148413.0,715.4172630572284,0.013139386352217394,0.004650135358700557,0.017789521710917952,11.446540613038655,42.44673492420635,98.71333703303803,37.26679641999898,0.0,48.71333703303772,1.0989842577990019,1611192041424.0,0.42009962054491434,1.0,0.42009962054491434,1.0004596982362042,177180.0,0.14360761329284502,1318.8
1177801,long,close,1329.8,-24735.0,1328.8612949615358,123678.0,653.2311509092073,0.013139386352217394,0.004650135358700557,0.017789521710917952,11.451190748397355,42.45438441854205,98.73112655474895,37.2799358063512,0.0,48.731126554748634,1.098978778016521,1611192239278.0,0.45955258692560647,1.0,0.45955258692560647,1.000459509496642,197854.0,0.14364761701026363,1318.8
1177856,long,close,1329.8,-24735.0,1328.8612949615358,98943.0,577.8848141974082,0.013139386352217394,0.004650135358700557,0.017789521710917952,11.455840883756055,42.46203391287775,98.74891607645988,37.29307519270341,0.0,48.74891607645955,1.0989964020194651,1611192298369.0,0.5080535068650771,1.0,0.5080535068650771,1.0004593209899082,59091.0,0.14365432495068445,1320.0
1177857,long,close,1329.9,-98943.0,1328.8612949615358,0.0,0.0,0.058153877106968205,0.018599706744868032,0.07675358385183624,11.474440590500924,42.49503795393404,98.82566966031172,37.35122906981038,0.0,48.825669660311384,1.0991146797874514,1611192299365.0,1.0,1.0,1.0,1.0004595353449648,996.0,0.14365444691323756,
1177859,long,entry,1330.0,60622.0,1330.0,60622.0,423.42534734793867,0.0,0.011395112781954889,0.011395112781954889,11.485835703282879,42.49993785243028,98.83706477309367,37.35122906981038,0.0,48.83706477309334,1.099131636995765,1611192303086.0,1.0,1.0,1.0,1.0004593033440572,3721.0,0.14365469083834376,1322.5
1178122,long,close,1330.95,-60622.0,1330.0,0.0,0.0,0.03253422635818848,0.011386979225365341,0.04392120558355382,11.497222682508244,42.51882397083121,98.88098597867723,37.38376329616857,0.0,48.88098597867689,1.099158891369557,1611192545725.0,0.6804337001147632,1.0,0.6804337001147632,1.0004592932945293,242639.0,0.1436867669898105,
1178387,long,entry,1329.25,60621.0,1329.25,60621.0,423.1830689976965,0.0,0.011401354147075419,0.011401354147075419,11.50862403665532,42.52372655311445,98.8923873328243,37.38376329616857,0.0,48.892387332823965,1.099147586305283,1611192718898.0,1.0,1.0,1.0,1.0004590617678817,173173.0,0.14371908706638348,1321.2
1178617,long,reentry,1321.2,112330.0,1324.021602939561,172951.0,764.9197760499474,0.0,0.02125529821374508,0.02125529821374508,11.529879334869065,42.532866331346355,98.91364263103804,37.38376329616857,0.0,48.91364263103771,1.0991651364338588,1611192810021.0,0.6796737044904273,1.0,0.6796737044904273,1.0004588975729092,91123.0,0.14374713845359777,1312.8
1179358,long,close,1324.95,-24707.0,1324.021602939561,148244.0,712.914371032684,0.013075527283690257,0.004661874032982377,0.017737401316672632,11.534541208902047,42.54049341391252,98.93138003235471,37.396838823452256,0.0,48.93138003235438,1.0991284119146003,1611193194303.0,0.4182013492679617,1.0,0.4182013492679617,1.0004587096599218,384282.0,0.14383751270544898,1314.0
1179661,long,close,1324.95,-24707.0,1324.021602939561,123537.0,650.9546629551934,0.013075527283690257,0.004661874032982377,0.017737401316672632,11.539203082935028,42.54812049647869,98.94911743367138,37.409914350735946,0.0,48.949117433671056,1.0991237882297278,1611193385952.0,0.46015873767023774,1.0,0.46015873767023774,1.0004585219777729,191649.0,0.14387446735903994,1314.0
1180042,long,close,1324.95,-24707.0,1324.021602939561,98830.0,575.8801639596211,0.013075527283690257,0.004661874032982377,0.017737401316672632,11.54386495696801,42.555747579044855,98.96685483498804,37.422989878019635,0.0,48.96685483498773,1.0991113942436355,1611193624283.0,0.5067030441382286,1.0,0.5067030441382286,1.0004583345260059,238331.0,0.14392093509177317,1315.2
1180048,long,close,1325.2,-98830.0,1324.021602939561,0.0,0.0,0.06637491034127288,0.01864435556897072,0.0850192659102436,11.56250931253698,42.59230586338626,99.05187410089827,37.48936478836091,0.0,49.05187410089797,1.099241815913072,1611193625601.0,0.5653898615451333,1.0,0.5653898615451333,1.000458603240541,1318.0,0.1439216668670918,
1182746,long,entry,1321.75,60384.0,1321.75,60384.0,420.79951110587206,0.0,0.011421221864951769,0.011421221864951769,11.573930534401931,42.59721698878818,99.06329532276322,37.48936478836091,0.0,49.06329532276292,1.0989163034845413,1611195691217.0,1.0,1.0,1.0,1.0004583731087349,2065616.0,0.14425072183537055,1314.0
1183291,long,close,1322.65,-60384.0,1321.75,0.0,0.0,0.031086378644265618,0.011413450270290703,0.04249982891455632,11.585343984672223,42.61549191522145,99.10579515167778,37.52045116700518,0.0,49.105795151677476,1.0989154590354806,1611196089212.0,0.6804863241413273,1.0,0.6804863241413273,1.000458353445889,397995.0,0.14431719142681307,
1183552,long,entry,1319.65,60320.0,1319.65,60320.0,420.12671198587117,0.0,0.01142727238282878,0.01142727238282878,11.596771257055051,42.620405642346064,99.11722242406061,37.52045116700518,0.0,49.11722242406031,1.0988937202870677,1611196326307.0,1.0,1.0,1.0,1.0004581237882861,237095.0,0.14434902365317362,1312.8
1183754,long,reentry,1312.8,111772.0,1315.2009948167258,172092.0,759.6360250838409,0.0,0.021285039609993905,0.021285039609993905,11.618056296665046,42.62955820937836,99.1385074636706,37.52045116700518,0.0,49.1385074636703,1.0989177812530984,1611196377462.0,0.6799644166932994,1.0,0.6799644166932994,1.0004579609740727,51155.0,0.14437366008890096,1304.4
1184338,long,close,1316.1,-24584.0,1315.2009948167258,147508.0,707.9763364389165,0.012768319020332191,0.004669857913532406,0.017438176933864596,11.622726154578578,42.63705662545992,99.15594564060447,37.53321948602551,0.0,49.155945640604166,1.0988984603242935,1611196655483.0,0.4195269742988264,1.0,0.4195269742988264,1.0004577724021428,278021.0,0.14444488621991458,1304.4
1184498,long,close,1316.1,-24584.0,1315.2009948167258,122924.0,646.4313552289558,0.012768319020332191,0.004669857913532406,0.017438176933864596,11.62739601249211,42.64455504154149,99.17338381753834,37.54598780504584,0.0,49.17338381753803,1.0989008408565724,1611196802176.0,0.4607743353220484,1.0,0.4607743353220484,1.0004575840615115,146693.0,0.14446440022841148,1305.6
1184552,long,close,1316.1,-24584.0,1315.2009948167258,98340.0,571.8635002580544,0.012768319020332191,0.004669857913532406,0.017438176933864596,11.632065870405642,42.65205345762305,99.1908219944722,37.55875612406617,0.0,49.1908219944719,1.0989219875468055,1611196835225.0,0.5085293429415678,1.0,0.5085293429415678,1.000457395951723,33049.0,0.14447098620627916,1306.8
1184553,long,close,1316.2,-98340.0,1315.2009948167258,0.0,0.0,0.056752360564149146,0.018678772223066402,0.07543113278721555,11.650744642628709,42.68448884472155,99.26625312725942,37.61550848463032,0.0,49.26625312725911,1.0990368056214497,1611196836564.0,1.0,1.0,1.0,1.0004575981018402,1339.0,0.14447110816883227,
1184559,long,entry,1316.2,60260.0,1316.2,60260.0,419.02975387669295,0.0,0.011445828901382769,0.011445828901382769,11.662190471530092,42.689410551149145,99.2776989561608,37.61550848463032,0.0,49.27769895616049,1.0990533087943315,1611196842283.0,1.0,1.0,1.0,1.000457369866973,5719.0,0.14447183994415091,1309.2
1184571,long,close,1317.1,-60260.0,1316.2,0.0,0.0,0.0312846283843053,0.011438007744286691,0.04272263612859199,11.67362847927438,42.70778128468444,99.32042159228939,37.646793113014624,0.0,49.32042159228909,1.0991171129491668,1611196850203.0,0.6815399347342355,1.0,0.6815399347342355,1.0004573518552748,7920.0,0.14447330349478818,
1188180,long,entry,1315.5,60261.0,1315.5,60261.0,418.8077749681313,0.0,0.011452109464082098,0.011452109464082098,11.685080588738462,42.712705691753996,99.33187370175348,37.646793113014624,0.0,49.33187370175317,1.0985316603221593,1611200513621.0,1.0,1.0,1.0,1.00045712408855,3663418.0,0.14491346634894609,1308.0
1188195,long,close,1316.4,-60261.0,1315.5,0.0,0.0,0.031318439737695006,0.011444279854147676,0.042762719591842684,11.69652486859261,42.731093661178484,99.37463642134531,37.67811155275232,0.0,49.37463642134501,1.0985956820918263,1611200517955.0,0.6815755369943879,1.0,0.6815755369943879,1.0004571063766807,4334.0,0.14491529578724266,
1188271,long,entry,1315.3,60285.0,1315.3,60285.0,418.7454089430535,0.0,0.01145841252946096,0.01145841252946096,11.70798328112207,42.73602077856616,99.38609483387478,37.67811155275232,0.0,49.38609483387447,1.0985947470807238,1611200629608.0,1.0,1.0,1.0,1.000456879076457,111653.0,0.1449245649412787,1308.0
1188507,long,reentry,1308.0,111708.0,1310.558711691755,171993.0,757.0379528433094,0.0,0.02135091743119266,0.02135091743119266,11.729334198553262,42.745201673061565,99.40744575130597,37.67811155275232,0.0,49.407445751305666,1.0986190495458652,1611200678469.0,0.6798460117412336,1.0,0.6798460117412336,1.0004567182257407,48861.0,0.1449533481038116,1299.6
1189072,long,reentry,1299.6,318703.0,1303.441118941259,490696.0,1052.6159350856728,0.0,0.061307902431517396,0.061307902431517396,11.79064210098478,42.77156407110712,99.4687536537375,37.67811155275232,0.0,49.46875365373718,1.0986928028025447,1611200794184.0,0.41743905129410586,1.0,0.41743905129410586,1.0004568244690955,115715.0,0.14502225694631624,1281.6
1191874,long,reentry,1281.6,112280.0,1299.374090013533,602976.0,1093.2883856318883,0.0,0.021902309612983773,0.021902309612983773,11.812544410597763,42.7809820642407,99.49065596335048,37.67811155275232,0.0,49.490655963350164,1.0986112775974899,1611201494634.0,0.17863841825471274,1.0,0.17863841825471274,1.0004566674288986,700450.0,0.14536399602011796,0.05
1196529,long,close,1300.3,-31735.0,1299.374090013533,571241.0,1082.400522546379,0.017391198249033714,0.006101476582327155,0.023492674831360867,11.81864588718009,42.79108391441819,99.51414863818184,37.69550275100136,0.0,49.514148638181524,1.098289136680359,1611203689463.0,0.1443978825857815,1.0,0.1443978825857815,1.0004565211674503,2194829.0,0.1459317317048243,1274.4
1196545,long,close,1301.1,-31735.0,1299.374090013533,539506.0,1070.4537241135736,0.03239751987185165,0.006097725001921452,0.03849524487377311,11.824743612182012,42.80763686971391,99.55264388305561,37.72790027087321,0.0,49.552643883055296,1.098345861365492,1611203696463.0,0.1676403240953714,1.0,0.1676403240953714,1.0004564749834102,7000.0,0.14593368310567398,1275.6
1196738,long,close,1300.3,-28395.0,1299.374090013533,511111.0,1058.7969878632332,0.015560834229756177,0.005459317080673692,0.02102015131042987,11.830202929262684,42.8166755347774,99.57366403436605,37.74346110510296,0.0,49.57366403436573,1.0983447287624535,1611203897895.0,0.1749874958662246,1.0,0.1749874958662246,1.0004563124940329,201432.0,0.14595722187842333,1276.8
1196753,long,close,1301.1,-28395.0,1299.374090013533,482716.0,1046.0352860023727,0.028987791925672846,0.005455960341249713,0.03444375226692256,11.835658889603934,42.83148634825218,99.60810778663297,37.77244889702863,0.0,49.60810778663265,1.0983953578954857,1611203904656.0,1.0,1.0,1.0,1.0004562394256604,6761.0,0.1459590513167199,1278.0
1196769,long,close,1301.1,-26817.0,1299.374090013533,455899.0,1032.8542410352734,0.027376848602597946,0.005152755360848513,0.03252960396344646,11.840811644964782,42.84547407795646,99.64063739059642,37.79982574563123,0.0,49.6406373905961,1.0984425401883822,1611203914843.0,0.1960068513874388,1.0,0.1960068513874388,1.0004561536637833,10187.0,0.14596100271756962,1278.0
1196796,long,close,1300.3,-23994.0,1299.374090013533,431905.0,1020.0286731027512,0.01314902822710934,0.0046131661924171345,0.017762194419526475,11.8454248111572,42.85311182155685,99.65839958501594,37.81297477385834,0.0,49.65839958501562,1.0984657348035936,1611203936163.0,0.20497691487874894,1.0,0.20497691487874894,1.0004559699693443,21320.0,0.14596429570650346,1279.2
1196945,long,close,1300.3,-23994.0,1299.374090013533,407911.0,1006.0660414524244,0.01314902822710934,0.0046131661924171345,0.017762194419526475,11.850037977349617,42.86074956515725,99.67616177943546,37.826123802085455,0.0,49.67616177943515,1.0984729430292668,1611204055773.0,0.2130926340576654,1.0,0.2130926340576654,1.0004557864966086,119610.0,0.14598246812691618,1280.4
1196978,long,close,1301.2,-25494.0,1299.374090013533,382417.0,989.7724097190659,0.02753208414863185,0.004898170919151553,0.0324302550677834,11.854936148268768,42.87469457483639,99.70859203450324,37.85365588623409,0.0,49.70859203450293,1.0985170914928295,1611204083437.0,0.2266681721415701,1.0,0.2266681721415701,1.0004557003983805,27664.0,0.14598649289116866,1281.6
1197033,long,close,1300.3,-23901.0,1299.374090013533,358516.0,972.9976704966673,0.013098063001422869,0.004595285703299239,0.017693348704722108,11.859531433972068,42.88230271477943,99.72628538320797,37.86675394923551,0.0,49.72628538320765,1.098535572039577,1611204132949.0,0.23825573577629897,1.0,0.23825573577629897,1.0004555168307805,49512.0,0.14599320083158948,1281.6
1197039,long,close,1301.35,-25608.0,1299.374090013533,332908.0,953.0733183458652,0.02992364531462636,0.004919506666154379,0.03484315198078074,11.864450940638221,42.89728527013116,99.76112853518875,37.896677594550134,0.0,49.76112853518843,1.0985877071174293,1611204133575.0,1.0,1.0,1.0,1.0004554468672926,626.0,0.1459939326069081,1282.8
1197040,long,close,1301.4,-25608.0,1299.374090013533,307300.0,930.8334129408827,0.03067967830466401,0.004919317657906869,0.03559899596257088,11.869370258296128,42.912592838395064,99.79672753115132,37.9273572728548,0.0,49.79672753115101,1.0986407295430216,1611204135610.0,1.0,1.0,1.0,1.0004553819072337,2035.0,0.1459940545694612,1284.0
1197042,long,close,1301.5,-25608.0,1299.374090013533,281692.0,905.84779106655,0.03219157001665682,0.004918939684978871,0.03711050970163569,11.874289197981106,42.92855035756677,99.83383804085295,37.959548842871456,0.0,49.83383804085264,1.098695625708351,1611204139939.0,1.0,1.0,1.0,1.000455326920793,4329.0,0.1459942984945674,1284.0
1197043,long,close,1301.65,-25608.0,1299.374090013533,256084.0,877.5736192622567,0.0344589720148825,0.0049183728344793145,0.03937734484936182,11.879207570815586,42.945482615852,99.87321538570232,37.99400781488634,0.0,49.873215385702004,1.098754571578396,1611204140135.0,1.0,1.0,1.0,1.000455286855047,196.0,0.14599442045712052,1285.2
1197151,long,close,1300.3,-23280.0,1299.374090013533,232804.0,848.5004270329548,0.01275774681700031,0.004475890179189417,0.017233636996189728,11.883683460994776,42.952893079760365,99.89044902269852,38.00676556170334,0.0,49.89044902269819,1.0987676868395302,1611204217967.0,0.3242676374356998,1.0,0.3242676374356998,1.0004551009433813,77832.0,0.14600759241285594,1286.4
1197181,long,close,1300.3,-23280.0,1299.374090013533,209524.0,815.4808434439618,0.01275774681700031,0.004475890179189417,0.017233636996189728,11.888159351173966,42.96030354366873,99.90768265969471,38.01952330852034,0.0,49.90768265969438,1.0987857236799394,1611204265566.0,0.34735756708487436,1.0,0.34735756708487436,1.000454915256484,47599.0,0.14601125128944908,1286.4
1197232,long,close,1300.3,-23280.0,1299.374090013533,186244.0,777.6528386015416,0.01275774681700031,0.004475890179189417,0.017233636996189728,11.892635241353156,42.967714007577094,99.92491629669091,38.03228105533734,0.0,49.92491629669057,1.0987997576223372,1611204337672.0,0.37270704350464473,1.0,0.37270704350464473,1.0004547297939188,72106.0,0.14601747137965748,1287.6
1197338,long,close,1300.3,-23280.0,1299.374090013533,162964.0,733.8836034274468,0.01275774681700031,0.004475890179189417,0.017233636996189728,11.897111131532347,42.97512447148546,99.9421499336871,38.045038802154345,0.0,49.94214993368676,1.0988083518658236,1611204443095.0,0.40058362153502014,1.0,0.40058362153502014,1.0004545445552508,105423.0,0.14603039941028667,1288.8
1197436,long,close,1300.3,-23280.0,1299.374090013533,139684.0,682.6541679909886,0.01275774681700031,0.004475890179189417,0.017233636996189728,11.901587021711537,42.982534935393815,99.9593835706833,38.057796548971346,0.0,49.959383570682945,1.0988129165394427,1611204573192.0,0.43466964262415997,1.0,0.43466964262415997,1.0004543595400464,130097.0,0.14604235174049102,1288.8
1197497,long,close,1303.25,-27936.0,1299.374090013533,111748.0,608.1791048312078,0.06394049122150694,0.005358910416267025,0.06929940163777397,11.906945932127805,43.01233367809806,100.02868297232106,38.121737040192855,0.0,50.028682972320716,1.098913289185784,1611204592911.0,0.47500256249251044,1.0,0.47500256249251044,1.0004545160849716,19719.0,0.14604979145623045,1290.0
1197526,long,close,1304.0,-27937.0,1299.374090013533,83811.0,514.5679734389925,0.07627200299695232,0.005356019938650307,0.08162802293560262,11.912301952066455,43.04743372796037,100.11031099525667,38.198009043189806,0.0,50.11031099525632,1.0990343507269684,1611204598263.0,0.5332112174140703,1.0,0.5332112174140703,1.0004547528006327,5352.0,0.14605332837027052,1291.2
1197529,long,close,1304.2,-83811.0,1299.374090013533,0.0,0.0,0.23867220271326242,0.016065595767520317,0.25473779848078276,11.928367547833975,43.1569709813071,100.36504879373744,38.43668124590307,0.0,50.3650487937371,1.0994143085970263,1611204598352.0,1.0,1.0,1.0,1.0004561190571937,89.0,0.14605369425792983,
1207631,long,entry,1295.2,59955.0,1295.2,59955.0,412.34442621578387,0.0,0.011572537059913528,0.011572537059913528,11.93994008489389,43.16194717224287,100.37662133079736,38.43668124590307,0.0,50.376621330797015,1.098072112070022,1611212998732.0,1.0,1.0,1.0,1.0004558961189136,8400380.0,0.14728575996940205,1287.6
1207723,long,close,1296.1,-59955.0,1295.2,0.0,0.0,0.03214345607259187,0.01156450119589538,0.04370795726848725,11.951504586089785,43.18074159386831,100.42032928806584,38.468824701975656,0.0,50.4203292880655,1.0981349732823544,1611213006965.0,0.6811194600450206,1.0,0.6811194600450206,1.0004558827485126,8233.0,0.14729698052428775,
1208321,long,entry,1293.85,59926.0,1293.85,59926.0,411.91702146287383,0.0,0.01157900838582525,0.01157900838582525,11.96308359447561,43.18572056747421,100.43190829645167,38.468824701975656,0.0,50.431908296451326,1.0980838752319484,1611213433513.0,1.0,1.0,1.0,1.0004556602564991,426548.0,0.14736991413104486,1286.4
1208368,long,close,1294.75,-59926.0,1293.85,0.0,0.0,0.03219496442476969,0.011570959644719058,0.043765924069488746,11.974654554120328,43.204539914824096,100.47567422052116,38.501019666400424,0.0,50.475674220520816,1.0981453386439102,1611213450551.0,0.6814746199637536,1.0,0.6814746199637536,1.0004556472777977,17038.0,0.1473756463710408,
1208756,long,entry,1292.9,59915.0,1292.9,59915.0,411.6145615789713,0.0,0.011585389434604377,0.011585389434604377,11.986239943554931,43.209521632280975,100.48725960995576,38.501019666400424,0.0,50.48725960995542,1.0981163913482208,1611213738376.0,1.0,1.0,1.0,1.0004554252297044,287825.0,0.14742296784164577,1285.2
1209175,long,reentry,1285.2,111022.0,1287.898921239989,170937.0,744.034458360415,0.0,0.021596249610955492,0.021596249610955492,12.007836193165886,43.21880801961368,100.50885585956671,38.501019666400424,0.0,50.50885585956638,1.0981265049848346,1611213873329.0,0.6797147713660108,1.0,0.6797147713660108,1.0004552684247343,134953.0,0.147474070151397,1276.8
1209310,long,close,1288.8,-24419.0,1287.898921239989,146518.0,693.4484207425032,0.013256330427098591,0.004736770639354439,0.017993101066453028,12.01257296380524,43.22654505307226,100.52684896063316,38.51427599682752,0.0,50.52684896063283,1.0981442876386012,1611213927052.0,0.42066926858178383,1.0,0.42066926858178383,1.000455088433536,53723.0,0.14749053509606624,1278.0
1209359,long,close,1288.8,-24419.0,1287.898921239989,122099.0,633.1801316686664,0.013256330427098591,0.004736770639354439,0.017993101066453028,12.017309734444595,43.23428208653083,100.54484206169961,38.52753232725462,0.0,50.544842061699285,1.0981641666543531,1611213967588.0,0.4618590557640049,1.0,0.4618590557640049,1.0004549086558667,40536.0,0.14749651126116842,1278.0
1209391,long,close,1288.8,-24419.0,1287.898921239989,97680.0,560.1556101413686,0.013256330427098591,0.004736770639354439,0.017993101066453028,12.02204650508395,43.24201911998941,100.56283516276606,38.540788657681716,0.0,50.56283516276574,1.098186522262931,1611213992560.0,0.5082859892298933,1.0,0.5082859892298933,1.0004547290913173,24972.0,0.1475004140628678,1279.2
1209401,long,close,1288.8,-97680.0,1287.898921239989,0.0,0.0,0.053027493186411825,0.01894785847299814,0.07197535165940996,12.040994363556948,43.27296852120295,100.63481051442547,38.59381615086813,0.0,50.63481051442515,1.0982875889455643,1611214019193.0,0.5653159429314643,1.0,0.5653159429314643,1.0004548987675568,26633.0,0.14750163368839886,
1209496,long,entry,1290.6,59903.0,1290.6,59903.0,410.88165550493903,0.0,0.011603711452037813,0.011603711452037813,12.052598075008985,43.277958117127326,100.6464142258775,38.59381615086813,0.0,50.64641422587719,1.0982972090783916,1611214065219.0,1.0,1.0,1.0,1.0004546780714987,46026.0,0.14751322013094387,1282.8
1209504,long,close,1291.5,-59903.0,1290.6,0.0,0.0,0.032344840284428744,0.011595625241966705,0.04394046552639545,12.064193700250952,43.29685251730368,100.6903546914039,38.62616099115256,0.0,50.690354691403584,1.0983583087001456,1611214084937.0,0.6817461326014181,1.0,0.6817461326014181,1.0004546663210367,19718.0,0.1475141958313687,
1209540,long,entry,1290.5,59931.0,1290.5,59931.0,410.84783923072825,0.0,0.011610034870205347,0.011610034870205347,12.075803735121157,43.30184483229786,100.7019647262741,38.62616099115256,0.0,50.701964726273786,1.0983704399061824,1611214115219.0,1.0,1.0,1.0,1.0004544460617806,30282.0,0.1475185864832805,1282.8
1209584,long,close,1291.4,-59931.0,1290.5,0.0,0.0,0.032364972535812796,0.011601943627071395,0.04396691616288419,12.08740567874823,43.320750606247906,100.74593164243699,38.65852596368837,0.0,50.74593164243667,1.0984300165137932,1611214144461.0,0.6813527442271468,1.0,0.6813527442271468,1.0004544344911788,29242.0,0.14752395283561717,
1209652,long,entry,1290.2,59950.0,1290.2,59950.0,410.7516699173519,0.0,0.011616416059525654,0.011616416059525654,12.099022094807756,43.3257456651535,100.75754805849651,38.65852596368837,0.0,50.7575480584962,1.0984373898378188,1611214204466.0,1.0,1.0,1.0,1.0004542146675401,60005.0,0.14753224628922834,1282.8
1209782,long,reentry,1282.8,111087.0,1285.3937662611015,171037.0,742.537131596138,0.0,0.021649321796071097,0.021649321796071097,12.120671416603827,43.33505487352581,100.77919738029259,38.65852596368837,0.0,50.77919738029227,1.098465186444544,1611214228375.0,0.6797882128884414,1.0,0.6797882128884414,1.0004540596301204,23909.0,0.14754810142113206,1274.4
1210407,long,reentry,1274.4,316931.0,1278.253410059676,487968.0,1032.326469286948,0.0,0.06217259102322661,0.06217259102322661,12.182844007627054,43.3617890876658,100.84136997131581,38.65852596368837,0.0,50.841369971315494,1.0985281494602455,1611214402102.0,0.4173208839046274,1.0,0.4173208839046274,1.0004541650320744,173727.0,0.14762432801682301,1256.4
1210638,long,close,1279.15,-25682.0,1278.253410059676,462286.0,1020.2008774418598,0.014082646190061958,0.005019348786303405,0.019101994976365364,12.187863356413358,43.37000294550564,100.86047196629218,38.67260860987843,0.0,50.86047196629186,1.0985502835077237,1611214437945.0,0.18845448741248538,1.0,0.18845448741248538,1.0004539937682526,35843.0,0.14765250136659042,1257.6
1210647,long,close,1279.95,-25682.0,1278.253410059676,436604.0,1006.9523851383954,0.02663150834574678,0.005016211570764483,0.03164771991651126,12.192879567984122,43.383611465069734,100.89211968620869,38.699240118224175,0.0,50.892119686208375,1.0985962920157637,1611214438920.0,0.20250077979921063,1.0,0.20250077979921063,1.0004539031241966,975.0,0.14765359902956834,1258.8
1210654,long,close,1280.0,-25682.0,1278.253410059676,410922.0,992.4513707573076,0.027415291403677485,0.005016015625,0.032431307028677483,12.197895583609121,43.39755692709206,100.92455099323736,38.72665540962785,0.0,50.924550993237055,1.0986432977088174,1611214440723.0,0.21316477035483855,1.0,0.21316477035483855,1.0004538175515254,1803.0,0.1476544527674401,1258.8
1210660,long,close,1280.95,-27394.0,1278.253410059676,383528.0,975.3556449493386,0.0451150271906388,0.005346422576993638,0.050461449767632435,12.203242006186114,43.41925535049214,100.97501244300499,38.77177043681849,0.0,50.97501244300469,1.0987164696113048,1611214443153.0,0.22488958859941618,1.0,0.22488958859941618,1.0004538473599192,2430.0,0.14765518454275872,1260.0
1210676,long,close,1282.05,-29502.0,1278.253410059676,354026.0,954.7454679483998,0.06834759358758788,0.005752895752895754,0.07410048934048363,12.20899490193901,43.45111856090855,101.04911293234547,38.84011803040608,0.0,51.04911293234517,1.0988241333052844,1611214445023.0,0.23847935278783677,1.0,0.23847935278783677,1.0004540279813752,1870.0,0.1476571359436084,1261.2
1210692,long,close,1282.25,-29502.0,1278.253410059676,324524.0,931.4740341051694,0.0719368442035503,0.005751998440241763,0.07768884264379207,12.214746900379252,43.48452476324538,101.12680177498926,38.91205487460963,0.0,51.12680177498896,1.0989368184469948,1611214447717.0,0.2550653704612026,1.0,0.2550653704612026,1.0004542309118358,2694.0,0.1476590873444581,1262.4
1210695,long,close,1282.5,-29502.0,1278.253410059676,295022.0,904.9908337096291,0.07642183324077517,0.005750877192982456,0.08217271043375762,12.220497777572234,43.519859028731894,101.20897448542301,38.9884767078504,0.0,51.20897448542272,1.0990562126028673,1611214448775.0,0.2736478211906041,1.0,0.2736478211906041,1.0004544617597801,1058.0,0.14765945323211743,1263.6
1210704,long,close,1283.1,-32780.0,1278.253410059676,262242.0,870.9083116041776,0.09686519583161898,0.006386875535811707,0.10325207136743068,12.226884653108046,43.564257419419896,101.31222655679045,39.08534190368202,0.0,51.31222655679015,1.0992062260574906,1611214449413.0,1.0,1.0,1.0,1.0004548259358057,638.0,0.14766055089509536,1264.8
1210719,long,close,1283.5,-32780.0,1278.253410059676,229462.0,830.6619901057305,0.10482701963940937,0.006384885079859758,0.11121190471926913,12.233269538187905,43.612078538449175,101.42343846150972,39.19016892332143,0.0,51.42343846150942,1.0993671680030808,1611214453121.0,0.32124673711777907,1.0,0.32124673711777907,1.0004552395022615,3708.0,0.14766238033339196,1264.8
1210724,long,close,1284.0,-32780.0,1278.253410059676,196682.0,782.419814312224,0.11477232350212017,0.006382398753894081,0.12115472225601426,12.239651936941799,43.664175069019265,101.54459318376574,39.30494124682355,0.0,51.544593183765436,1.099542210677204,1611214457849.0,0.3530417928223603,1.0,0.3530417928223603,1.000455714763532,4728.0,0.1476629901461575,1266.0
1210742,long,close,1285.4,-39336.0,1278.253410059676,157346.0,710.1288933553411,0.17109361535842377,0.007650536797883927,0.1787441521563077,12.247302473739683,43.741035054446485,101.72333733592205,39.476034862181976,0.0,51.72333733592174,1.099801037977013,1611214459172.0,0.3907336751968354,1.0,0.3907336751968354,1.000456552609789,1323.0,0.14766518547211338,1267.2
1210835,long,close,1281.55,-26224.0,1278.253410059676,131122.0,650.2642868383745,0.05277294738151574,0.00511568023097031,0.05788862761248605,12.252418153970654,43.76592716431985,101.78122596353454,39.52880780956349,0.0,51.781225963534226,1.0998824992762584,1611214473637.0,0.4452984741795492,1.0,0.4452984741795492,1.0004566248770914,14465.0,0.1476765279895522,1268.4
1211002,long,close,1279.15,-26224.0,1278.253410059676,104898.0,577.3901447397501,0.014379850233166607,0.005125278505257397,0.019505128738424006,12.257543432475911,43.77431436967738,101.80073109227297,39.54318765979666,0.0,51.80073109227265,1.0999010219621748,1611214533420.0,0.49108645131021367,1.0,0.49108645131021367,1.000456454773004,59783.0,0.14769689573592082,1269.6
1211158,long,close,1279.15,-104898.0,1278.253410059676,0.0,0.0,0.057520497626552425,0.020501504905601375,0.0780220025321538,12.278044937381512,43.8078638307662,101.87875309480512,39.60070815742321,0.0,51.8787530948048,1.1000063592851905,1611214579705.0,0.5471627428416532,1.0,0.5471627428416532,1.0004566535646222,46285.0,0.1477159218942053,
1211162,long,entry,1279.15,60105.0,1279.15,60105.0,407.23432562634883,0.0,0.01174705859359731,0.01174705859359731,12.28979199597511,43.81291506596145,101.89050015339872,39.60070815742321,0.0,51.8905001533984,1.1000229740985996,1611214581979.0,1.0,1.0,1.0,1.0004564347136793,2274.0,0.14771640974441771,1272.0
1211495,long,reentry,1272.0,111374.0,1274.506142151517,171479.0,736.2172869679789,0.0,0.02188954402515723,0.02188954402515723,12.311681540000267,43.822327569892266,101.91238969742388,39.60070815742321,0.0,51.912389697423556,1.1000342233493048,1611214707442.0,0.6798346431649445,1.0,0.6798346431649445,1.0004562799219634,125463.0,0.14775702327460186,1263.6
1212150,long,close,1275.4,-24497.0,1274.506142151517,146982.0,686.1548404874197,0.013470788409289404,0.004801826877842245,0.01827261528713165,12.316483366878108,43.83018479446573,101.93066231271101,39.6141789458325,0.0,51.93066231271069,1.1000402182020805,1611214833017.0,0.41872228734121913,1.0,0.41872228734121913,1.000456102571799,125575.0,0.147836908746886,1264.8
1212897,long,close,1275.4,-24497.0,1274.506142151517,122485.0,626.5113518002819,0.013470788409289404,0.004801826877842245,0.01827261528713165,12.32128519375595,43.8380420190392,101.94893492799814,39.627649734241785,0.0,51.94893492799782,1.1000365358800024,1611215018113.0,0.45794933010434113,1.0,0.45794933010434113,1.0004559254280319,185096.0,0.14792801477405584,1264.8
1212908,long,close,1275.4,-24497.0,1274.506142151517,97988.0,554.2453210476809,0.013470788409289404,0.004801826877842245,0.01827261528713165,12.326087020633791,43.845899243612664,101.96720754328527,39.64112052265107,0.0,51.96720754328495,1.1000623577077404,1611215021568.0,0.508618547607622,1.0,0.508618547607622,1.0004557484902732,3455.0,0.14792935636214,1266.0
1212909,long,close,1275.5,-97988.0,1274.506142151517,0.0,0.0,0.05990661346039975,0.01920580164641317,0.07911241510681292,12.345292822280204,43.87991758210859,102.04631995839208,39.70102713611147,0.0,52.04631995839176,1.1001764853151446,1611215021890.0,1.0,1.0,1.0,1.0004559530025343,322.0,0.1479294783246931,
1212945,long,entry,1276.85,60096.0,1276.85,60096.0,406.503918858526,0.0,0.011766456514077614,0.011766456514077614,12.357059278794281,43.88497715840965,102.05808641490616,39.70102713611147,0.0,52.05808641490584,1.1001919861718714,1611215030953.0,1.0,1.0,1.0,1.0004557354380912,9063.0,0.1479338689766049,1269.6
1213118,long,reentry,1269.6,111357.0,1272.1411978793021,171453.0,734.8711728966018,0.0,0.021927575614366732,0.021927575614366732,12.378986854408648,43.89440601592383,102.08001399052053,39.70102713611147,0.0,52.08001399052021,1.1002164814229312,1611215074791.0,0.6798047191063558,1.0,0.6798047191063558,1.0004555816981133,43838.0,0.14795496849829215,1261.55
1213151,long,close,1273.05,-24493.0,1272.1411978793021,146960.0,684.9017226797464,0.013744550323720704,0.004809905345430267,0.01855445566915097,12.383796759754079,43.902384431861556,102.09856844618967,39.71477168643519,0.0,52.09856844618936,1.1002394667634625,1611215097966.0,0.4216345247154086,1.0,0.4216345247154086,1.000455407045493,23175.0,0.14795899326254464,1261.55
1213198,long,close,1275.95,-29392.0,1272.1411978793021,117568.0,611.9004588588269,0.06896814984492305,0.0057588463497785965,0.07472699619470165,12.389555606103857,43.93451704022528,102.17329544238437,39.78373983628011,0.0,52.17329544238406,1.1003451899538108,1611215110211.0,0.4621261061925264,1.0,0.4621261061925264,1.000455583250145,12245.0,0.1479647255025406,1262.7
1213205,long,close,1276.65,-29392.0,1272.1411978793021,88176.0,519.5584537497324,0.08159868270779098,0.0057556887165628795,0.08735437142435386,12.39531129482042,43.97207941993775,102.26064981380873,39.865338518987905,0.0,52.26064981380841,1.1004707968779803,1611215111589.0,0.5206607975724986,1.0,0.5206607975724986,1.0004558375813244,1378.0,0.14796557924041234,1263.85
1213207,long,close,1276.8,-88176.0,1272.1411978793021,0.0,0.0,0.2529102709380691,0.017265037593984966,0.27017530853205407,12.412576332414405,44.088254802606535,102.53082512234079,40.11824878992597,0.0,52.53082512234047,1.100859314518913,1611215112039.0,0.5930935867566806,1.0,0.5930935867566806,1.000457227654472,450.0,0.14796582316551854,
1214017,long,entry,1274.55,60272.0,1274.55,60272.0,405.76906066892553,0.0,0.011822211761013692,0.011822211761013692,12.42439854417542,44.093338353663775,102.5426473341018,40.11824878992597,0.0,52.54264733410148,1.100822950559779,1611215437795.0,1.0,1.0,1.0,1.0004570101086172,325756.0,0.14806461283353403,1267.2
1214495,long,reentry,1267.2,111684.0,1269.7762357812464,171956.0,733.52218968781,0.0,0.02203361742424242,0.02203361742424242,12.446432161599661,44.1028128091562,102.56468095152604,40.11824878992597,0.0,52.56468095152572,1.100840275184851,1611215525184.0,0.6797655586228983,1.0,0.6797655586228983,1.0004568561565015,87389.0,0.1481229109339185,1259.25
1214856,long,close,1270.65,-24565.0,1269.7762357812464,147391.0,683.6471548351295,0.013303254174758772,0.004833156258607799,0.01813641043336657,12.451265317858269,44.11061146564255,102.58281736195941,40.13155204410073,0.0,52.58281736195909,1.100857509330568,1611215578898.0,0.4192453270355013,1.0,0.4192453270355013,1.00045667822364,53714.0,0.1481669394155896,1259.25
1215007,long,close,1270.65,-24565.0,1269.7762357812464,122826.0,624.2262814350518,0.013303254174758772,0.004833156258607799,0.01813641043336657,12.456098474116876,44.1184101221289,102.60095377239278,40.14485529827549,0.0,52.60095377239245,1.1008797038664941,1611215602271.0,0.4614407162162207,1.0,0.4614407162162207,1.0004565004969015,23373.0,0.14818535576110853,1260.4
1215073,long,close,1274.3,-30706.0,1269.7762357812464,92120.0,531.5726884078978,0.08584684301303622,0.006024091658165268,0.09187093467120148,12.462122565775042,44.15791462403751,102.69282470706398,40.230702141288525,0.0,52.69282470706365,1.1010085042890005,1611215620246.0,0.5090823943729686,1.0,0.5090823943729686,1.0004567789380185,17975.0,0.1481934052896135,1261.55
1215074,long,close,1274.55,-92120.0,1269.7762357812464,0.0,0.0,0.2717257662116229,0.018069122435369348,0.28979488864699227,12.480191688210411,44.28252642615571,102.98261959571096,40.50242790750015,0.0,52.982619595710645,1.1014233872386716,1611215620347.0,1.0,1.0,1.0,1.0004582769658943,101.0,0.1481935272521666,
1215156,long,entry,1271.0,60369.0,1271.0,60369.0,404.63901692674455,0.0,0.011874311565696303,0.011874311565696303,12.492065999776107,44.28763238012896,102.99449390727665,40.50242790750015,0.0,52.99449390727634,1.1014359346100193,1611215647258.0,1.0,1.0,1.0,1.000458059582057,26911.0,0.14820352818152127,1263.85
1215175,long,close,1271.9,-60369.0,1271.0,0.0,0.0,0.03360918439854439,0.011865909269596665,0.04547509366814106,12.503931909045704,44.30718667040626,103.0399690009448,40.53603709189869,0.0,53.03996900094448,1.1014997763988776,1611215654320.0,0.6815119898254668,1.0,0.6815119898254668,1.000458049113183,7062.0,0.14820584547003027,
1215316,long,entry,1270.7,60389.0,1270.7,60389.0,404.54645867038505,0.0,0.011881049815062564,0.011881049815062564,12.515812958860767,44.312295521826734,103.05185005075985,40.53603709189869,0.0,53.05185005075954,1.1015091288364525,1611215700603.0,1.0,1.0,1.0,1.000457832149547,46283.0,0.14822304219001814,1263.85
1215540,long,reentry,1263.85,111900.0,1266.250992808595,172289.0,731.4094302709776,0.0,0.022134747003204495,0.022134747003204495,12.53794770586397,44.32181346303812,103.07398479776306,40.53603709189869,0.0,53.07398479776275,1.101532526387296,1611215750528.0,0.6798841078770445,1.0,0.6798841078770445,1.0004576784055075,49925.0,0.14825036180191378,1255.8
1215721,long,close,1267.15,-24612.0,1266.250992808595,147677.0,681.6717615364223,0.01378993583535405,0.004855778716016257,0.018645714551370308,12.542803484579988,44.329831120295204,103.09263051231443,40.54982702773405,0.0,53.092630512314116,1.101555722340938,1611215771385.0,0.42025251246751927,1.0,0.42025251246751927,1.000457503424308,20857.0,0.1482724370240259,1255.8
1215765,long,close,1270.0,-29535.0,1266.250992808595,118142.0,609.0121583916992,0.06885408777689184,0.005813976377952756,0.07466806415484459,12.54861746095794,44.361938387881786,103.16729857646928,40.61868111551094,0.0,53.16729857646896,1.1016616735652816,1611215775392.0,0.46189472565801837,1.0,0.46189472565801837,1.0004576719286242,4007.0,0.14827780337636254,1256.95
1215827,long,close,1267.15,-23628.0,1266.250992808595,94514.0,537.5371789181727,0.013238607342668025,0.004661642268081916,0.01790024961074994,12.553279103226023,44.36963549521441,103.18519882608003,40.63191972285361,0.0,53.185198826079706,1.1016855971141941,1611215785235.0,0.5191946011986743,1.0,0.5191946011986743,1.000457492506114,9843.0,0.1482853650546551,1258.1
1215828,long,close,1267.2,-94514.0,1266.250992808595,0.0,0.0,0.05589856821123813,0.018646227904040406,0.07454479611527853,12.571925331130064,44.40168975754398,103.2597436221953,40.68781829106485,0.0,53.25974362219498,1.10179185340601,1611215785810.0,1.0,1.0,1.0,1.0004576596413504,575.0,0.14828548701720817,
1215831,long,entry,1267.3,60356.0,1267.3,60356.0,403.464583852523,0.0,0.011906415213445909,0.011906415213445909,12.58383174634351,44.40680951608576,103.27165003740875,40.68781829106485,0.0,53.27165003740843,1.101808384151908,1611215788531.0,1.0,1.0,1.0,1.0004574437443106,2721.0,0.1482858529048675,1260.4
1215854,long,close,1268.2,-60356.0,1267.3,0.0,0.0,0.03379837152532182,0.011897965620564579,0.045696337145886404,12.595729711964074,44.42645894105849,103.31734637455463,40.72161666259017,0.0,53.31734637455431,1.1018722136740606,1611215796541.0,0.6814585631987028,1.0,0.6814585631987028,1.0004574343195451,8010.0,0.14828865804358893,
1216051,long,entry,1268.55,60449.0,1268.55,60449.0,403.86146020606355,0.0,0.011913010917977218,0.011913010917977218,12.607642722882051,44.431581535753224,103.32925938547261,40.72161666259017,0.0,53.32925938547229,1.1018802046590535,1611215850902.0,1.0,1.0,1.0,1.000457218836073,54361.0,0.14831268466655073,1261.55
1216230,long,reentry,1261.55,112011.0,1264.0035718427462,172460.0,730.1368553115078,0.0,0.022197098807023107,0.022197098807023107,12.629839821689075,44.44112628824024,103.35145648427964,40.72161666259017,0.0,53.35145648427931,1.1019044279149413,1611215895700.0,0.6798561552072425,1.0,0.6798561552072425,1.0004570662689962,44798.0,0.14833451596355662,1253.5
1217222,long,reentry,1253.5,319568.0,1257.1815912915524,492028.0,1015.2448323756022,0.0,0.06373514160351017,0.06373514160351017,12.693574963292585,44.46853239912976,103.41519162588315,40.72161666259017,0.0,53.41519162588282,1.101974381422903,1611216021586.0,0.41747498379487175,1.0,0.41747498379487175,1.000457166649212,125886.0,0.14845550281623732,1236.25
1217335,long,close,1258.05,-25896.0,1257.1815912915524,466132.0,1003.317474191279,0.014218734377465347,0.005146059377608204,0.01936479375507355,12.698721022670194,44.476859260444435,103.43455641963823,40.73583539696764,0.0,53.43455641963789,1.1019997895267495,1611216034643.0,0.19000731420488104,1.0,0.19000731420488104,1.0004569969759558,13057.0,0.14846928458473824,1236.25
1217343,long,close,1258.85,-25896.0,1257.1815912915524,440236.0,990.2851469068121,0.027300030805430413,0.005142789053501212,0.032442819858931625,12.703863811723695,44.49080967298378,103.46699923949717,40.763135427773065,0.0,53.46699923949682,1.1020457845476077,1611216035744.0,0.2027038507698038,1.0,0.2027038507698038,1.000456906930908,1101.0,0.14847026028516308,1237.4
1217347,long,close,1259.75,-27514.0,1257.1815912915524,412722.0,975.0507661465876,0.04462060829927667,0.005460210359198254,0.050080818658474927,12.709324022082892,44.51234442500693,103.51708005815566,40.80775603607234,0.0,53.517080058155294,1.1021169559340949,1611216036264.0,1.0,1.0,1.0,1.000456923955187,520.0,0.1484707481353755,1238.55
1217352,long,close,1259.85,-27514.0,1257.1815912915524,385208.0,958.200015808373,0.04635421479503154,0.0054597769575743145,0.051813991752605856,12.714783799040466,44.53462444146055,103.56889404990827,40.85411025086737,0.0,53.5688940499079,1.102190631630673,1611216036363.0,0.22565854022666168,1.0,0.22565854022666168,1.000456951314517,99.0,0.14847135794814104,1239.7
1217356,long,close,1259.95,-27514.0,1257.1815912915524,357694.0,939.462227884303,0.04808754610423664,0.005459343624747014,0.05354688972898366,12.720243142665213,44.55764960404402,103.62244093963726,40.902197796971606,0.0,53.62244093963688,1.1022666746162264,1611216036846.0,0.2394332533171623,1.0,0.2394332533171623,1.00045698897219,483.0,0.14847184579835346,1240.85
1217369,long,close,1261.15,-29807.0,1257.1815912915524,327887.0,916.5906533384166,0.0746053383399332,0.005908694445545731,0.08051403278547893,12.72615183711076,44.59227063814178,103.70295497242275,40.97680313531154,0.0,53.70295497242236,1.1023809197756729,1611216037753.0,0.254809052205677,1.0,0.254809052205677,1.0004571894446619,907.0,0.14847343131154384,1240.85
1217372,long,close,1261.35,-29807.0,1257.1815912915524,298080.0,890.5632157470087,0.07835287515083514,0.005907757561343006,0.08426063271217815,12.732059594672101,44.62850271020802,103.78721560513493,41.055156010462376,0.0,53.78721560513454,1.10250051274419,1611216038015.0,0.27321044020265906,1.0,0.27321044020265906,1.000457411903409,262.0,0.14847379719920314,1242.0
1217383,long,close,1261.95,-33120.0,1257.1815912915524,264960.0,857.0627710668306,0.09954596007003338,0.0065612742184714135,0.1061072342885048,12.738620868890573,44.67412882095208,103.89332283942343,41.15470197053241,0.0,53.89332283942305,1.1026508834561688,1611216039004.0,0.2941001777528466,1.0,0.2941001777528466,1.0004577653341709,989.0,0.1484751387872873,1243.15
1217387,long,close,1262.35,-33120.0,1257.1815912915524,231840.0,817.4993878084365,0.10786222635874114,0.0065591951518992365,0.11442142151064037,12.745180064042472,44.72333003220165,104.00774426093407,41.26256419689115,0.0,54.00774426093369,1.1028130524096622,1611216039079.0,1.0,1.0,1.0,1.0004581676878603,75.0,0.14847562663749972,1244.3
1217396,long,close,1262.85,-33120.0,1257.1815912915524,198720.0,770.0696558715899,0.11825015073914849,0.006556598170804134,0.12480674890995262,12.751736662213276,44.776996934232926,104.13255100984402,41.3808143476303,0.0,54.132551009843645,1.102989698983859,1611216039551.0,0.35229617097140875,1.0,0.35229617097140875,1.0004586311460757,472.0,0.14847672430047767,1245.45
1217442,long,close,1262.15,-33120.0,1257.1815912915524,165600.0,712.2639394276672,0.10370475211121599,0.006560234520461118,0.11026498663167711,12.758296896733736,44.82441087848455,104.2428159964757,41.48451909974151,0.0,54.24281599647532,1.1031443146879436,1611216047708.0,0.3900438369333941,1.0,0.3900438369333941,1.0004590059615877,8157.0,0.14848233457792054,1246.6
1217444,long,close,1262.85,-33120.0,1257.1815912915524,132480.0,640.13570400684,0.11825015073914849,0.006556598170804134,0.12480674890995262,12.76485349490454,44.878077780515824,104.36762274538565,41.60276925048066,0.0,54.367622745385276,1.1033206245326157,1611216048113.0,1.0,1.0,1.0,1.0004594666304365,405.0,0.14848257850302674,1247.75
1217495,long,close,1261.65,-33120.0,1257.1815912915524,99360.0,547.7723149800393,0.09330529977425742,0.006562834383545357,0.09986813415780277,12.771416329288085,44.92102107820368,104.46749087954345,41.69607455025492,0.0,54.46749087954308,1.1034594232641632,1611216061232.0,0.49215731534562474,1.0,0.49215731534562474,1.0004597768599504,13119.0,0.14848879859323513,1248.9
1217496,long,close,1261.75,-99360.0,1257.1815912915524,0.0,0.0,0.28615754882564776,0.019686942738260355,0.30584449156390814,12.791103272026346,45.05253420957616,104.77333537110735,41.98223209908057,0.0,54.77333537110699,1.1038904165034045,1611216061767.0,1.0,1.0,1.0,1.0004613135423317,535.0,0.14848892055578825,
1218017,long,entry,1262.5,61008.0,1262.5,61008.0,401.93302007569844,0.0,0.012080792079207921,0.012080792079207921,12.803184064105555,45.057728950170215,104.78541616318655,41.98223209908057,0.0,54.7854161631862,1.1038912033940451,1611216157888.0,1.0,1.0,1.0,1.0004610979228414,96121.0,0.14855246304595623,1255.8
1218047,long,close,1263.4,-61008.0,1262.5,0.0,0.0,0.03442365955766827,0.012072186164318504,0.04649584572198677,12.815256250269874,45.07772216383067,104.83191200890855,42.01665575863824,0.0,54.83191200890818,1.103955483336563,1611216164656.0,0.6814353490721261,1.0,0.6814353490721261,1.0004610871048618,6768.0,0.14855612192254938,
1218139,long,entry,1262.25,61030.0,1262.25,61030.0,401.85333498445107,0.0,0.012087542087542088,0.012087542087542088,12.827343792357416,45.08291980692832,104.84399955099609,42.01665575863824,0.0,54.843999550995726,1.1039665230261084,1611216199981.0,1.0,1.0,1.0,1.000460871894653,35325.0,0.1485673424774351,1254.65
1218167,long,close,1263.15,-61030.0,1262.25,0.0,0.0,0.0344497102601891,0.01207892965997704,0.04652863992016614,12.839422722017392,45.10292712209399,104.89052819091626,42.05110546889843,0.0,54.890528190915894,1.1040309668489654,1611216205832.0,0.6814227564734018,1.0,0.6814227564734018,1.000460861271027,5851.0,0.14857075742892206,
1218657,long,entry,1261.25,61016.0,1261.25,61016.0,401.5361189341995,0.0,0.012094350842418236,0.012094350842418236,12.85151707285981,45.10812769295623,104.90262254175867,42.05110546889843,0.0,54.90262254175831,1.104017071178849,1611216388770.0,1.0,1.0,1.0,1.0004606464690284,182938.0,0.14863051907994376,1254.65
1218811,long,reentry,1254.65,113062.0,1256.963362975218,174078.0,726.0103568486296,0.0,0.022528593631690113,0.022528593631690113,12.8740456664915,45.11781498821786,104.92515113539037,42.05110546889843,0.0,54.92515113539,1.1040440868326031,1611216416262.0,0.6799488929266703,1.0,0.6799488929266703,1.0004604937240156,27492.0,0.148649301313122,1246.6
1218842,long,close,1257.85,-24868.0,1256.963362975218,149210.0,676.6363784809276,0.013945537187489157,0.004942560718686649,0.018888097906175808,12.878988227210188,45.12593687031752,104.94403923329655,42.065051006085916,0.0,54.94403923329618,1.1040695007996546,1611216422912.0,0.4207672276618561,1.0,0.4207672276618561,1.000460319597353,6650.0,0.1486530821522683,1246.6
1219460,long,close,1257.85,-24868.0,1256.963362975218,124342.0,617.8144315628707,0.013945537187489157,0.004942560718686649,0.018888097906175808,12.883930787928875,45.134058752417175,104.96292733120274,42.078996543273405,0.0,54.96292733120236,1.1040710739098272,1611216570655.0,0.4590154879225044,1.0,0.4590154879225044,1.0004601456666542,147743.0,0.14872845501008752,1247.75
1219581,long,close,1257.85,-24868.0,1256.963362975218,99474.0,546.5457214179062,0.013945537187489157,0.004942560718686649,0.018888097906175808,12.888873348647563,45.14218063451683,104.98181542910892,42.092942080460894,0.0,54.981815429108536,1.10409323764035,1611216596454.0,0.5085399478459385,1.0,0.5085399478459385,1.0004599719315619,25799.0,0.1487432124790133,1248.9
1219598,long,close,1257.85,-99474.0,1256.963362975218,0.0,0.0,0.05578327031479397,0.0197706403784235,0.07555391069321747,12.908643989025986,45.17466881611492,105.05736933980214,42.148725350775685,0.0,55.05736933980175,1.104197755275936,1611216605485.0,0.5654057558699855,1.0,0.5654057558699855,1.000460132823804,9031.0,0.1487452858424161,
1219632,long,entry,1258.15,60963.0,1258.15,60963.0,400.5498947089688,0.0,0.012113619202797757,0.012113619202797757,12.920757608228785,45.17987767237212,105.06948295900493,42.148725350775685,0.0,55.06948295900455,1.1042125821772235,1611216618309.0,1.0,1.0,1.0,1.0004599192712194,12824.0,0.14874943256922168,1251.2
1219656,long,close,1259.05,-60963.0,1258.15,0.0,0.0,0.03463645536719674,0.012104960088955959,0.0467414154561527,12.932862568317741,45.19997648101827,105.11622437446108,42.183361806142884,0.0,55.11622437446071,1.1042762784056925,1611216629337.0,0.681471256692669,1.0,0.681471256692669,1.0004599099535023,11028.0,0.14875235967049621,
1219726,long,entry,1257.9,60985.0,1257.9,60985.0,400.47015796471703,0.0,0.012120399077828125,0.012120399077828125,12.94498296739557,45.20518825262173,105.12834477353891,42.183361806142884,0.0,55.12834477353854,1.1042878546444936,1611216661361.0,1.0,1.0,1.0,1.0004596968028914,32024.0,0.1487608970492136,1251.2
1219920,long,reentry,1251.2,113005.0,1253.5484079544801,173990.0,724.0586281509512,0.0,0.02257932384910486,0.02257932384910486,12.967562291244674,45.214897361876844,105.15092409738801,42.183361806142884,0.0,55.150924097387644,1.1043110826515,1611216711151.0,0.6799183487473788,1.0,0.6799183487473788,1.0004595454134482,49790.0,0.14878455778451607,1243.15
1221014,long,reentry,1243.15,322403.0,1246.7947310900838,496393.0,1006.8283985123278,0.0,0.06483590073603346,0.06483590073603346,13.032398191980707,45.24277679919334,105.21575999812404,42.183361806142884,0.0,55.21575999812368,1.1043751749326511,1611216869188.0,0.4175379067243574,1.0,0.4175379067243574,1.0004596424120618,158037.0,0.14891798481761354,1225.9
1221082,long,close,1247.65,-26125.0,1246.7947310900838,470268.0,994.9992627560439,0.014363863026934976,0.005234841502023804,0.01959870452895878,13.03763303348273,45.25120424214079,105.235358702653,42.19772566916982,0.0,55.23535870265264,1.104401597321637,1611216875247.0,0.1899361183423222,1.0,0.1899361183423222,1.0004594736415822,6059.0,0.1489262782712247,1227.05
1221090,long,close,1248.45,-26126.0,1246.7947310900838,444142.0,982.0735630246389,0.027782758798415085,0.005231687292242381,0.033014446090657464,13.042864720774974,45.26540045395977,105.26837314874365,42.225508427968236,0.0,55.2683731487433,1.1044476207126226,1611216876451.0,0.2026930063255388,1.0,0.2026930063255388,1.0004593837192106,1204.0,0.14892725397164955,1227.05
1221102,long,close,1249.35,-27758.0,1246.7947310900838,416384.0,966.9637772953157,0.045535037953789284,0.005554488333933646,0.05108952628772293,13.048419209108907,45.287368950263485,105.31946267503136,42.27104346592203,0.0,55.319462675031026,1.1045189189494644,1611216877709.0,0.21349172063857857,1.0,0.21349172063857857,1.0004593997132913,1258.0,0.14892871752228684,1228.2
1221128,long,close,1247.65,-24493.0,1246.7947310900838,391891.0,952.3733072428269,0.01346656831076434,0.004907826714222739,0.018374395024987077,13.05332703582313,45.29526994012422,105.33783707005634,42.28451003423279,0.0,55.33783707005601,1.1045442219533121,1611216880119.0,0.2246301200422454,1.0,0.2246301200422454,1.0004592241268226,2410.0,0.14893188854866757,1229.35
1221138,long,close,1248.6,-26126.0,1246.7947310900838,365765.0,935.1994689531301,0.03029678440737134,0.0052310587858401415,0.03552784319321148,13.058558094608971,45.310546912697305,105.37336491324955,42.31480681864016,0.0,55.373364913249226,1.1045938805072089,1611216880386.0,0.2366662868249695,1.0,0.2366662868249695,1.0004591490305632,267.0,0.14893310817419864,1230.5
1221142,long,close,1248.7,-26126.0,1246.7947310900838,339639.0,916.133329141408,0.03197246592762358,0.005230639865460078,0.03720310579308366,13.06378873447443,45.32654424818833,105.41056801904263,42.34677928456778,0.0,55.41056801904231,1.1046458994241146,1611216880463.0,1.0,1.0,1.0,1.000459083741462,77.0,0.14893359602441106,1230.5
1221148,long,close,1247.65,-24259.0,1246.7947310900838,315380.0,896.4936610697547,0.013337912083078107,0.004860938564501262,0.018198850647579368,13.068649673038932,45.33436975396679,105.42876686969021,42.36011719665086,0.0,55.42876686968989,1.1046711590720155,1611216881566.0,0.26533012899646513,1.0,0.26533012899646513,1.000458907556086,1103.0,0.14893432779972968,1231.65
1221172,long,close,1247.65,-24260.0,1246.7947310900838,291120.0,874.6181917297828,0.013338461896016937,0.004861138941209473,0.01819960083722641,13.07351081198014,45.342195582326795,105.44696647052743,42.37345565854688,0.0,55.446966470527116,1.10469604586858,1611216884847.0,0.28058928614552453,1.0,0.28058928614552453,1.00045873157337,3281.0,0.1489372549010042,1232.8
1221225,long,close,1247.65,-24260.0,1246.7947310900838,266860.0,850.1031603008439,0.013338461896016937,0.004861138941209473,0.01819960083722641,13.07837195092135,45.3500214106868,105.46516607136465,42.3867941204429,0.0,55.465166071364344,1.104720317039931,1611216891727.0,0.29817188915921783,1.0,0.29817188915921783,1.0004585557885737,6880.0,0.1489437189163188,1232.8
1221278,long,close,1249.1,-26686.0,1246.7947310900838,240174.0,819.4078618797898,0.03950143821524231,0.005341045552798015,0.04484248376804033,13.083712996474148,45.369303678707055,105.51000855513269,42.42629555865814,0.0,55.51000855513239,1.1047812660457201,1611216901825.0,0.31852726738478987,1.0,0.31852726738478987,1.0004585353044013,10098.0,0.1489501829316334,1233.95
1221281,long,close,1249.25,-26686.0,1246.7947310900838,213488.0,784.0139421077286,0.04206667922519269,0.005340404242545527,0.04740708346773821,13.089053400716693,45.38968872459818,105.55741563860042,42.46836223788333,0.0,55.557415638600126,1.1048474455925714,1611216902084.0,0.3439488695918416,1.0,0.3439488695918416,1.0004585296468977,259.0,0.14895054881929273,1235.1
1221283,long,close,1249.45,-26686.0,1246.7947310900838,186802.0,742.7538658163111,0.045486042460245714,0.0053395494017367635,0.050825591861982475,13.094392950118431,45.41154372909883,105.6082412304624,42.51384828034358,0.0,55.608241230462106,1.1049184126775766,1611216902103.0,1.0,1.0,1.0,1.0004585437285727,19.0,0.14895079274439893,1236.25
1221285,long,close,1249.7,-26686.0,1246.7947310900838,160116.0,694.0400612071977,0.04975870742122451,0.005338481235496519,0.05509718865672103,13.099731431353927,45.43523552022122,105.66333841911911,42.56360698776481,0.0,55.66333841911883,1.1049953002420088,1611216902185.0,1.0,1.0,1.0,1.0004585824339913,82.0,0.14895103666950515,1236.25
1221288,long,close,1250.05,-26686.0,1246.7947310900838,133430.0,635.6547764410097,0.05573756725058587,0.005336986520539179,0.06107455377112505,13.105068417874467,45.4614975783428,105.72441297289024,42.619344555015395,0.0,55.72441297288996,1.1050804758990922,1611216902350.0,1.0,1.0,1.0,1.0004586555639798,165.0,0.14895140255716446,1237.4
1221298,long,close,1251.2,-33357.0,1246.7947310900838,100073.0,544.0387290460607,0.09419713957434275,0.006665001598465473,0.10086214117280823,13.111733419472932,45.50486829904711,105.82527511406305,42.713541694589736,0.0,55.82527511406277,1.1052210039818977,1611216902872.0,1.0,1.0,1.0,1.0004589586434551,522.0,0.1489526221826955,1238.55
1221303,long,close,1251.25,-100073.0,1246.7947310900838,0.0,0.0,0.28579313517869526,0.019994605394605396,0.30578774057330066,13.131728024867538,45.636357027493624,106.13106285463634,42.99933482976843,0.0,56.13106285463607,1.1056464814755773,1611216903620.0,0.564803832456555,1.0,0.564803832456555,1.0004604434436912,748.0,0.14895323199546104,
1221372,long,entry,1251.9,61280.0,1251.9,61280.0,398.5596228312642,0.0,0.012237399153287002,0.012237399153287002,13.143965424020825,45.64161910912954,106.14330025378963,42.99933482976843,0.0,56.143300253789356,1.1056619024928578,1611216912886.0,1.0,1.0,1.0,1.000460232442249,9266.0,0.14896164741162532,1244.3
1221666,long,reentry,1244.3,113551.0,1246.9638753996717,174831.0,720.4065923764725,0.0,0.02281423290203327,0.02281423290203327,13.16677965692286,45.65142922927742,106.16611448669167,42.99933482976843,0.0,56.16611448669139,1.1056834936257416,1611216971855.0,0.6796659517511138,1.0,0.6796659517511138,1.0004600825800256,58969.0,0.14899750440223836,1236.25
1222726,long,close,1247.85,-24975.0,1246.9638753996717,149856.0,671.4286004866217,0.014222765018333318,0.00500360620266859,0.019226371221001907,13.171783263125528,45.65969656890245,106.18534085791266,43.01355759478676,0.0,56.185340857912394,1.1056833877429915,1611217128204.0,0.4179238133749667,1.0,0.4179238133749667,1.0004599122354578,156349.0,0.14912678470853022,1237.4
1222762,long,close,1247.85,-24976.0,1246.9638753996717,124880.0,613.0735049052648,0.014223334498414132,0.00500380654726129,0.01922714104567542,13.17678706967279,45.667964239552084,106.20456799895834,43.02778092928517,0.0,56.20456799895807,1.1057081143759613,1611217139728.0,0.4616080502873693,1.0,0.4616080502873693,1.0004597420831958,11524.0,0.14913117536044204,1237.4
1222818,long,close,1251.4,-31220.0,1246.9638753996717,93660.0,522.0811337945925,0.08875372958529412,0.006237014543711044,0.09499074412900517,13.1830240842165,45.70881025952756,106.29955874308735,43.116534658870464,0.0,56.299558743087076,1.1058385933643975,1611217147785.0,0.5086567782766862,1.0,0.5086567782766862,1.0004600070689005,8057.0,0.14913800526341595,1238.55
1222820,long,close,1251.4,-93660.0,1246.9638753996717,0.0,0.0,0.2662611887558824,0.01871104363113313,0.2849722323870155,13.201735127847634,45.83134831945397,106.58453097547435,43.38279584762635,0.0,56.58453097547409,1.1062334588934033,1611217148398.0,1.0,1.0,1.0,1.0004613589118703,613.0,0.14913824918852214,
1224876,long,entry,1245.95,61249.0,1245.95,61249.0,396.6638500732934,0.0,0.012289618363497732,0.012289618363497732,13.214024746211132,45.836632855350274,106.59682059383785,43.38279584762635,0.0,56.596820593837585,1.1061433636581568,1611217770117.0,1.0,1.0,1.0,1.000461148123332,621719.0,0.14938900419770715,1238.55
1224884,long,close,1246.8,-61249.0,1245.95,0.0,0.0,0.033513556653740784,0.012281239974334297,0.04579479662807508,13.226305986185466,45.85632461790035,106.64261539046592,43.416309404280085,0.0,56.64261539046566,1.106206488298299,1611217771210.0,0.681586313406949,1.0,0.681586313406949,1.0004611289260759,1093.0,0.149389979898132,
1224949,long,entry,1245.8,61275.0,1245.8,61275.0,396.6160933287286,0.0,0.01229631562048483,0.01229631562048483,13.238602301805951,45.861612033617156,106.65491170608641,43.416309404280085,0.0,56.65491170608614,1.106219791987808,1611217792648.0,1.0,1.0,1.0,1.000460918533913,21438.0,0.14939790746408385,1238.55
1225047,long,close,1246.65,-61275.0,1245.8,0.0,0.0,0.03353585457799204,0.012287931656840332,0.045823786234832374,13.250890233462792,45.88131626169813,106.70073549232124,43.449845258858076,0.0,56.70073549232097,1.106280682043624,1611217806752.0,0.6809972707080121,1.0,0.6809972707080121,1.0004608995225586,14104.0,0.1494098597942882,
1225378,long,entry,1244.95,61267.0,1244.95,61267.0,396.34742819198885,0.0,0.012303104542351099,0.012303104542351099,13.263193338005143,45.88660659665135,106.7130385968636,43.449845258858076,0.0,56.71303859686333,1.106280709733323,1611217905219.0,1.0,1.0,1.0,1.0004606895259527,98467.0,0.14945022939936614,1237.4
1225543,long,close,1245.8,-61267.0,1244.95,0.0,0.0,0.03357726396210117,0.012294710226360571,0.04587197418846174,13.275488048231503,45.90633154555238,106.75891057105206,43.48342252282018,0.0,56.75891057105179,1.1063413009085525,1611217921193.0,0.6804938104054906,1.0,0.6804938104054906,1.0004606708088186,15974.0,0.14947035322062854,
1225577,long,entry,1244.35,61271.0,1244.35,61271.0,396.1570328456634,0.0,0.012309840478964922,0.012309840478964922,13.287797888710468,45.911624776958334,106.77122041153102,43.48342252282018,0.0,56.771220411530756,1.1063574043082252,1611217926360.0,1.0,1.0,1.0,1.0004604612060533,5167.0,0.14947449994743414,1237.4
1225911,long,close,1245.2,-61271.0,1244.35,0.0,0.0,0.033611835551302004,0.012301437520077096,0.0459132730713791,13.300099326230546,45.93136748437903,106.8171336846024,43.51703435837148,0.0,56.81713368460213,1.106410725850251,1611217984606.0,0.6799765466954815,1.0,0.6799765466954815,1.0004604427426018,58246.0,0.1495152354401714,
1226180,long,entry,1242.8,61228.0,1242.8,61228.0,395.6633326101525,0.0,0.012316543289346636,0.012316543289346636,13.312415869519892,45.936663597993444,106.82945022789174,43.51703435837148,0.0,56.82945022789148,1.106414384020825,1611218061910.0,1.0,1.0,1.0,1.0004602335321098,77304.0,0.1495480433669568,1236.25
1226485,long,reentry,1236.25,113455.0,1238.5458353131103,174683.0,715.3816667172715,0.0,0.022943377148634984,0.022943377148634984,13.335359246668528,45.94652925016736,106.85239360504038,43.51703435837148,0.0,56.85239360504011,1.106434360527143,1611218129559.0,0.6799358254245652,1.0,0.6799358254245652,1.0004600848360314,67649.0,0.14958524194565398,1228.2
1226604,long,close,1239.4,-24954.0,1238.5458353131103,149729.0,666.7331023094171,0.013885394029914008,0.005033483943843795,0.018918877973757804,13.340392730612372,45.954664367696076,106.87131248301414,43.530919752401395,0.0,56.871312483013874,1.1064573093087031,1611218147757.0,0.4212122437562528,1.0,0.4212122437562528,1.000459913486963,18198.0,0.14959975548947355,1228.2
1226644,long,close,1242.25,-29945.0,1238.5458353131103,119784.0,595.6622322194012,0.07209306933350734,0.00602636345341115,0.07811943278691849,13.346419094065784,45.98825572379445,106.94943191580106,43.6030128217349,0.0,56.949431915800794,1.106564076355509,1611218153038.0,0.4620083092799023,1.0,0.4620083092799023,1.0004600774416548,5281.0,0.14960463399159776,1229.35
1226801,long,close,1239.4,-23956.0,1238.5458353131103,95828.0,525.7541564178482,0.01333006729905506,0.004832176859770857,0.018162244158825915,13.351251270925555,45.99606548878275,106.96759415995987,43.61634288903396,0.0,56.96759415995962,1.106585646332151,1611218173036.0,0.5181700851612528,1.0,0.5181700851612528,1.0004599019285516,19998.0,0.14962378211243532,1230.5
1227110,long,reentry,1230.5,177569.0,1233.3201344798395,273397.0,846.7071748702856,0.0,0.036076594880130035,0.036076594880130035,13.387327865805686,46.0115784245812,107.00367075484,43.61634288903396,0.0,57.003670754839746,1.1066287333885636,1611218211273.0,0.5727139205836498,1.0,0.5727139205836498,1.0004598278241053,38237.0,0.14966146854134493,1220.15
1227165,long,close,1234.2,-24854.0,1233.3201344798395,248543.0,819.5158722677292,0.014366508342542784,0.005034435261707989,0.01940094360425077,13.392362301067394,46.01992083033103,107.02307169844426,43.6307093973765,0.0,57.023071698444,1.1066547951724908,1611218215063.0,0.3117600691970855,1.0,0.3117600691970855,1.0004596596142223,3790.0,0.14966817648176575,1220.15
1227501,long,close,1234.2,-24854.0,1233.3201344798395,223689.0,788.5642803550002,0.014366508342542784,0.005034435261707989,0.01940094360425077,13.397396736329101,46.02826323608086,107.04247264204851,43.64507590571904,0.0,57.04247264204825,1.1066773750618677,1611218238966.0,0.33250590733640467,1.0,0.33250590733640467,1.000459491587556,23903.0,0.1497091558996092,1221.3
1227518,long,close,1234.2,-24854.0,1233.3201344798395,198835.0,753.0144420703031,0.014366508342542784,0.005034435261707989,0.01940094360425077,13.402431171590809,46.03660564183069,107.06187358565276,43.65944241406158,0.0,57.061873585652506,1.106703805972255,1611218240564.0,0.36063219657437046,1.0,0.36063219657437046,1.0004593237437815,1598.0,0.149711229263012,1222.45
1227703,long,close,1234.2,-24854.0,1233.3201344798395,173981.0,711.7594439100081,0.014366508342542784,0.005034435261707989,0.01940094360425077,13.407465606852517,46.04494804758052,107.08127452925702,43.67380892240412,0.0,57.08127452925676,1.1067266617790414,1611218262806.0,0.38804189998350014,1.0,0.38804189998350014,1.000459156082576,22242.0,0.14973379233533654,1222.45
1227719,long,close,1234.2,-24854.0,1233.3201344798395,149127.0,663.3060942036938,0.014366508342542784,0.005034435261707989,0.01940094360425077,13.412500042114225,46.05329045333035,107.10067547286127,43.68817543074666,0.0,57.10067547286101,1.106752880332915,1611218265576.0,0.42274173243308344,1.0,0.42274173243308344,1.0004589886036157,2770.0,0.14973574373618623,1223.6
1227845,long,close,1234.2,-24854.0,1233.3201344798395,124273.0,605.5903191231289,0.014366508342542784,0.005034435261707989,0.01940094360425077,13.417534477375932,46.06163285908018,107.12007641646552,43.7025419390892,0.0,57.12007641646527,1.1067758858436814,1611218286888.0,0.46120859864861197,1.0,0.46120859864861197,1.0004588213065793,21312.0,0.14975111101787753,1224.75
1227979,long,close,1237.7,-31068.0,1233.3201344798395,93205.0,515.6205903254304,0.08914209981376994,0.0062753494384745895,0.09541744925224453,13.423809826814407,46.102662362258634,107.21549386571776,43.79168403890297,0.0,57.21549386571751,1.10690313219163,1611218309810.0,0.5097625523167417,1.0,0.5097625523167417,1.000459081136777,22922.0,0.14976745399999367,1225.9
1227988,long,close,1237.1,-93205.0,1233.3201344798395,0.0,0.0,0.23090584744195822,0.018835381133295612,0.24974122857525383,13.442645207947702,46.210051090545996,107.46523509429302,44.02258988634493,0.0,57.465235094292765,1.1072458860009877,1611218310946.0,0.5831684799309375,1.0,0.5831684799309375,1.0004602047164122,1136.0,0.1497685516629716,
1234672,long,entry,1242.35,61577.0,1242.35,61577.0,395.5192269302635,0.0,0.012391234354247998,0.012391234354247998,13.45503644230195,46.21537932131833,107.47762632864728,44.02258988634493,0.0,57.47762632864701,1.1069175812123246,1611220303447.0,1.0,1.0,1.0,1.0004599974089843,1992501.0,0.15058374936792907,1235.1
1234822,long,close,1243.2,-61577.0,1242.35,0.0,0.0,0.03388851094308943,0.012382762226512226,0.046271273169601654,13.467419204528461,46.23527596878125,107.52389760181687,44.05647839728802,0.0,57.523897601816614,1.1069787634111121,1611220315379.0,0.6807239046413759,1.0,0.6807239046413759,1.0004599797046048,11932.0,0.1506020437508949,
1234843,long,entry,1241.9,61588.0,1241.9,61588.0,395.37464855764705,0.0,0.012397938642402769,0.012397938642402769,13.479817143170864,46.24060708239749,107.53629554045928,44.05647839728802,0.0,57.536295540459015,1.106995237048495,1611220318085.0,1.0,1.0,1.0,1.0004597727808193,2706.0,0.1506046049645101,1235.1
1234914,long,close,1242.75,-61588.0,1241.9,0.0,0.0,0.033919124026683074,0.012389458861396098,0.046308582888079174,13.49220660203226,46.26051977303936,107.58260412334735,44.0903975213147,0.0,57.582604123347096,1.107056691642436,1611220328546.0,0.6811751886479742,1.0,0.6811751886479742,1.0004597552996644,10461.0,0.15061326430578062,
1234995,long,entry,1241.55,61605.0,1241.55,61605.0,395.26649835466304,0.0,0.012404856832185574,0.012404856832185574,13.504611458864446,46.265853861477204,107.59500898017954,44.0903975213147,0.0,57.59500898017928,1.1070700846046566,1611220349064.0,1.0,1.0,1.0,1.0004595487594017,20518.0,0.15062314327258217,1235.1
1235221,long,reentry,1235.1,114154.0,1237.3607789643772,175759.0,714.6838983375567,0.0,0.02310622621650069,0.02310622621650069,13.527717685080946,46.275789538750296,107.61811520639604,44.0903975213147,0.0,57.61811520639578,1.107095074913417,1611220386990.0,0.67995911229937,1.0,0.67995911229937,1.000459402068656,37926.0,0.150650706809584,1227.05
1235458,long,close,1238.25,-25108.0,1237.3607789643772,150651.0,666.0793648029506,0.014571932985882215,0.005069250959014738,0.019641183944896952,13.53278693603996,46.2842352478466,107.63775639034094,44.10496945430058,0.0,57.63775639034068,1.1071159558159525,1611220421278.0,0.42081616083507706,1.0,0.42081616083507706,1.0004592362409837,34288.0,0.15067961193467003,1227.05
1235589,long,close,1238.25,-25108.0,1237.3607789643772,125543.0,608.1743773866173,0.014571932985882215,0.005069250959014738,0.019641183944896952,13.537856186998974,46.29268095694291,107.65739757428584,44.11954138728646,0.0,57.657397574285575,1.1071356828961283,1611220462194.0,0.46013992154080835,1.0,0.46013992154080835,1.0004590705918806,40916.0,0.15069558902912686,1228.2
1235591,long,close,1238.25,-25108.0,1237.3607789643772,100435.0,538.0170600685694,0.014571932985882215,0.005069250959014738,0.019641183944896952,13.542925437957988,46.30112666603922,107.67703875823074,44.13411332027234,0.0,57.67703875823047,1.1071624159395832,1611220462597.0,1.0,1.0,1.0,1.000458905121033,403.0,0.15069583295423306,1229.35
1235592,long,close,1238.45,-100435.0,1237.3607789643772,0.0,0.0,0.0713881751602844,0.020274334854051435,0.09166251001433583,13.56319977281204,46.34054154534538,107.76870126824507,44.20550149543263,0.0,57.76870126824481,1.1072872598049726,1611220463663.0,1.0,1.0,1.0,1.0004591396043439,1066.0,0.15069595491678617,
1235603,long,entry,1238.9,61579.0,1238.9,61579.0,394.41909341282184,0.0,0.012426144160142061,0.012426144160142061,13.57562591697218,46.34588478733424,107.78112741240521,44.20550149543263,0.0,57.781127412404956,1.1073038810132645,1611220465515.0,1.0,1.0,1.0,1.0004589341713477,1852.0,0.15069729650487032,1231.65
1235697,long,close,1239.75,-61579.0,1238.9,0.0,0.0,0.034078556277052995,0.012417624521072798,0.04649618079812579,13.588043541493253,46.36587814507744,107.82762359320334,44.23958005170968,0.0,57.82762359320308,1.107362570538525,1611220492553.0,0.680658170664058,1.0,0.680658170664058,1.0004589177295002,27038.0,0.15070876098486224,
1235816,long,entry,1239.1,61623.0,1239.1,61623.0,394.48446784358805,0.0,0.012433015898636107,0.012433015898636107,13.60047655739189,46.37122434191385,107.84005660910198,44.23958005170968,0.0,57.840056609101715,1.1073753288999955,1611220516675.0,1.0,1.0,1.0,1.0004587126745104,24122.0,0.1507232745286818,1231.65
1236156,long,reentry,1231.65,114187.0,1234.26129258859,175810.0,713.0567367769946,0.0,0.023177647870742498,0.023177647870742498,13.623654205262632,46.38119073049827,107.86323425697272,44.23958005170968,0.0,57.86323425697246,1.1073912902569933,1611220606695.0,0.679671564885434,1.0,0.679671564885434,1.0004585672861879,90020.0,0.15076474179673768,1223.6
1236253,long,close,1235.15,-25115.0,1234.26129258859,150695.0,664.5766544082444,0.014640812284028496,0.00508339068129377,0.019724202965322266,13.628737595943926,46.38967213777335,107.88295845993804,44.25422086399371,0.0,57.88295845993778,1.1074137376641182,1611220632156.0,0.42063234874914107,1.0,0.42063234874914107,1.0004584029583083,25461.0,0.15077657216438894,1224.75
1236541,long,reentry,1224.75,279237.0,1228.083792871053,429932.0,957.6742216226623,0.0,0.0569987752602572,0.0569987752602572,13.685736371204184,46.41418161113526,107.93995723519829,44.25422086399371,0.0,57.93995723519804,1.1074835389210833,1611220677115.0,0.4573555528633589,1.0,0.4573555528633589,1.000458444610248,44959.0,0.15081169737968333,1209.8
1237141,long,close,1228.95,-23885.0,1228.083792871053,406047.0,944.2876146006221,0.013708337410478088,0.004858822572114407,0.018567159982592493,13.690595193776298,46.42216548992778,107.95852439518089,44.267929201404186,0.0,57.95852439518063,1.1074996444151675,1611220729900.0,0.21611343077460726,1.0,0.21611343077460726,1.0004582740913095,52785.0,0.15088487491154665,1209.8
1237764,long,close,1228.95,-23885.0,1228.083792871053,382162.0,929.668101235506,0.013708337410478088,0.004858822572114407,0.018567159982592493,13.695454016348412,46.43014936872029,107.97709155516348,44.281637538814664,0.0,57.97709155516323,1.1075088707184715,1611220822269.0,0.22653264971075715,1.0,0.22653264971075715,1.000458103757674,92369.0,0.1509608575821314,1210.95
1237769,long,close,1228.95,-23885.0,1228.083792871053,358277.0,913.6371333983813,0.013708337410478088,0.004858822572114407,0.018567159982592493,13.700312838920526,46.438133247512816,107.99565871514608,44.29534587622514,0.0,57.99565871514582,1.1075337863150738,1611220824234.0,0.24346494589615814,1.0,0.24346494589615814,1.0004579336090171,1965.0,0.15096146739489694,1212.1
1237783,long,close,1229.95,-25591.0,1228.083792871053,332686.0,894.609286226761,0.03161779971823247,0.005201634212772877,0.03681943393100535,13.705514473133299,46.453965604103146,108.03247814907708,44.326963675943375,0.0,58.03247814907683,1.1075834841745813,1611220826399.0,0.25666167651258537,1.0,0.25666167651258537,1.0004578640867012,2165.0,0.15096317487064043,1212.1
1237799,long,close,1231.1,-27723.0,1228.083792871053,304963.0,871.45686668439,0.0553069941356174,0.005629721387377143,0.06093671552299454,13.711144194520676,46.48016839177803,108.09341486460008,44.382270670078995,0.0,58.09341486459982,1.1076659968150617,1611220828284.0,0.2726458098079101,1.0,0.2726458098079101,1.0004579271446006,1885.0,0.1509651262714901,1213.25
1237837,long,close,1231.5,-30496.0,1228.083792871053,274467.0,842.3676009922818,0.06888499915880782,0.006190824198132359,0.07507582335694017,13.717335018718808,46.51245099582152,108.16849068795702,44.4511556692378,0.0,58.16849068795676,1.1077670686959562,1611220833650.0,0.29170003114204085,1.0,0.29170003114204085,1.000458067554487,5366.0,0.1509697608485081,1214.4
1237852,long,close,1231.75,-30496.0,1228.083792871053,243971.0,808.614197101693,0.07391103869453519,0.006189567688248428,0.08010060638278362,13.723524586407057,46.54689425656611,108.2485912943398,44.52506670793233,0.0,58.24859129433955,1.1078746353947566,1611220840524.0,0.31601023020398533,1.0,0.31601023020398533,1.0004582350572198,6874.0,0.1509715902868047,1215.55
1237856,long,close,1232.05,-30496.0,1228.083792871053,213475.0,768.9803228144018,0.07993959372549567,0.006188060549490687,0.08612765427498635,13.729712646956548,46.58392914790436,108.33471894861479,44.60500630165783,0.0,58.33471894861454,1.1079914130643016,1611220841047.0,0.3436306691816284,1.0,0.3436306691816284,1.0004584350305306,523.0,0.15097207813701713,1216.7
1237877,long,close,1232.45,-30496.0,1228.083792871053,182979.0,721.7855009048636,0.08797310168053621,0.006186052172501927,0.09415915385303814,13.73589869912905,46.62441758406116,108.42887810246782,44.69297940333837,0.0,58.42887810246757,1.1081186484417906,1611220843563.0,0.37595429270488795,1.0,0.37595429270488795,1.0004586782953653,2516.0,0.15097463935063235,1217.85
1237893,long,close,1233.6,-36595.0,1228.083792871053,146384.0,651.7026298127975,0.13324777199105617,0.00741630188067445,0.14066407387173063,13.743315001009725,46.684903135826005,108.56954217633955,44.82622717532943,0.0,58.569542176339304,1.1083087583723112,1611220846096.0,0.41453907539046625,1.0,0.41453907539046625,1.0004591746032914,2533.0,0.15097659075148204,1219.0
1237910,long,close,1234.55,-36596.0,1228.083792871053,109788.0,560.8618207276102,0.15607974512156414,0.007410797456563121,0.16349054257812726,13.750725798466288,46.7552040691346,108.73303271891767,44.982306920450995,0.0,58.73303271891743,1.1085296730294119,1611220847755.0,1.0,1.0,1.0,1.0004597936202657,1659.0,0.1509786641148848,1220.15
1237918,long,close,1233.65,-109788.0,1228.083792871053,0.0,0.0,0.40336134250134587,0.0222486118429052,0.4256099543442511,13.772974410309192,46.938216349502625,109.15864267326192,45.38566826295234,0.0,59.15864267326168,1.1091041429032937,1611220847959.0,0.5455296809597194,1.0,0.5455296809597194,1.000461832960953,204.0,0.15097963981530968,
1238750,long,entry,1229.7,61910.0,1229.7,61910.0,391.49001960788,0.0,0.012586403187769374,0.012586403187769374,13.785560813496962,46.943628502873366,109.17122907644969,45.38566826295234,0.0,59.17122907644945,1.1090876717237217,1611221037613.0,1.0,1.0,1.0,1.0004616281210112,189654.0,0.15108111265949348,1222.45
1238835,long,close,1230.55,-61910.0,1229.7,0.0,0.0,0.034776133304955104,0.012577709154443137,0.04735384245939824,13.798138522651406,46.96399065513091,109.21858291890909,45.420444396257295,0.0,59.21858291890885,1.1091491351497766,1611221050712.0,0.6808071589010355,1.0,0.6808071589010355,1.0004616116585299,13099.0,0.15109147947650745,
1247880,long,entry,1233.3,62126.0,1233.3,62126.0,392.639004144011,0.0,0.012593448471580313,0.012593448471580313,13.810731971122987,46.96940583797369,109.23117636738067,45.420444396257295,0.0,59.23117636738043,1.108466262250078,1611225044699.0,1.0,1.0,1.0,1.0004614071918383,3993987.0,0.1521946307693471,1225.9
1247918,long,close,1234.15,-62126.0,1233.3,0.0,0.0,0.034694101043939475,0.012584774946319328,0.047278875990258803,13.823316746069306,46.9897357546495,109.27845524337093,45.455138497301235,0.0,59.278455243370686,1.10852893141342,1611225047820.0,0.6815450714594988,1.0,0.6815450714594988,1.0004613903337658,3121.0,0.1521992653463651,
1247950,long,entry,1233.15,62152.0,1233.15,62152.0,392.58908618613856,0.0,0.012600251388719943,0.012600251388719943,13.835916997458027,46.99515386274665,109.29105549475965,45.455138497301235,0.0,59.291055494759405,1.108544116509396,1611225057334.0,1.0,1.0,1.0,1.0004611862381905,9514.0,0.15220316814806448,1225.9
1247959,long,close,1234.0,-62152.0,1233.15,0.0,0.0,0.0347170621731342,0.012591572123176662,0.04730863429631087,13.848508569581202,47.015496575494055,109.33836412905595,45.48985555947437,0.0,59.33836412905572,1.1086062594816053,1611225063519.0,0.6815984702464408,1.0,0.6815984702464408,1.000461169550901,6185.0,0.15220426581104243,
1248064,long,entry,1232.9,62174.0,1232.9,62174.0,392.51182098142976,0.0,0.0126072674182821,0.0126072674182821,13.861115836999485,47.02091770048391,109.35097139647422,45.48985555947437,0.0,59.350971396474,1.1086170023438207,1611225098511.0,1.0,1.0,1.0,1.0004609658263743,34992.0,0.1522170718791185,1225.9
1248110,long,close,1233.75,-62174.0,1232.9,0.0,0.0,0.03474343199364156,0.012598581560283687,0.04734201355392525,13.873714418559768,47.04127476631211,109.39831341002815,45.52459899146801,0.0,59.398313410027924,1.1086793262265517,1611225103713.0,0.6813251433129579,1.0,0.6813251433129579,1.0004609493285286,5202.0,0.15222268215656137,
1251589,long,entry,1231.4,62132.0,1231.4,62132.0,392.03251402027706,0.0,0.012614097774890368,0.012614097774890368,13.886328516334657,47.046698828355304,109.41092750780304,45.52459899146801,0.0,59.41092750780282,1.1084070469664642,1611226765285.0,1.0,1.0,1.0,1.0004607459728236,1661572.0,0.15264698987881556,1224.75
1251677,long,close,1232.25,-62132.0,1231.4,0.0,0.0,0.03480457085382018,0.012605396632176913,0.047409967485997094,13.898933912966834,47.06708511437429,109.45833747528904,45.55940356232183,0.0,59.458337475288815,1.1084669977816377,1611226783507.0,0.6813132430839515,1.0,0.6813132430839515,1.000460729849293,18222.0,0.15265772258348886,
1251686,long,entry,1231.15,62154.0,1231.15,62154.0,391.9552319155864,0.0,0.01262112658896154,0.01262112658896154,13.911555039555795,47.072512198807544,109.47095860187801,45.55940356232183,0.0,59.470958601877776,1.1084830264383467,1611226787934.0,1.0,1.0,1.0,1.000460526862126,4427.0,0.1526588202464668,1224.75
1252000,long,reentry,1224.75,115171.0,1226.9932572959258,177325.0,708.6955854491277,0.0,0.023509083486425802,0.023509083486425802,13.93506412304222,47.08262110470671,109.49446768536444,45.55940356232183,0.0,59.4944676853642,1.1085079333866854,1611226824643.0,0.6799581677834683,1.0,0.6799581677834683,1.0004603825255107,36709.0,0.15269711648814194,1216.7
1252187,long,close,1227.85,-25332.0,1226.9932572959258,151993.0,660.4989011968953,0.014405634888050165,0.005157796147737917,0.01956343103578808,13.940221919189959,47.091033380052096,109.51403111640023,45.57380919720988,0.0,59.514031116399984,1.1085291886655266,1611226852109.0,0.42116585498498976,1.0,0.42116585498498976,1.000460217178284,27466.0,0.15271992348557267,1217.85
1252212,long,close,1227.85,-25332.0,1226.9932572959258,126661.0,603.0794520769394,0.014405634888050165,0.005157796147737917,0.01956343103578808,13.945379715337697,47.09944565539749,109.53359454743602,45.58821483209793,0.0,59.53359454743577,1.1085542377026423,1611226857707.0,0.4613888108970926,1.0,0.4613888108970926,1.000460052006315,5598.0,0.15272297254940032,1217.85
1252239,long,close,1227.85,-25332.0,1226.9932572959258,101329.0,533.509896017851,0.014405634888050165,0.005157796147737917,0.01956343103578808,13.950537511485436,47.10785793074288,109.55315797847182,45.60262046698598,0.0,59.55315797847155,1.1085782661701218,1611226869151.0,0.5083123785602385,1.0,0.5083123785602385,1.000459887009302,11444.0,0.15272626553833418,1219.0
1252242,long,close,1228.0,-101329.0,1226.9932572959258,0.0,0.0,0.06770359105895044,0.020628868078175894,0.08833245913712633,13.971166379563613,47.14584088817184,109.64149043760894,45.67032405804493,0.0,59.64149043760868,1.1086954746725555,1611226870374.0,0.5655279970537473,1.0,0.5655279970537473,1.0004600899095748,1223.0,0.1527266314259935,
1252277,long,entry,1229.35,62167.0,1229.35,62167.0,391.3822787341128,0.0,0.012642249969496077,0.012642249969496077,13.983808629533108,47.15127705565873,109.65413268757844,45.67032405804493,0.0,59.654132687578176,1.1087116552549112,1611226873926.0,1.0,1.0,1.0,1.0004598880103046,3552.0,0.15273090011535218,1222.45
1252299,long,close,1230.2,-62167.0,1229.35,0.0,0.0,0.03494037546438769,0.01263351487562998,0.047573890340017674,13.996442144408737,47.171733828504934,109.70170657791846,45.70526443350932,0.0,59.701706577918195,1.108774527680569,1611226875805.0,0.6815441181984436,1.0,0.6815441181984436,1.000459872776664,1879.0,0.1527335832915205,
1252626,long,entry,1228.8,62173.0,1228.8,62173.0,391.205813019266,0.0,0.012649129231770834,0.012649129231770834,14.009091273640509,47.1771729540746,109.71435570715023,45.70526443350932,0.0,59.71435570714996,1.108781141614389,1611226934296.0,1.0,1.0,1.0,1.000459671240214,58491.0,0.15277346504638603,1221.3
1252682,long,close,1229.65,-62173.0,1228.8,0.0,0.0,0.03497502491605366,0.01264038547554182,0.047615410391595475,14.021731659116051,47.197647580542984,109.76197111754182,45.74023945842537,0.0,59.761971117541556,1.1088425420877535,1611226944729.0,0.6811688565450155,1.0,0.6811688565450155,1.0004596562330719,10433.0,0.15278029494935993,
1252697,long,entry,1228.6,62197.0,1228.6,62197.0,391.1420108380758,0.0,0.012656071951815076,0.012656071951815076,14.034387731067866,47.20308969148226,109.77462718949363,45.74023945842537,0.0,59.77462718949337,1.1088587592148047,1611226948068.0,1.0,1.0,1.0,1.0004594550585588,3339.0,0.1527821243876565,1221.3
1252758,long,close,1229.45,-62197.0,1228.6,0.0,0.0,0.03499991430003371,0.012647321973240066,0.04764723627327378,14.047035053041107,47.223578003079766,109.82227442576689,45.7752393727254,0.0,59.82227442576664,1.1089198895020342,1611226960104.0,0.6812338447185724,1.0,0.6812338447185724,1.0004594402252867,12036.0,0.15278956410339595,
1252855,long,entry,1228.25,62213.0,1228.25,62213.0,391.0286635842191,0.0,0.01266293507022186,0.01266293507022186,14.059697988111328,47.22902306515996,109.83493736083712,45.7752393727254,0.0,59.83493736083687,1.1089318949203395,1611226987598.0,1.0,1.0,1.0,1.000459239411106,27494.0,0.15280139447104718,1221.3
1252990,long,reentry,1221.3,115280.0,1223.7360417030532,177493.0,706.9025467321987,0.0,0.02359780561696553,0.02359780561696553,14.083295793728293,47.23917012157525,109.85853516645408,45.7752393727254,0.0,59.858535166453834,1.1089606598472574,1611227002137.0,0.6798127626741297,1.0,0.6798127626741297,1.0004590968913691,14539.0,0.15281785941571643,1213.25
1253896,long,reentry,1213.25,328894.0,1216.925447829427,506387.0,982.7885500954526,0.0,0.06777127549969092,0.06777127549969092,14.151067069227985,47.26831177004012,109.92630644195377,45.7752393727254,0.0,59.92630644195352,1.1090352107220878,1611227089844.0,0.4173239806031992,1.0,0.4173239806031992,1.0004591888415628,87707.0,0.15292835748883005,1196.8
1255918,long,reentry,1196.8,115890.0,1213.1773771969717,622277.0,1020.7961212700039,0.0,0.024208305481283426,0.024208305481283426,14.175275374709267,47.27872134139707,109.95051474743505,45.7752393727254,0.0,59.9505147474348,1.1090347997029701,1611227276035.0,0.17864815503284223,1.0,0.17864815503284223,1.000459049648594,186191.0,0.15317496577120948,0.05
1261849,long,close,1214.05,-32751.0,1213.1773771969717,589526.0,1010.6313114747343,0.01940395443630449,0.006744162102055105,0.026148116538359596,14.182019536811323,47.289965031508565,109.9766628639734,45.79464332716171,0.0,59.97666286397316,1.1089037800425834,1611228226682.0,0.13856867403375195,1.0,0.13856867403375195,1.0004589208610721,950647.0,0.15389832567367845,1190.2
1261881,long,close,1214.8,-32751.0,1213.1773771969717,556775.0,999.4777303330392,0.036058948102886464,0.006739998353638459,0.04279894645652492,14.18875953516496,47.30836857848487,110.01946181042993,45.83070227526459,0.0,60.01946181042968,1.108959899329263,1611228229352.0,0.16745093378801038,1.0,0.16745093378801038,1.0004588802796894,2670.0,0.15390222847537782,1191.3
1261891,long,close,1214.8,-30931.0,1213.1773771969717,525844.0,987.9335066401474,0.03405512270679922,0.006365451103062233,0.04042057380986145,14.195124986268024,47.325749425223115,110.0598823842398,45.86475739797139,0.0,60.05988238423954,1.109013280790903,1611228229584.0,1.0,1.0,1.0,1.0004588270880033,232.0,0.1539034481009089,1192.4
1261900,long,close,1214.8,-29213.0,1213.1773771969717,496631.0,975.9972457380309,0.03216359961313005,0.006011894962133685,0.03817549457526373,14.201136881230157,47.342164887890476,110.09805787881506,45.896920997584516,0.0,60.09805787881481,1.1090635875195567,1611228230343.0,0.18661822275634166,1.0,0.18661822275634166,1.000458762025699,759.0,0.15390454576388685,1192.4
1261904,long,close,1214.8,-27590.0,1213.1773771969717,469041.0,963.6693124729434,0.03037667180112477,0.005677889364504446,0.03605456116562922,14.206814770594661,47.35766834919169,110.13411243998068,45.92729766938564,0.0,60.134112439980434,1.109110735519792,1611228233066.0,0.1964455411345044,1.0,0.1964455411345044,1.0004586857807385,2723.0,0.15390503361409927,1193.5
1261911,long,close,1215.55,-27590.0,1213.1773771969717,441451.0,950.1388372254249,0.04438980831835052,0.005674386080375139,0.05006419439872566,14.212489156675037,47.37919595278315,110.18417663437941,45.97168747770399,0.0,60.18417663437916,1.10917656938019,1611228234618.0,0.20692180686944,1.0,0.20692180686944,1.0004586833948022,1552.0,0.153905887351971,1194.6
1261923,long,close,1215.65,-27590.0,1213.1773771969717,413861.0,935.2525267394536,0.04625692009571672,0.005673919302430799,0.05193083939814752,14.218163075977468,47.401526213724345,110.23610747377755,46.0179443977997,0.0,60.23610747377731,1.1092443877489417,1611228238761.0,0.2180570840050819,1.0,0.2180570840050819,1.0004586907184312,4143.0,0.15390735090260826,1195.7
1261973,long,close,1214.9,-25866.0,1213.1773771969717,387995.0,919.9079273180423,0.03023114733282312,0.005322660301259363,0.03555380763408248,14.223485736278727,47.416814351007005,110.27166128141164,46.04817554513252,0.0,60.27166128141139,1.1092894291594262,1611228249459.0,0.2298010979663562,1.0,0.2298010979663562,1.0004586117759249,10698.0,0.15391344903026355,1196.8
1261982,long,close,1215.85,-27713.0,1213.1773771969717,360282.0,901.6600484355127,0.050213085524344246,0.0056982769256076005,0.055911362449951846,14.229184013204335,47.44085623686049,110.3275726438616,46.09838863065686,0.0,60.327572643861345,1.1093629273620145,1611228250851.0,0.24290529005551842,1.0,0.24290529005551842,1.000458639829212,1392.0,0.1539145466932415,1196.8
1262066,long,close,1214.05,-24018.0,1213.1773771969717,336264.0,884.1900985759944,0.014229922068063913,0.00494584242823607,0.01917576449629998,14.234129855632572,47.4491018155939,110.34674840835791,46.112618552724925,0.0,60.34674840835765,1.109382956643267,1611228280911.0,0.2568837940944387,1.0,0.2568837940944387,1.0004584748768002,30060.0,0.15392479154770236,1197.9
1262068,long,close,1214.05,-24018.0,1213.1773771969717,312246.0,864.8553735068834,0.014229922068063913,0.00494584242823607,0.01917576449629998,14.239075698060809,47.457347394327314,110.36592417285422,46.126848474792986,0.0,60.36592417285395,1.109408067616485,1611228281868.0,1.0,1.0,1.0,1.0004583100978488,957.0,0.15392503547280856,1199.0
1262087,long,close,1215.2,-26020.0,1213.1773771969717,286226.0,841.3869356066696,0.03569851309370483,0.005353028308097432,0.04105154140180226,14.244428726368906,47.47499955713009,110.40697571425602,46.16254698788669,0.0,60.40697571425575,1.1094617788984449,1611228284107.0,0.28762787899437137,1.0,0.28762787899437137,1.0004582601525958,2239.0,0.15392735276131758,1199.0
1262126,long,close,1216.55,-28622.0,1213.1773771969717,257604.0,811.9410478573649,0.06540538150068519,0.005881796884632773,0.07128717838531796,14.250310523253539,47.50565304383578,110.47826289264134,46.227952369387374,0.0,60.47826289264107,1.1095534033527952,1611228297159.0,0.30775685087278826,1.0,0.30775685087278826,1.0004583684755457,13052.0,0.1539321093008887,1200.1
1262134,long,close,1217.1,-32200.0,1213.1773771969717,225404.0,773.2486925143032,0.08554248350885763,0.006614082655492565,0.0921565661643502,14.256924605909031,47.545280367286445,110.57041945880569,46.313494852896234,0.0,60.57041945880542,1.1096746419421404,1611228297628.0,1.0,1.0,1.0,1.0004585855299488,469.0,0.15393308500131353,1201.2
1262149,long,close,1217.5,-32200.0,1213.1773771969717,193204.0,727.0290684301023,0.09423450178301855,0.006611909650924025,0.10084641143394257,14.263536515559956,47.588644324203045,110.67126587023964,46.407729354679255,0.0,60.67126587023936,1.10980568145664,1611228306862.0,0.3644705412062931,1.0,0.3644705412062931,1.0004588472896268,9234.0,0.15393491443961013,1202.3
1262540,long,close,1214.05,-24150.0,1213.1773771969717,169054.0,686.1802293254589,0.014308127985000562,0.004973024175281084,0.019281152160281645,14.268509539735238,47.596935219631966,110.69054702239993,46.42203748266426,0.0,60.69054702239964,1.109807421183298,1611228441413.0,0.40048728586616456,1.0,0.40048728586616456,1.0004586830266589,134551.0,0.15398260179787437,1203.4
1262569,long,close,1214.05,-24150.0,1213.1773771969717,144904.0,638.3581874176177,0.014308127985000562,0.004973024175281084,0.019281152160281645,14.27348256391052,47.605226115060894,110.70982817456022,46.43634561064926,0.0,60.709828174559924,1.1098302249174572,1611228455876.0,0.4347075591502583,1.0,0.4347075591502583,1.0004585189356727,14463.0,0.15398613871191444,1203.4
1263119,long,close,1214.05,-24150.0,1213.1773771969717,120754.0,581.6107487137699,0.014308127985000562,0.004973024175281084,0.019281152160281645,14.278455588085802,47.613517010489815,110.7291093267205,46.450653738634266,0.0,60.729109326720206,1.1098195583712225,1611228661066.0,0.47155779187283303,1.0,0.47155779187283303,1.0004583550163773,205190.0,0.1540532181161225,1204.5
1263142,long,close,1214.05,-24150.0,1213.1773771969717,96604.0,513.1820121260187,0.014308127985000562,0.004973024175281084,0.019281152160281645,14.283428612261083,47.62180790591874,110.7483904788808,46.46496186661927,0.0,60.74839047888049,1.1098436267678589,1611228668227.0,0.5209137160512604,1.0,0.5209137160512604,1.0004581912684818,7161.0,0.15405602325484394,1205.6
1263167,long,close,1214.45,-96604.0,1213.1773771969717,0.0,0.0,0.08344318403101353,0.019886368314875048,0.10332955234588857,14.303314980575959,47.66623961342747,110.85172003122668,46.54840505065028,0.0,60.85172003122638,1.1099785440812437,1611228672404.0,1.0,1.0,1.0,1.0004584645603245,4177.0,0.15405907231867155,
1278203,long,entry,1229.1,62840.0,1229.1,62840.0,391.30087742996193,0.0,0.012781710194451226,0.012781710194451226,14.31609669077041,47.67173574881108,110.86450174142112,46.54840505065028,0.0,60.86450174142083,1.1089830074965727,1611234487452.0,1.0,1.0,1.0,1.0004582670811417,5815048.0,0.15589290126716654,1222.45
1278652,long,reentry,1222.45,116442.0,1224.7808865362947,179282.0,707.4582681188726,0.0,0.023813243895455846,0.023813243895455846,14.339909934665865,47.68197544368613,110.88831498531658,46.54840505065028,0.0,60.888314985316285,1.1089991518504208,1611234573228.0,0.679891297913971,1.0,0.679891297913971,1.000458127057701,85776.0,0.1559476624535109,1214.4
1279162,long,reentry,1214.4,332209.0,1218.0385901218203,511491.0,983.6423533147182,0.0,0.0683895339262187,0.0683895339262187,14.408299468592084,47.71138294327441,110.9567045192428,46.54840505065028,0.0,60.95670451924251,1.1090718659462255,1611234666519.0,0.4174181511764543,1.0,0.4174181511764543,1.0004582182087662,93291.0,0.15600986335559475,1197.9
1279334,long,close,1218.9,-26920.0,1218.0385901218203,484571.0,972.0860512690264,0.015619091830742744,0.0055213717286077615,0.021140463559350505,14.41382084032069,47.720473342604926,110.97784498280215,46.564024142481024,0.0,60.977844982801855,1.1090885144211469,1611234729044.0,0.18975094455130295,1.0,0.18975094455130295,1.000458064432164,62525.0,0.1560308409147289,1197.9
1279343,long,close,1218.9,-25503.0,1218.0385901218203,459068.0,960.1788148971718,0.01479694275480803,0.005230740831897612,0.020027683586705643,14.419051581152589,47.72908524654721,110.99787266638886,46.57882108523583,0.0,60.99787266638856,1.109114233676548,1611234730611.0,0.20265262578925786,1.0,0.20265262578925786,1.0004579050536746,1567.0,0.15603193857770686,1199.0
1279354,long,close,1219.7,-27004.0,1218.0385901218203,432064.0,946.3819324453435,0.030198878575842532,0.005534967614987292,0.035733846190829824,14.424586548767577,47.74445080040927,111.0336065125797,46.609019963811676,0.0,61.03360651257939,1.1091602709637052,1611234732487.0,0.21222561029070688,1.0,0.21222561029070688,1.000457827037853,1876.0,0.15603328016579102,1200.1
1279371,long,close,1220.65,-28804.0,1218.0385901218203,403260.0,930.1132462826565,0.05059127696128231,0.005899315938229632,0.05649059289951194,14.430485864705807,47.768741755356054,111.0900971054792,46.65961124077296,0.0,61.090097105478904,1.1092329564846861,1611234735837.0,0.22414991601463882,1.0,0.22414991601463882,1.0004578562476525,3350.0,0.15603535352919382,1201.2
1279464,long,close,1218.9,-25203.0,1218.0385901218203,378057.0,914.4602849893091,0.014622881553128133,0.005169209943391582,0.019792091496519715,14.435655074649198,47.777252354699556,111.10988919697571,46.67423412232609,0.0,61.10988919697542,1.109255265895452,1611234755226.0,0.23623481172388194,1.0,0.23623481172388194,1.000457695942317,19389.0,0.15604669604663263,1201.2
1279509,long,close,1218.9,-25203.0,1218.0385901218203,352854.0,897.2042074268627,0.014622881553128133,0.005169209943391582,0.019792091496519715,14.440824284592589,47.78576295404306,111.12968128847223,46.68885700387922,0.0,61.12968128847194,1.1092789999393864,1611234766344.0,0.24862554127660397,1.0,0.24862554127660397,1.0004575358024514,11118.0,0.15605218436152238,1202.3
1279531,long,close,1219.95,-27142.0,1218.0385901218203,325712.0,876.4835237004352,0.03491343608603144,0.0055621132013607116,0.04047554928739215,14.44638639779395,47.803167440236635,111.17015683775962,46.72377043996525,0.0,61.170156837759336,1.1093303752622736,1611234772585.0,0.2636209722366525,1.0,0.2636209722366525,1.0004574823845458,6241.0,0.1560548675376907,1203.4
1279533,long,close,1220.05,-27142.0,1218.0385901218203,298570.0,853.1922287178687,0.0367370050221744,0.005561657309126676,0.04229866233130107,14.451948055103076,47.821355865039095,111.21245550009093,46.760507444987425,0.0,61.212455500090634,1.1093850643207441,1611234773222.0,0.2815414371896921,1.0,0.2815414371896921,1.0004574383344433,637.0,0.1560551114627969,1204.5
1279667,long,close,1218.9,-24880.0,1218.0385901218203,273690.0,829.2041145288083,0.014435475659319444,0.005102961686766757,0.0195384373460862,14.457051016789842,47.82975739309792,111.23199393743703,46.774942920646744,0.0,61.23199393743672,1.109397996721429,1611234844708.0,0.2989381851126798,1.0,0.2989381851126798,1.0004572772182054,71486.0,0.15607145444491305,1204.5
1279687,long,close,1220.3,-27369.0,1218.0385901218203,246321.0,799.1747132416414,0.041639984128318604,0.005607022863230354,0.047247006991548955,14.462658039653073,47.85007360610429,111.27924094442858,46.81658290477506,0.0,61.27924094442827,1.1094584414837603,1611234848907.0,0.3199064059636594,1.0,0.3199064059636594,1.0004572586371767,4199.0,0.15607389369597516,1205.6
1279689,long,close,1220.45,-27369.0,1218.0385901218203,218952.0,764.5567597863035,0.044396519601249816,0.00560633372936212,0.050002853330611934,14.468264373382436,47.87157483303645,111.32924379775919,46.86097942437631,0.0,61.32924379775888,1.1095230865976644,1611234849310.0,1.0,1.0,1.0,1.000457254118088,403.0,0.15607413762108138,1206.7
1279691,long,close,1220.65,-27369.0,1218.0385901218203,191583.0,724.212270856228,0.048070846380826815,0.0056054151476672255,0.05367626152849404,14.473869788530102,47.894655625493705,111.38292005928768,46.909050270757135,0.0,61.38292005928737,1.1095922284592092,1611234851035.0,1.0,1.0,1.0,1.000457268322079,1725.0,0.15607438154618758,1206.7
1279692,long,close,1220.85,-27369.0,1218.0385901218203,164214.0,676.5973163948192,0.051743969301849976,0.005604496866936971,0.057348466168786943,14.479474285397039,47.91931546594628,111.44026852545647,46.96079424005899,0.0,61.44026852545616,1.1096663225421066,1611234851411.0,1.0,1.0,1.0,1.0004573011838491,376.0,0.1560745035087407,1207.8
1279791,long,close,1218.9,-23459.0,1218.0385901218203,140755.0,628.4826094381337,0.013611005767362332,0.004811510378209861,0.018422516145572193,14.484285795775248,47.927237147888874,111.45869104160204,46.97440524582635,0.0,61.45869104160173,1.1096830494267425,1611234892257.0,0.44404493311847226,1.0,0.44404493311847226,1.0004571346896318,40846.0,0.15608657780149815,1208.9
1279836,long,close,1218.9,-23459.0,1218.0385901218203,117296.0,571.5776890395858,0.013611005767362332,0.004811510378209861,0.018422516145572193,14.489097306153457,47.935158829831465,111.4771135577476,46.988016251593706,0.0,61.4771135577473,1.1097047083132856,1611234904654.0,0.48411031443617175,1.0,0.48411031443617175,1.0004569683696054,12397.0,0.1560920661163879,1210.0
1279908,long,close,1222.35,-29324.0,1218.0385901218203,87972.0,483.76114813371873,0.08491529026636675,0.005997463901501207,0.09091275416786795,14.495094770054958,47.974251314123656,111.56802631191547,47.07293154186007,0.0,61.56802631191517,1.10981929321043,1611234921144.0,0.5309362036522212,1.0,0.5309362036522212,1.0004571725244162,16490.0,0.1561008474202115,1210.0
1279911,long,close,1222.55,-87972.0,1218.0385901218203,0.0,0.0,0.266519551518587,0.01798944828432375,0.2845089998029107,14.513084218339282,48.0965901840389,111.85253531171838,47.339451093378656,0.0,61.85253531171808,1.1101862784125267,1611234921286.0,1.0,1.0,1.0,1.0004583624714927,142.0,0.1561012133078708,
1279929,long,entry,1223.1,63098.0,1223.1,63098.0,389.3914826125048,0.0,0.01289714659471834,0.01289714659471834,14.525981364934001,48.10213595707464,111.86543245831311,47.339451093378656,0.0,61.865432458312796,1.1102016358356903,1611234928513.0,1.0,1.0,1.0,1.0004581672972275,7227.0,0.1561034086338267,1216.7
1280010,long,close,1223.95,-63098.0,1223.1,0.0,0.0,0.03582687072351703,0.01288818987703746,0.048715060600554486,14.538869554811038,48.12308343313287,111.91414751891365,47.375277964102175,0.0,61.91414751891335,1.1102568212687043,1611234971883.0,0.6810488736433593,1.0,0.6810488736433593,1.0004581543987456,43370.0,0.15611328760062826,
1281255,long,entry,1221.7,63060.0,1221.7,63060.0,388.9436762478463,0.0,0.012904149954980763,0.012904149954980763,14.551773704766019,48.12863221761351,111.92705166886863,47.375277964102175,0.0,61.92705166886834,1.110214352162982,1611235310672.0,1.0,1.0,1.0,1.0004579595640208,338789.0,0.15626513097924466,1214.4
1281428,long,close,1222.55,-63060.0,1221.7,0.0,0.0,0.03588737462429185,0.012895178111324691,0.04878255273561654,14.564668882877344,48.14960871528982,111.97583422160425,47.41116533872647,0.0,61.975834221603954,1.110269337078781,1611235355309.0,0.6806964319449583,1.0,0.6806964319449583,1.0004579470044372,44637.0,0.1562862305009319,
1281805,long,entry,1220.55,63036.0,1220.55,63036.0,388.58025211424956,0.0,0.012911392405063293,0.012911392405063293,14.577580275282408,48.155160614024,111.9887456140093,47.41116533872647,0.0,61.98874561400902,1.1102638696796283,1611235481901.0,1.0,1.0,1.0,1.0004577525092664,126592.0,0.1563322103834527,1213.25
1281845,long,close,1221.4,-63036.0,1220.55,0.0,0.0,0.03594132485444926,0.012902407073849681,0.04884373192829894,14.590482682356257,48.17616341875317,112.0375893459376,47.44710666358092,0.0,62.03758934593732,1.1103227393754356,1611235504434.0,0.6813348760749143,1.0,0.6813348760749143,1.0004577402550596,22533.0,0.15633708888557693,
1282173,long,entry,1219.8,63032.0,1219.8,63032.0,388.341439916179,0.0,0.012918511231349402,0.012918511231349402,14.603401193587606,48.18171837858265,112.05050785716895,47.44710666358092,0.0,62.05050785716867,1.1103083857439435,1611235681931.0,1.0,1.0,1.0,1.0004575460976404,177497.0,0.15637709260299554,1213.25
1282782,long,close,1220.65,-63032.0,1219.8,0.0,0.0,0.03598323695292603,0.01290951542211117,0.0488927523750372,14.616310709009717,48.20274226210392,112.09940060954399,47.48308990053384,0.0,62.09940060954371,1.1103456487176628,1611235828402.0,0.6801141351596548,1.0,0.6801141351596548,1.0004575340859316,146471.0,0.15645136779783683,
1284013,long,entry,1216.7,62906.0,1216.7,62906.0,387.3523984085795,0.0,0.012925536286677076,0.012925536286677076,14.629236245296394,48.20830024270718,112.11232614583066,47.48308990053384,0.0,62.11232614583039,1.1103040559824937,1611236162196.0,1.0,1.0,1.0,1.0004573402646637,333794.0,0.15660150370070974,1210.0
1284348,long,reentry,1210.0,116564.0,1212.3484158912352,179470.0,700.2948321320765,0.0,0.024083471074380164,0.024083471074380164,14.653319716370774,48.218656135269164,112.13640961690504,47.48308990053384,0.0,62.136409616904764,1.1103256285613663,1611236215738.0,0.6798608220103479,1.0,0.6798608220103479,1.000457202995791,53542.0,0.1566423611560001,1202.3
1284424,long,close,1213.2,-25638.0,1212.3484158912352,153832.0,652.6747949998135,0.014844030594774148,0.005283135509396636,0.020127166104170785,14.65860285188017,48.227310816693965,112.15653678300922,47.497933931128614,0.0,62.15653678300893,1.1103491615865149,1611236228860.0,0.42081314024309274,1.0,0.42081314024309274,1.0004570458955124,13122.0,0.15665163031003612,1202.3
1284460,long,close,1213.2,-25638.0,1212.3484158912352,128194.0,595.9416676662596,0.014844030594774148,0.005283135509396636,0.020127166104170785,14.663885987389566,48.23596549811876,112.17666394911339,47.51277796172339,0.0,62.1766639491131,1.1103738218397752,1611236235487.0,0.4620664345175855,1.0,0.4620664345175855,1.0004568889546601,6627.0,0.15665602096194792,1203.4
1284547,long,close,1213.2,-25638.0,1212.3484158912352,102556.0,527.2026838078242,0.014844030594774148,0.005283135509396636,0.020127166104170785,14.669169122898962,48.24462017954355,112.19679111521756,47.52762199231816,0.0,62.196791115217266,1.1103960562250332,1611236256000.0,0.5075879630933612,1.0,0.5075879630933612,1.0004567321729703,20513.0,0.1566666317040681,1204.5
1284549,long,close,1213.6,-102556.0,1212.3484158912352,0.0,0.0,0.08724049013918195,0.02112640079103494,0.10836689093021688,14.690295523689997,48.29121794264354,112.30515800614778,47.61486248245734,0.0,62.30515800614748,1.1105347806477879,1611236256987.0,1.0,1.0,1.0,1.0004570195828157,987.0,0.1566668756291743,
1284550,long,entry,1213.3,62846.0,1213.3,62846.0,386.2727049524414,0.0,0.012949394214126763,0.012949394214126763,14.703244917904124,48.29678618215562,112.31810740036191,47.61486248245734,0.0,62.318107400361605,1.1105512577707393,1611236257632.0,1.0,1.0,1.0,1.0004568267089482,645.0,0.15666699759172742,1206.7
1284676,long,reentry,1206.7,116453.0,1209.0133625954413,179299.0,698.3585067323651,0.0,0.024126336289052787,0.024126336289052787,14.727371254193176,48.307160506759914,112.34223373665097,47.61486248245734,0.0,62.342233736650655,1.1105779030041156,1611236282016.0,0.6798800771123015,1.0,0.6798800771123015,1.0004566901876004,24384.0,0.15668236487341872,1199.0
1284929,long,close,1209.85,-25614.0,1209.0133625954413,153685.0,650.8690798635134,0.01465048670479355,0.0052928048931685755,0.019943291597962126,14.732664059086344,48.315736122147044,112.36217702824894,47.629512969162136,0.0,62.36217702824862,1.110597078090135,1611236318455.0,0.4199439289568794,1.0,0.4199439289568794,1.000456532799513,36439.0,0.15671322139935442,1199.0
1285089,long,close,1209.85,-25614.0,1209.0133625954413,128071.0,594.2914143816892,0.01465048670479355,0.0052928048931685755,0.019943291597962126,14.737956863979512,48.32431173753417,112.3821203198469,47.64416345586693,0.0,62.38212031984658,1.1106163186830664,1611236354483.0,0.46021804622365775,1.0,0.46021804622365775,1.0004563755710323,36028.0,0.15673273540785132,1200.1
1285103,long,close,1209.85,-25614.0,1209.0133625954413,102457.0,525.7405822548939,0.01465048670479355,0.0052928048931685755,0.019943291597962126,14.74324966887268,48.3328873529213,112.40206361144487,47.658813942571726,0.0,62.40206361144454,1.1106407113607364,1611236360990.0,0.5085454501701971,1.0,0.5085454501701971,1.0004562185018955,6507.0,0.15673444288359478,1201.2
1285129,long,close,1209.85,-102457.0,1209.0133625954413,0.0,0.0,0.05860251879101401,0.021171426209860726,0.07977394500087473,14.764421095082541,48.36719014927167,112.48183755644575,47.71741646136274,0.0,62.48183755644541,1.110741103117403,1611236370639.0,0.5647842862128362,1.0,0.5647842862128362,1.000456361140602,9649.0,0.15673761390997554,
1285160,long,entry,1211.15,62833.0,1211.15,62833.0,385.5868228486156,0.0,0.012969698220699334,0.012969698220699334,14.77739079330324,48.37276711950658,112.49480725466645,47.71741646136274,0.0,62.494807254666114,1.1107568003547967,1611236375742.0,1.0,1.0,1.0,1.0004561692877154,5103.0,0.1567413947491218,1204.5
1285178,long,close,1212.0,-62833.0,1211.15,0.0,0.0,0.036383641873241515,0.012960602310231023,0.04934424418347254,14.790351395613472,48.39398514450547,112.54415149884993,47.75380010323598,0.0,62.54415149884959,1.1108194218079122,1611236378487.0,0.6816357818200754,1.0,0.6816357818200754,1.0004561594317902,2745.0,0.1567435900750777,
1285193,long,entry,1212.6,62943.0,1212.6,62943.0,386.04813432059166,0.0,0.012976867887184563,0.012976867887184563,14.803328263500656,48.39956519769696,112.55712836673712,47.75380010323598,0.0,62.55712836673677,1.1108353877154653,1611236382057.0,1.0,1.0,1.0,1.0004559679077496,3570.0,0.15674541951337428,1205.6
1285244,long,close,1213.45,-62943.0,1212.6,0.0,0.0,0.03636025449457289,0.01296777782356092,0.04932803231813381,14.816296041324218,48.42077625159376,112.60645639905525,47.79016035773056,0.0,62.606456399054906,1.1108956944916861,1611236397719.0,0.6813206749871292,1.0,0.6813206749871292,1.000455957958725,15662.0,0.15675163960358268,
1285263,long,entry,1212.7,62983.0,1212.7,62983.0,386.07980530595984,0.0,0.012984043869052529,0.012984043869052529,14.82928008519327,48.42635939045745,112.6194404429243,47.79016035773056,0.0,62.61944044292396,1.1109112004159494,1611236403916.0,1.0,1.0,1.0,1.000455766762697,6197.0,0.15675395689209168,1205.6
1285627,long,reentry,1205.6,116707.0,1208.0886153931772,179690.0,697.9049462989539,0.0,0.024201020238885203,0.024201020238885203,14.853481105432156,48.43676582916017,112.64364146316319,47.79016035773056,0.0,62.643641463162844,1.1109266374517996,1611236492287.0,0.6797347114840648,1.0,0.6797347114840648,1.0004556316512456,88371.0,0.1567983512614221,1197.9
1286271,long,reentry,1197.9,332965.0,1201.4711975890218,512655.0,970.3174105519186,0.0,0.06948931463394273,0.06948931463394273,14.922970420066099,48.46664623445277,112.71313077779713,47.79016035773056,0.0,62.713130777796785,1.1109970352506726,1611236596905.0,0.41736866360650005,1.0,0.41736866360650005,1.000455722038296,104618.0,0.15687689514562206,1181.4
1286678,long,close,1202.3,-26981.0,1201.4711975890218,485674.0,958.9208234563779,0.0154804234624174,0.00561028861349081,0.021090712075908208,14.92858070867959,48.475715240645414,112.73422148987305,47.80564078119298,0.0,62.734221489872695,1.1110147599853355,1611236649351.0,0.18723674619766417,1.0,0.18723674619766417,1.000455571539931,52446.0,0.15692653390473602,1182.5
1286689,long,close,1202.3,-25561.0,1201.4711975890218,460113.0,947.1779852524543,0.014665694530330646,0.005315021209348749,0.019980715739679394,14.933895729888938,48.484306948413476,112.75420220561274,47.82030647572331,0.0,62.75420220561237,1.1110400408507437,1611236650576.0,0.20232847526816303,1.0,0.20232847526816303,1.0004554156760548,1225.0,0.1569278754928202,1182.5
1286699,long,close,1203.1,-27065.0,1201.4711975890218,433048.0,933.57129446605,0.030497296639635223,0.005624012966503201,0.03612130960613842,14.939519742855442,48.49983911154412,112.79032351521889,47.850803772362944,0.0,62.79032351521851,1.1110858301473805,1611236652240.0,1.0,1.0,1.0,1.0004553400910823,1664.0,0.15692909511835124,1183.6
1286720,long,close,1204.0,-28869.0,1201.4711975890218,404179.0,917.5283482783395,0.05046691835891094,0.0059943936877076415,0.056461312046618584,14.94551413654315,48.52411747572417,112.84678482726551,47.90127069072186,0.0,62.84678482726513,1.111157736401364,1611236652795.0,0.22409300659404097,1.0,0.22409300659404097,1.0004553653961021,555.0,0.15693165633196646,1184.7
1286735,long,close,1204.15,-28869.0,1201.4711975890218,375310.0,899.6827271698091,0.05345378562015585,0.00599364697089233,0.05944743259104818,14.951507783514042,48.54967987173831,112.90623225985655,47.954724476342015,0.0,62.90623225985618,1.1112330821448473,1611236655255.0,0.23790161694560447,1.0,0.23790161694560447,1.000455405323328,2460.0,0.15693348577026303,1185.8
1286738,long,close,1204.25,-28870.0,1201.4711975890218,346440.0,879.7156680627194,0.055446537641330465,0.0059933568611168775,0.06143989450244734,14.95750114037516,48.576099026374365,112.967672154359,48.010171013983346,0.0,62.96767215435863,1.111311277369047,1611236655742.0,0.2529413541727068,1.0,0.2529413541727068,1.0004554549089002,487.0,0.15693385165792237,1185.8
1286739,long,close,1204.4,-28870.0,1201.4711975890218,317570.0,857.224765238523,0.05843226839246973,0.005992610428429093,0.06442487882089883,14.963493750803588,48.603801724267356,113.0320970331799,48.06860328237582,0.0,63.03209703317953,1.1113933174690653,1611236655765.0,1.0,1.0,1.0,1.0004555190257787,23.0,0.15693397362047545,1186.9
1286741,long,close,1204.6,-28870.0,1201.4711975890218,288700.0,831.6989829125632,0.062412086043756476,0.005991615474016271,0.06840370151777275,14.969485366277604,48.63321531591999,113.10050073469766,48.131015368419575,0.0,63.100500734697306,1.1114803618570783,1611236655891.0,1.0,1.0,1.0,1.0004556025304576,126.0,0.15693421754558168,1188.0
1286748,long,close,1205.05,-32077.0,1201.4711975890218,256623.0,798.9617065743587,0.07928901711023734,0.006654703124351687,0.08594372023458902,14.976140069401955,48.67017111562087,113.18644445493226,48.21030438552981,0.0,63.186444454931895,1.1115896091506854,1611236656344.0,1.0,1.0,1.0,1.0004557722121599,453.0,0.1569350712834534,1189.1
1286752,long,close,1205.35,-32077.0,1201.4711975890218,224546.0,760.4586266416873,0.08591418303649977,0.006653046832870121,0.09256722986936988,14.982793116234825,48.7099750244647,113.27901168480162,48.29621856856631,0.0,63.27901168480126,1.1117071541554056,1611236657063.0,1.0,1.0,1.0,1.0004559739914096,719.0,0.15693555913366583,1190.2
1286760,long,close,1205.75,-32078.0,1201.4711975890218,192468.0,714.5208014119398,0.09474556287072716,0.006651047066141406,0.10139660993686857,14.989444163300966,48.753575566737545,113.38040829473849,48.39096413143704,0.0,63.38040829473813,1.111835806107494,1611236657899.0,1.0,1.0,1.0,1.000456218578996,836.0,0.15693653483409067,1191.3
1286769,long,close,1206.2,-32078.0,1201.4711975890218,160390.0,658.7780062460042,0.1046708528052777,0.006648565743657768,0.11131941854893547,14.996092729044625,48.8014429167136,113.49172771328743,48.495634984242315,0.0,63.49172771328707,1.1119769494072198,1611236658720.0,0.4075037925188111,1.0,0.4075037925188111,1.0004565111546233,821.0,0.15693763249706863,1191.3
1286847,long,close,1202.3,-26731.0,1201.4711975890218,133659.0,602.5810985735563,0.015336985270148606,0.005558304915578475,0.02089529018572708,15.001651033960202,48.81042789149346,113.51262300347317,48.51097196951246,0.0,63.5126230034728,1.1120013777731361,1611236670470.0,0.45154393186029707,1.0,0.45154393186029707,1.0004563595489848,11750.0,0.15694714557621087,1192.4
1286865,long,close,1202.3,-26731.0,1201.4711975890218,106928.0,534.2241472753727,0.015336985270148606,0.005558304915578475,0.02089529018572708,15.00720933887578,48.819412866273325,113.5335182936589,48.52630895478261,0.0,63.533518293658524,1.1120271194372344,1611236674769.0,0.4987471625225169,1.0,0.4987471625225169,1.0004562080931527,4299.0,0.15694934090216675,1193.5
1286866,long,close,1202.6,-106928.0,1201.4711975890218,0.0,0.0,0.08353621786596929,0.022228504906036922,0.10576472277200621,15.029437843781817,48.86489169706529,113.63928301643091,48.609845172648576,0.0,63.63928301643053,1.112161165219078,1611236674962.0,1.0,1.0,1.0,1.000456472268662,193.0,0.15694946286471986,
1286878,long,entry,1203.25,63065.0,1203.25,63065.0,383.06966783438145,0.0,0.013103054228132143,0.013103054228132143,15.04254089800995,48.87052601038339,113.65238607065903,48.609845172648576,0.0,63.652386070658665,1.1121771540906438,1611236678430.0,1.0,1.0,1.0,1.000456282698381,3468.0,0.15695092641535713,1196.8
1286937,long,close,1204.1,-63065.0,1203.25,0.0,0.0,0.036998907379492116,0.013093804501287271,0.050092711880779385,15.055634702511236,48.89206587649212,113.70247878253981,48.64684408002807,0.0,63.702478782539444,1.112238860056216,1611236688316.0,0.6812401349412261,1.0,0.6812401349412261,1.0004562740758935,9886.0,0.15695812220599037,
1286943,long,entry,1204.7,63177.0,1204.7,63177.0,383.5350161718118,0.0,0.01311052544201876,0.01311052544201876,15.068745227953254,48.897703402432185,113.71558930798183,48.64684408002807,0.0,63.71558930798146,1.112255207055713,1611236689768.0,1.0,1.0,1.0,1.0004560848269355,1452.0,0.156958853981309,1197.9
1286988,long,close,1205.55,-63177.0,1204.7,0.0,0.0,0.03697547717046947,0.013101281572726142,0.050076758743195615,15.081846509525981,48.919236408691766,113.76566606672503,48.68381955719854,0.0,63.765666066724656,1.112318094981892,1611236692692.0,0.6809325600667095,1.0,0.6809325600667095,1.0004560761100791,2924.0,0.15696434229619874,
1286994,long,entry,1206.1,63285.0,1206.1,63285.0,383.9783476908421,0.0,0.013117693391924385,0.013117693391924385,15.094964202917906,48.92487701685029,113.77878376011695,48.68381955719854,0.0,63.77878376011658,1.1123342782094092,1611236695071.0,1.0,1.0,1.0,1.0004558871801312,2379.0,0.15696507407151739,1199.0
1287225,long,close,1206.95,-63285.0,1206.1,0.0,0.0,0.0369527797610072,0.013108455196984134,0.050061234957991335,15.10807265811489,48.946403347882224,113.82884499507495,48.72077233695955,0.0,63.828844995074576,1.1123936931429126,1611236717266.0,0.6799113473734226,1.0,0.6799113473734226,1.000455878371337,22195.0,0.15699324742128476,
1289541,long,entry,1204.75,63249.0,1204.75,63249.0,383.54742758089867,0.0,0.013124922183025524,0.013124922183025524,15.121197580297917,48.952047064420924,113.84196991725797,48.72077233695955,0.0,63.8419699172576,1.1123026933686675,1611237323794.0,1.0,1.0,1.0,1.0004556897598684,606528.0,0.1572757126942772,1197.9
1289708,long,close,1205.6,-63249.0,1204.75,0.0,0.0,0.03701454497535408,0.013115668546781686,0.050130213522135765,15.134313248844698,48.97360305623545,113.89210013078011,48.757786881934905,0.0,63.89210013077974,1.112359079565254,1611237363043.0,0.6812669401413565,1.0,0.6812669401413565,1.0004556812702516,39249.0,0.15729608044064583,
1289819,long,entry,1204.15,63253.0,1204.15,63253.0,383.35795504756663,0.0,0.013132292488477349,0.013132292488477349,15.147445541333175,48.97924994200549,113.90523242326859,48.757786881934905,0.0,63.90523242326822,1.112371907235108,1611237384254.0,1.0,1.0,1.0,1.0004554929768499,21211.0,0.15730961828404055,1197.9
1289997,long,close,1205.0,-63253.0,1204.15,0.0,0.0,0.03705377133677881,0.013123029045643154,0.05017680038242196,15.160568570378818,49.00082596616993,113.955409223651,48.794840653271685,0.0,63.95540922365064,1.1124282427536942,1611237423890.0,0.6806547919133936,1.0,0.6806547919133936,1.0004554846962967,39636.0,0.15733132761849333,
1290296,long,entry,1203.2,63238.0,1203.2,63238.0,383.0545486158296,0.0,0.01313954454787234,0.01313954454787234,15.17370811492669,49.00647597032551,113.96854876819887,48.794840653271685,0.0,63.96854876819851,1.1124351653934308,1611237478367.0,1.0,1.0,1.0,1.0004552967193636,54477.0,0.15736779442187188,1196.8
1290307,long,close,1204.05,-63238.0,1203.2,0.0,0.0,0.037103485289450344,0.013130268676549978,0.05023375396600032,15.18683838360324,49.02807648453089,114.01878252216487,48.831944138561134,0.0,64.01878252216451,1.1124980665932913,1611237481175.0,0.681504491048616,1.0,0.681504491048616,1.0004552886971343,2808.0,0.15736913600995606,
1290315,long,entry,1203.15,63271.0,1203.15,63271.0,383.04055639749987,0.0,0.013146947595894111,0.013146947595894111,15.199985331199134,49.03372967199713,114.03192946976077,48.831944138561134,0.0,64.03192946976041,1.1125140381868368,1611237484650.0,1.0,1.0,1.0,1.0004551010363494,3475.0,0.1573701117103809,1196.8
1290334,long,close,1204.0,-63271.0,1203.15,0.0,0.0,0.03712593174920029,0.013137666112956812,0.0502635978621571,15.213122997312091,49.05534301907786,114.08219306762292,48.869070070310336,0.0,64.08219306762257,1.1125761865758192,1611237491729.0,0.6813969171158246,1.0,0.6813969171158246,1.0004550931401321,7079.0,0.1573724289988899,
1290345,long,entry,1203.1,63303.0,1203.1,63303.0,383.02231457554825,0.0,0.013154143462721304,0.013154143462721304,15.226277140774812,49.06099930076683,114.09534721108565,48.869070070310336,0.0,64.0953472110853,1.1125920870603128,1611237495606.0,1.0,1.0,1.0,1.0004549057935315,3877.0,0.15737377058697405,1196.8
1290682,long,close,1203.95,-63303.0,1203.1,0.0,0.0,0.03714779498588532,0.013144856513974831,0.050292651499860154,15.239421997288787,49.082625140911766,114.14563986258551,48.90621786529622,0.0,64.14563986258516,1.1126398362258438,1611237583713.0,0.6805485282939547,1.0,0.6805485282939547,1.0004548980189008,88107.0,0.15741487196737064,
1290773,long,entry,1202.05,63283.0,1202.05,63283.0,382.6883346549984,0.0,0.013161474148329938,0.013161474148329938,15.252583471437116,49.08828457479555,114.15880133673384,48.90621786529622,0.0,64.15880133673349,1.1126537556078482,1611237598726.0,1.0,1.0,1.0,1.0004547109861834,15013.0,0.15742597055970323,1195.7
1291014,long,reentry,1195.7,117263.0,1197.9257322233668,180546.0,691.9202786424813,0.0,0.0245176465668646,0.0245176465668646,15.277101118003982,49.098827162819305,114.18331898330071,48.90621786529622,0.0,64.18331898330035,1.1126781638609482,1611237635214.0,0.6799328108936574,1.0,0.6799328108936574,1.000454578915824,36488.0,0.15745536353500167,1188.0
1291108,long,close,1198.75,-25792.0,1197.9257322233668,154754.0,644.8664246276365,0.014804536946771259,0.005378936392075079,0.020183473338846337,15.282480054396057,49.10750605635501,114.20350245663955,48.92102240224299,0.0,64.2035024566392,1.1127011438317802,1611237648981.0,0.4209872145251202,1.0,0.4209872145251202,1.0004544260809998,13767.0,0.1574668280149936,1188.0
1291149,long,close,1201.5,-30950.0,1197.9257322233668,123804.0,576.1268547557086,0.0768588832789379,0.00643986683312526,0.08329875011206317,15.288919921229182,49.14332451890319,114.28680120675162,48.99788128552193,0.0,64.28680120675126,1.1128051296714445,1611237654115.0,0.4624097164539731,1.0,0.4624097164539731,1.0004545772216888,5134.0,0.15747182847967092,1189.1
1291156,long,close,1202.2,-30951.0,1197.9257322233668,92853.0,489.17336181433126,0.09186070925644237,0.00643632507070371,0.09829703432714608,15.295356246299885,49.18559224366387,114.38509824107877,49.08974199477837,0.0,64.38509824107841,1.1129285882849276,1611237655473.0,0.5206731937637102,1.0,0.5206731937637102,1.0004547999862674,1358.0,0.15747268221754265,1190.2
1291161,long,close,1202.65,-92853.0,1197.9257322233668,0.0,0.0,0.3044817705430382,0.019301750301417703,0.32378352084445594,15.314657996601303,49.32481915762698,114.70888176192322,49.39422376532141,0.0,64.70888176192287,1.1133352360903213,1611237656361.0,0.5931522752822962,1.0,0.5931522752822962,1.0004561031324697,888.0,0.1574732920303082,
1291713,long,entry,1199.95,63484.0,1199.95,63484.0,382.019097147458,0.0,0.013226384432684694,0.013226384432684694,15.327884381033988,49.33050650293304,114.72210814635591,49.39422376532141,0.0,64.72210814635555,1.1133368820649727,1611237739945.0,1.0,1.0,1.0,1.0004559160538564,83584.0,0.15754061535962244,1193.5
1291749,long,close,1200.8,-63484.0,1199.95,0.0,0.0,0.037449789366359156,0.013217021985343106,0.050666811351702264,15.34110140301933,49.35229323181427,114.77277495770761,49.43167355468776,0.0,64.77277495770726,1.1133998318047158,1611237743315.0,0.6813320844615799,1.0,0.6813320844615799,1.0004559082272158,3370.0,0.15754500601153423,
1297125,long,entry,1204.45,63758.0,1204.45,63758.0,383.4535192382161,0.0,0.013233841172319316,0.013233841172319316,15.354335244191649,49.35798378351837,114.78600879887993,49.43167355468776,0.0,64.78600879887958,1.1131231561069008,1611239386164.0,1.0,1.0,1.0,1.000455721461053,1642849.0,0.15820067669702964,1197.9
1297178,long,close,1205.3,-63758.0,1204.45,0.0,0.0,0.03733100471739613,0.013224508421139966,0.050555513138536096,15.367559752612788,49.37972265416795,114.83656431201848,49.46900455940516,0.0,64.83656431201811,1.1131846815399455,1611239395620.0,0.681305253292706,1.0,0.681305253292706,1.0004557130835923,9456.0,0.15820714071234424,
1297322,long,entry,1204.05,63772.0,1204.05,63772.0,383.3251370156728,0.0,0.013241144470744572,0.013241144470744572,15.380800897083533,49.38541634629036,114.84980545648922,49.46900455940516,0.0,64.84980545648885,1.1131932190595308,1611239440599.0,1.0,1.0,1.0,1.000455526628651,44979.0,0.15822470331999144,1196.8
1297337,long,close,1204.9,-63772.0,1204.05,0.0,0.0,0.03736400630802373,0.013231803469167564,0.050595809777191296,15.394032700552701,49.40717254449456,114.90040126626641,49.50636856571318,0.0,64.90040126626604,1.1132555695660886,1611239445500.0,0.6815971949367283,1.0,0.6815971949367283,1.000455518425139,4901.0,0.15822653275828802,
1297379,long,entry,1203.95,63802.0,1203.95,63802.0,383.29267471944087,0.0,0.013248473773827816,0.013248473773827816,15.40728117432653,49.4128693882173,114.91364974004024,49.50636856571318,0.0,64.91364974003987,1.113270025832751,1611239457250.0,1.0,1.0,1.0,1.0004553322805705,11750.0,0.15823165518551846,1196.8
1297814,long,close,1204.8,-63802.0,1203.95,0.0,0.0,0.03738779119439757,0.013239126826029218,0.05062691802042679,15.420520301152559,49.43463896296608,114.96427665806065,49.54375635690758,0.0,64.9642766580603,1.1133182627067892,1611239541316.0,0.6800829023291538,1.0,0.6800829023291538,1.0004553242064795,84066.0,0.15828470889611937,
1299744,long,entry,1200.95,63679.0,1200.95,63679.0,382.3400769976095,0.0,0.013255964028477455,0.013255964028477455,15.433776265181036,49.440339027498325,114.97753262208913,49.54375635690758,0.0,64.97753262208877,1.113251212447422,1611240010374.0,1.0,1.0,1.0,1.0004551383721094,469058.0,0.15852009662361308,1194.6
1299862,long,close,1201.8,-63679.0,1200.95,0.0,0.0,0.037502311280434096,0.013246588450657347,0.050748899731091444,15.447022853631694,49.46216105438269,115.02828152182022,49.58125866818801,0.0,65.02828152181986,1.1133094292353225,1611240038869.0,0.6811175337801423,1.0,0.6811175337801423,1.0004551308584804,28495.0,0.15853448820487953,
1300230,long,entry,1200.1,63669.0,1200.1,63669.0,382.06798901139916,0.0,0.013263269727522708,0.013263269727522708,15.460286123359216,49.46786426036552,115.04154479154774,49.58125866818801,0.0,65.04154479154738,1.1133128949374216,1611240112225.0,1.0,1.0,1.0,1.0004549453322082,73356.0,0.15857937042442236,1193.5
1300270,long,close,1200.95,-63669.0,1200.1,0.0,0.0,0.037549537510786116,0.01325388234314501,0.05080341985393112,15.473540005702361,49.48970973090272,115.09234821140167,49.6188082056988,0.0,65.09234821140132,1.1133746832029146,1611240120823.0,0.6813710374352437,1.0,0.6813710374352437,1.0004549380566554,8598.0,0.1585842489265466,
1301741,long,entry,1198.25,63606.0,1198.25,63606.0,381.47794715552243,0.0,0.01327060296265387,0.01327060296265387,15.486810608665015,49.495416090176654,115.10561881436432,49.6188082056988,0.0,65.10561881436396,1.1132997114889138,1611240634461.0,1.0,1.0,1.0,1.0004547528376082,513638.0,0.15876365584216484,1191.3
1302495,long,close,1199.1,-63606.0,1198.25,0.0,0.0,0.03762826292471059,0.013261195896922694,0.05088945882163328,15.500071804561939,49.51729855746996,115.15650827318595,49.65643646862351,0.0,65.1565082731856,1.1133332190758178,1611240802009.0,0.6799681651379845,1.0,0.6799681651379845,1.0004547459482733,167548.0,0.15885561560720643,
1302625,long,entry,1195.9,63517.0,1195.9,63517.0,380.7312629882736,0.0,0.01327807508989046,0.01327807508989046,15.51334987965183,49.52300812975861,115.16978634827584,49.65643646862351,0.0,65.16978634827548,1.1133444037785298,1611240831969.0,1.0,1.0,1.0,1.0004545610360105,29960.0,0.15887147073911015,1189.1
1302725,long,close,1196.75,-63517.0,1195.9,0.0,0.0,0.03772338024284556,0.013268644244829748,0.05099202448767531,15.52661852389666,49.544934700288316,115.22077837276352,49.694159848866356,0.0,65.22077837276315,1.1134015026830144,1611240867450.0,0.6812230393199032,1.0,0.6812230393199032,1.000454554609292,35481.0,0.1588836669944207,
1302740,long,entry,1195.65,63539.0,1195.65,63539.0,380.6509941872562,0.0,0.013285451428093504,0.013285451428093504,15.539903975324753,49.550647444402394,115.23406382419161,49.694159848866356,0.0,65.23406382419124,1.1134172709070282,1611240871660.0,1.0,1.0,1.0,1.0004543700022146,4210.0,0.1588854964327173,1189.1
1302936,long,reentry,1189.1,117737.0,1191.3958386659017,181276.0,688.1865598467161,0.0,0.024753384912959385,0.024753384912959385,15.564657360237712,49.561291399914964,115.25881720910456,49.694159848866356,0.0,65.2588172091042,1.1134415053414115,1611240908350.0,0.6798696487218736,1.0,0.6798696487218736,1.0004542397199647,36690.0,0.15890940109312598,1181.4
1303074,long,close,1192.25,-25896.0,1191.3958386659017,155380.0,641.3886064679706,0.015572171729795524,0.005430069196896624,0.02100224092669215,15.570087429434608,49.57032236351344,115.27981945003125,49.70973202059615,0.0,65.27981945003089,1.1134618857893714,1611240940460.0,0.42118124408367374,1.0,0.42118124408367374,1.0004540918620284,32110.0,0.15892623192545455,1182.5
1303113,long,close,1194.95,-31076.0,1191.3958386659017,124304.0,573.0217130543133,0.07758119023791614,0.006501527260554835,0.08408271749847097,15.576588956695163,49.606477932037784,115.36390216752973,49.787313210834064,0.0,65.36390216752936,1.1135646424822299,1611240949984.0,0.46212536670890136,1.0,0.46212536670890136,1.0004542413729578,9524.0,0.15893098846502565,1182.5
1303140,long,close,1192.25,-24860.0,1191.3958386659017,99444.0,505.7724712265118,0.014949188647000181,0.005212832879010275,0.020162021526010456,15.581801789574174,49.61514760129396,115.38406418905574,49.802262399481066,0.0,65.38406418905537,1.113588423953385,1611240957021.0,0.5192770863638311,1.0,0.5192770863638311,1.0004540896294725,7037.0,0.1589342814539595,1183.6
1303143,long,close,1192.4,-99444.0,1191.3958386659017,0.0,0.0,0.07029169780111179,0.020849547131834952,0.09114124493294674,15.602651336706009,49.65433833661513,115.47520543398868,49.872554097282176,0.0,65.47520543398831,1.1137012556368349,1611240958686.0,0.5758187854015081,1.0,0.5758187854015081,1.0004542718045237,1665.0,0.15893464734161883,
1303144,long,entry,1192.8,63528.0,1192.8,63528.0,379.7456531930851,0.0,0.013314889336016099,0.013314889336016099,15.615966226042024,49.66006373902962,115.48852032332469,49.872554097282176,0.0,65.48852032332432,1.1137175568385822,1611240959914.0,1.0,1.0,1.0,1.0004540879520132,1228.0,0.1589347693041719,1185.8
1303162,long,close,1193.65,-63528.0,1192.8,0.0,0.0,0.037926212660714394,0.01330540778285092,0.051231620443565315,15.629271633824874,49.68209333582035,115.53975194376825,49.91048030994289,0.0,65.53975194376788,1.113780548371127,1611240963041.0,0.6814214318849957,1.0,0.6814214318849957,1.0004540822717405,3127.0,0.15893696463012782,
1303253,long,entry,1194.2,63638.0,1194.2,63638.0,380.1908904214943,0.0,0.013322307821135488,0.013322307821135488,15.64259394164601,49.68782192818344,115.5530742515894,49.91048030994289,0.0,65.55307425158902,1.113794966867554,1611240974807.0,1.0,1.0,1.0,1.000453898721014,11766.0,0.15894806322246044,1188.0
1303427,long,close,1195.05,-63638.0,1194.2,0.0,0.0,0.037902888240539105,0.013312832099075352,0.051215720339614454,15.655906773745086,49.70984468792947,115.604289971929,49.94838319818343,0.0,65.60428997192864,1.1138507797544583,1611241017782.0,0.6806057962603483,1.0,0.6806057962603483,1.0004538929406697,42975.0,0.1589692847067008,
1303579,long,entry,1193.45,63633.0,1193.45,63633.0,379.9498206965046,0.0,0.013329632577820605,0.013329632577820605,15.669236406322906,49.71557642993793,115.61761960450683,49.94838319818343,0.0,65.61761960450646,1.1138614840013858,1611241050308.0,1.0,1.0,1.0,1.0004537096905308,32526.0,0.15898782301477285,1186.9
1303602,long,close,1194.3,-63633.0,1193.45,0.0,0.0,0.037947543133709426,0.013320145692037178,0.0512676888257466,15.682556552014942,49.737621536133005,115.66888729333257,49.98633074131714,0.0,65.6688872933322,1.1139232107815091,1611241060351.0,0.6817707435851547,1.0,0.6817707435851547,1.0004537041279502,10043.0,0.15899062815349427,
1303670,long,entry,1193.25,63658.0,1193.25,63658.0,379.88661265346013,0.0,0.013337104546406872,0.013337104546406872,15.69589365656135,49.743356491087965,115.68222439787898,49.98633074131714,0.0,65.68222439787861,1.113935745701522,1611241082627.0,1.0,1.0,1.0,1.0004535211781256,22276.0,0.15899892160710544,1186.9
1303901,long,reentry,1186.9,117958.0,1189.1257306624966,181616.0,686.8450982096232,0.0,0.024845816833768637,0.024845816833768637,15.720739473395119,49.754040192326485,115.70707021471276,49.98633074131714,0.0,65.70707021471239,1.1139575747327346,1611241132593.0,0.6799202825517461,1.0,0.6799202825517461,1.000453392181254,49966.0,0.1590270949568728,1179.2
1304175,long,close,1189.95,-25945.0,1189.1257306624966,155671.0,640.136431452478,0.01511354451941475,0.005450859279801672,0.020564403799216424,15.72619033267492,49.762882885960146,115.72763461851197,50.001444285836556,0.0,65.7276346185116,1.1139793426524727,1611241153235.0,0.4199433340008249,1.0,0.4199433340008249,1.0004532433140867,20642.0,0.15906051269642374,1179.2
1304179,long,close,1189.95,-25945.0,1189.1257306624966,129726.0,584.4893549502883,0.01511354451941475,0.005450859279801672,0.020564403799216424,15.73164119195472,49.771725579593806,115.74819902231118,50.01655783035597,0.0,65.74819902231081,1.1140047258772214,1611241153653.0,1.0,1.0,1.0,1.0004530945905705,418.0,0.15906100054663616,1180.3
1304300,long,close,1189.95,-25945.0,1189.1257306624966,103781.0,517.0666461673407,0.01511354451941475,0.005450859279801672,0.020564403799216424,15.737092051234521,49.78056827322747,115.7687634261104,50.03167137487539,0.0,65.76876342611003,1.1140282989602814,1611241164157.0,0.5082125747157861,1.0,0.5082125747157861,1.0004529460104785,10504.0,0.15907575801556192,1181.4
1304303,long,close,1190.0,-103781.0,1189.1257306624966,0.0,0.0,0.0641192391231145,0.021802731092436977,0.08592197021555148,15.758894782326959,49.81751472042016,115.85468539632595,50.0957906139985,0.0,65.85468539632558,1.1141345734172048,1611241164342.0,0.5654719558239081,1.0,0.5654719558239081,1.0004531019125469,185.0,0.15907612390322126,
1304311,long,entry,1190.5,63614.0,1190.5,63614.0,379.013951797486,0.0,0.01335867282654347,0.01335867282654347,15.772253455153502,49.82325894973557,115.86804406915249,50.0957906139985,0.0,65.86804406915212,1.114150957318899,1611241165112.0,1.0,1.0,1.0,1.0004529198794083,770.0,0.1590770996036461,1183.6
1304368,long,close,1191.35,-63614.0,1190.5,0.0,0.0,0.03812438629306836,0.013349141729970202,0.05147352802303856,15.785602596883471,49.84539256678548,115.91951759717553,50.13391500029157,0.0,65.91951759717516,1.114212156164215,1611241178758.0,0.6813402120417975,1.0,0.6813402120417975,1.0004529152066794,13646.0,0.15908405146917312,
1304375,long,entry,1191.05,63679.0,1191.05,63679.0,379.1890368207265,0.0,0.013366147516896855,0.013366147516896855,15.798968744400367,49.85114001021774,115.93288374469242,50.13391500029157,0.0,65.93288374469205,1.1142284695435456,1611241179925.0,1.0,1.0,1.0,1.000452733470004,1167.0,0.15908490520704485,1184.7
1304546,long,reentry,1184.7,117997.0,1186.9257295955435,181676.0,685.5796643208405,0.0,0.024900185701021354,0.024900185701021354,15.823868930101389,49.861847090069176,115.95778393039343,50.13391500029157,0.0,65.95778393039306,1.1142524701040122,1611241217685.0,0.6798876899913667,1.0,0.6798876899913667,1.000452605454558,37760.0,0.1591057608036259,1177.0
1304899,long,reentry,1177.0,336645.0,1180.4790541961447,518321.0,953.2870373489208,0.0,0.07150488530161428,0.07150488530161428,15.895373815403003,49.89259419074887,116.02928881569505,50.13391500029157,0.0,66.02928881569468,1.1143387183366442,1611241229341.0,0.41749465625486176,1.0,0.41749465625486176,1.000452693641089,11656.0,0.15914881358487215,1160.5
1307017,long,close,1181.3,-27280.0,1180.4790541961447,491041.0,942.0866178880469,0.016059808553028267,0.00577330060103276,0.021833109154061028,15.901147116004037,49.90198242768512,116.05112192484911,50.149974808844604,0.0,66.05112192484874,1.1143387330408763,1611241379417.0,0.1802854487734462,1.0,0.1802854487734462,1.000452551481147,150076.0,0.1594071302723497,1161.6
1307031,long,close,1182.05,-27280.0,1180.4790541961447,463761.0,929.848637498601,0.03071223594873982,0.005769637494183834,0.036481873442923654,15.906916753498221,49.917669633265575,116.08760379829204,50.180687044793345,0.0,66.08760379829167,1.1143836838708572,1611241379881.0,0.20233130020909618,1.0,0.20233130020909618,1.0004524772595291,464.0,0.15940883774809317,1161.6
1307090,long,close,1181.3,-25764.0,1180.4790541961447,437997.0,917.2594135868558,0.015167335321122445,0.005452467620418184,0.02061980294154063,15.91236922111864,49.92653614853044,116.10822360123358,50.19585438011447,0.0,66.1082236012332,1.11440814559509,1611241385372.0,0.2116586371355651,1.0,0.2116586371355651,1.0004523297060017,5491.0,0.1594160335387264,1162.7
1307110,long,close,1182.15,-27374.0,1180.4790541961447,410623.0,902.5622810914476,0.032777041787394455,0.005789028465084803,0.03856607025247926,15.918158249583724,49.943119558739006,116.14678967148606,50.228631421901866,0.0,66.14678967148569,1.1144555390076605,1611241386442.0,0.22276031556424547,1.0,0.22276031556424547,1.0004522652313845,1070.0,0.15941847278978852,1163.8
1307112,long,close,1182.2,-27374.0,1180.4790541961447,383249.0,886.3299605480995,0.03375640711730332,0.005788783623752326,0.03954519074105565,15.923947033207476,49.960123990757666,116.18633486222713,50.26238782901917,0.0,66.18633486222674,1.1145042612742067,1611241386760.0,0.2365723991613892,1.0,0.2365723991613892,1.0004522052874139,318.0,0.15941871671489471,1164.9
1307159,long,close,1182.25,-27374.0,1180.4790541961447,355875.0,868.3091391136998,0.034735689608103776,0.005788538803129626,0.040524228411233404,15.929735572010605,49.97754940897449,116.22685909063836,50.297123518627274,0.0,66.22685909063797,1.1145538325624593,1611241388988.0,0.24925464971362055,1.0,0.24925464971362055,1.0004521498618504,2228.0,0.1594244489548907,1164.9
1307162,long,close,1182.35,-27375.0,1180.4790541961447,328500.0,848.1846098728684,0.03669534658370725,0.005788260667315093,0.04248360725102235,15.93552383267792,49.99581736009244,116.26934269788939,50.33381886521098,0.0,66.269342697889,1.1146061719288871,1611241389168.0,0.26538989922698836,1.0,0.26538989922698836,1.0004521034609593,180.0,0.15942481484255,1166.0
1307177,long,close,1182.45,-27375.0,1180.4790541961447,301125.0,825.5672537934729,0.03865340338689349,0.005787771153114297,0.04444117454000779,15.941311603831034,50.01492706514463,116.31378387242938,50.372472268597875,0.0,66.31378387242901,1.1146608435953258,1611241389698.0,0.2824460810685941,1.0,0.2824460810685941,1.0004520660520593,530.0,0.15942664428084657,1167.1
1307211,long,close,1183.75,-30112.0,1180.4790541961447,271013.0,797.1576764994,0.07048467028464028,0.006359450897571278,0.07684412118221157,15.947671054728605,50.04797003725299,116.3906279936116,50.44295693888252,0.0,66.39062799361122,1.114755308716006,1611241390756.0,0.30184587417042463,1.0,0.30184587417042463,1.0004521776488617,1058.0,0.15943079100765217,1168.2
1307225,long,close,1184.0,-30112.0,1180.4790541961447,240901.0,764.2690288812558,0.07585582813731673,0.006358108108108108,0.08221393624542483,15.954029162836713,50.08332202983852,116.47284192985703,50.51881276701983,0.0,66.47284192985664,1.1148564656745876,1611241391049.0,0.3259278906651445,1.0,0.3259278906651445,1.0004523135591563,293.0,0.15943249848339566,1168.2
1307239,long,close,1184.65,-34414.0,1180.4790541961447,206487.0,719.6877539125452,0.10264111396403702,0.0072624825897944535,0.10990359655383147,15.961291645426508,50.13058057635667,116.58274552641086,50.62145388098387,0.0,66.58274552641048,1.1149915194103892,1611241391859.0,0.3543389128315825,1.0,0.3543389128315825,1.0004525760735328,810.0,0.15943420595913912,1169.3
1307246,long,close,1185.15,-34414.0,1180.4790541961447,172073.0,665.3207492668096,0.11489691717847132,0.007259418638990845,0.12215633581746217,15.9685510640655,50.18310780075818,116.70490186222833,50.73635079816234,0.0,66.70490186222794,1.1151416156095522,1611241392115.0,1.0,1.0,1.0,1.0004528939448156,256.0,0.15943505969701086,1170.4
1307265,long,close,1185.8,-34414.0,1180.4790541961447,137659.0,597.5631994844055,0.13081400982594532,0.007255439365828977,0.1380694491917743,15.975806503431329,50.24247766391064,116.8429713114201,50.86716480798829,0.0,66.84297131141972,1.115310994133394,1611241392987.0,0.4385005069906241,1.0,0.4385005069906241,1.00045328364293,872.0,0.15943737698551988,1171.5
1307333,long,close,1188.05,-45886.0,1180.4790541961447,91773.0,476.1144122762498,0.2477064606059772,0.009655738394848703,0.2573621990008259,15.985462241826177,50.353143409481,117.10033351042094,51.114871268594264,0.0,67.10033351042054,1.1156258688360796,1611241396710.0,0.49598245657523155,1.0,0.49598245657523155,1.0004542163124384,3723.0,0.15944567043913105,1172.6
1307340,long,close,1188.25,-91773.0,1180.4790541961447,0.0,0.0,0.5084200866287851,0.019308436776772565,0.5277285234055576,16.00477067860295,50.58006667454539,117.6280620338265,51.623291355223046,0.0,67.6280620338261,1.1162709562575377,1611241397089.0,0.5991290626620781,1.0,0.5991290626620781,1.0004563732395575,379.0,0.15944652417700278,
1315612,long,entry,1188.85,64498.0,1188.85,64498.0,378.487772128192,0.0,0.013563107204441269,0.013563107204441269,16.01833378580739,50.58589881064331,117.64162514103094,51.623291355223046,0.0,67.64162514103054,1.1158747916144451,1611243663594.0,1.0,1.0,1.0,1.0004561914024952,2266505.0,0.16045539841629186,1182.5
1316024,long,reentry,1182.5,119514.0,1184.7257369084623,184012.0,684.308879765194,0.0,0.02526723044397463,0.02526723044397463,16.043601016251365,50.59676371973421,117.66689237147492,51.623291355223046,0.0,67.66689237147452,1.1158900787953667,1611243748571.0,0.6798987042217591,1.0,0.6798987042217591,1.00045606277216,84977.0,0.16050564698817135,1174.8
1316693,long,close,1185.55,-26287.0,1184.7257369084623,157725.0,637.7735138693438,0.015426563130530495,0.005543207793850955,0.020969770924381452,16.049144224045218,50.605780721231696,117.6878621423993,51.63871791835358,0.0,67.6878621423989,1.1158844684788718,1611243919908.0,0.41953611013216224,1.0,0.41953611013216224,1.000455914801802,171337.0,0.16058723993619894,1174.8
1316695,long,close,1185.55,-26287.0,1184.7257369084623,131438.0,582.3329632116054,0.015426563130530495,0.005543207793850955,0.020969770924381452,16.05468743183907,50.61479772272918,117.70883191332368,51.65414448148411,0.0,67.70883191332328,1.1159098012102238,1611243920644.0,1.0,1.0,1.0,1.0004557669720604,736.0,0.16058748386130517,1175.9
1316786,long,close,1188.95,-32859.0,1184.7257369084623,98579.0,495.8877881259189,0.09854257049420181,0.006909247655494344,0.10545181814969616,16.061596679494563,50.660142004533554,117.81428373147338,51.75268705197831,0.0,67.81428373147298,1.1160359072804664,1611243931090.0,0.5088077574023825,1.0,0.5088077574023825,1.0004560010179993,10446.0,0.16059858245363776,1177.0
1316790,long,close,1189.1,-98579.0,1184.7257369084623,0.0,0.0,0.3060927944962111,0.020725548734336893,0.326818343230548,16.0823222282289,50.80067389212269,118.14110207470392,52.05877984647452,0.0,68.14110207470353,1.1164317514768318,1611243932332.0,1.0,1.0,1.0,1.0004572319228824,1242.0,0.16059907030385018,
1317753,long,entry,1183.75,64501.0,1183.75,64501.0,376.8624331489208,0.0,0.013622175290390708,0.013622175290390708,16.09594440351929,50.80653142749755,118.15472424999432,52.05877984647452,0.0,68.15472424999392,1.116376622550179,1611244325387.0,1.0,1.0,1.0,1.0004570502087216,393055.0,0.16071652024249083,1177.0
1317791,long,close,1184.6,-64501.0,1183.75,0.0,0.0,0.039097919962287224,0.013612400810400136,0.052710320772687363,16.10955680432969,50.829196865429815,118.207434570767,52.09787776643681,0.0,68.20743457076661,1.1164384929593065,1611244335661.0,0.6813272170227289,1.0,0.6813272170227289,1.0004570444001246,10274.0,0.16072115481950883,
1317842,long,entry,1183.55,64527.0,1183.55,64527.0,376.801533962878,0.0,0.013629969160576233,0.013629969160576233,16.123186773490264,50.83505775216886,118.22106453992758,52.09787776643681,0.0,68.22106453992718,1.1164518249867577,1611244352928.0,1.0,1.0,1.0,1.000456862979088,17267.0,0.16072737490971722,1177.0
1318040,long,reentry,1177.0,119568.0,1179.2958355740243,184095.0,681.2116334302075,0.0,0.02539677145284622,0.02539677145284622,16.14858354494311,50.845978363893586,118.24646131138043,52.09787776643681,0.0,68.24646131138003,1.1164762513115234,1611244387345.0,0.6798355561535576,1.0,0.6798355561535576,1.0004567345611424,34417.0,0.1607515234952321,1169.3
1318102,long,close,1180.1,-26299.0,1179.2958355740243,157796.0,634.8905873238957,0.015196462999410822,0.005571349885602915,0.02076781288501374,16.154154894828714,50.85490852343414,118.26722912426544,52.11307422943622,0.0,68.26722912426504,1.116499700035492,1611244396392.0,0.42078765969712817,1.0,0.42078765969712817,1.0004565854930307,9047.0,0.16075908517352466,1170.4
1318238,long,close,1180.1,-26299.0,1179.2958355740243,131497.0,579.7045558024759,0.015196462999410822,0.005571349885602915,0.02076781288501374,16.159726244714317,50.863838682974695,118.28799693715045,52.128270692435635,0.0,68.28799693715006,1.1165189422340795,1611244428488.0,0.4604482133730809,1.0,0.4604482133730809,1.0004564365665876,32096.0,0.16077567208074703,1170.4
1318282,long,close,1180.1,-26299.0,1179.2958355740243,105198.0,512.8393583786687,0.015196462999410822,0.005571349885602915,0.02076781288501374,16.16529759459992,50.87276884251525,118.30876475003546,52.14346715543505,0.0,68.30876475003507,1.116541217931432,1611244443914.0,0.5078699810667041,1.0,0.5078699810667041,1.0004562877815935,15426.0,0.16078103843308367,1171.5
1318284,long,close,1180.15,-105198.0,1179.2958355740243,0.0,0.0,0.06456378574272668,0.0222848790407999,0.08684866478352658,16.18758247364072,50.91011376837216,118.39561341481898,52.208030941177775,0.0,68.3956134148186,1.1166458543141484,1611244445209.0,0.5654640244207179,1.0,0.5654640244207179,1.0004564348215448,1295.0,0.16078128235818986,
1318287,long,entry,1180.25,64449.0,1180.25,64449.0,375.74883279472886,0.0,0.013651556873543741,0.013651556873543741,16.201234030514264,50.91598393782778,118.40926497169252,52.208030941177775,0.0,68.40926497169214,1.116661828201594,1611244447974.0,1.0,1.0,1.0,1.000456254298593,2765.0,0.16078164824584917,1173.7
1318323,long,close,1181.1,-64449.0,1180.25,0.0,0.0,0.03929836031669006,0.013641732283464568,0.05294009260015463,16.21487576279773,50.93874817764585,118.46220506429268,52.24732930149447,0.0,68.46220506429229,1.1167233300728407,1611244461035.0,0.6809333564346548,1.0,0.6809333564346548,1.0004562494545075,13061.0,0.160786038897761,
1318333,long,entry,1181.65,64562.0,1181.65,64562.0,376.19558270013385,0.0,0.013659289975881181,0.013659289975881181,16.22853505277361,50.94462167233548,118.47586435426855,52.24732930149447,0.0,68.47586435426817,1.1167396147708089,1611244462101.0,1.0,1.0,1.0,1.0004560692206352,1066.0,0.16078725852329204,1174.8
1318421,long,close,1182.5,-64562.0,1181.65,0.0,0.0,0.03927406842959519,0.013649471458773784,0.052923539888368974,16.242184524232382,50.96737879448747,118.52878789415692,52.286603369924066,0.0,68.52878789415654,1.1167977381133862,1611244493352.0,0.6807302192140084,1.0,0.6807302192140084,1.0004560642728642,31251.0,0.16079799122796534,
1318470,long,entry,1181.75,64604.0,1181.75,64604.0,376.2284053581934,0.0,0.013667019251110642,0.013667019251110642,16.25585154348349,50.973255612765456,118.54245491340804,52.286603369924066,0.0,68.54245491340765,1.1168117807310538,1611244506687.0,1.0,1.0,1.0,1.0004558843273503,13335.0,0.16080396739306752,1174.8
1318665,long,close,1182.6,-64604.0,1181.75,0.0,0.0,0.03929296926582916,0.013657196008794184,0.052950165274623345,16.269508739492284,50.99602418383354,118.59540507868266,52.325896339189896,0.0,68.59540507868228,1.116864243697997,1611244568857.0,0.6807700943038535,1.0,0.6807700943038535,1.0004558794684781,62170.0,0.1608277500909231,
1318677,long,entry,1181.2,64610.0,1181.2,64610.0,376.0523999018075,0.0,0.01367465289536065,0.01367465289536065,16.283183392387645,51.00190428457855,118.60907973157802,52.325896339189896,0.0,68.60907973157764,1.1168796554140472,1611244574693.0,1.0,1.0,1.0,1.000455699810072,5836.0,0.16082921364156036,1174.8
1318697,long,close,1182.05,-64610.0,1181.2,0.0,0.0,0.039333209123324046,0.01366481959307982,0.05299802871640387,16.296848211980723,51.024693436926604,118.66207776029442,52.365229548313216,0.0,68.66207776029404,1.1169414397093276,1611244585983.0,0.6813520316046201,1.0,0.6813520316046201,1.0004556951340524,11290.0,0.16083165289262247,
1318708,long,entry,1181.15,64643.0,1181.15,64643.0,376.03412894741274,0.0,0.013682216483935148,0.013682216483935148,16.31053042846466,51.03057679001469,118.67575997677835,52.365229548313216,0.0,68.67575997677797,1.1169573753285589,1611244588955.0,1.0,1.0,1.0,1.0004555157615618,2972.0,0.16083299448070662,1174.8
1319173,long,reentry,1174.8,119783.0,1177.025733085357,184426.0,679.8659782577198,0.0,0.025490083418454205,0.025490083418454205,16.336020511883113,51.04153752588463,118.70125006019681,52.365229548313216,0.0,68.70125006019643,1.1169643902819812,1611244718370.0,0.6799028483103531,1.0,0.6799028483103531,1.000455388980573,129415.0,0.1608897070679007,1167.1
1319733,long,reentry,1167.1,341741.0,1170.579053703482,526167.0,945.3048649080081,0.0,0.07320302459086625,0.07320302459086625,16.40922353647398,51.0730148264587,118.77445308478768,52.365229548313216,0.0,68.7744530847873,1.1170370407827839,1611244802786.0,0.4174491424894222,1.0,0.4174491424894222,1.000455473874108,84416.0,0.1609580060976398,1150.6
1319963,long,close,1171.4,-27693.0,1170.579053703482,498474.0,934.1984977318598,0.01657978083494996,0.005910235615502817,0.022490016450452774,16.415133772089483,51.08268553353239,118.79694310123813,52.38180932914817,0.0,68.79694310123774,1.1170591733307753,1611244829672.0,0.18816140080040536,1.0,0.18816140080040536,1.0004553338643052,26886.0,0.1609860574848541,1151.7
1319969,long,close,1172.15,-27693.0,1170.579053703482,470781.0,922.0630427747278,0.03170643428929343,0.005906453952139231,0.03761288824143266,16.421040226041622,51.098859075476206,118.83455598947955,52.41351576343746,0.0,68.83455598947917,1.1171041339873444,1611244831173.0,0.20314027574371146,1.0,0.20314027574371146,1.0004552609260682,1501.0,0.1609867892601727,1152.8
1320030,long,close,1171.4,-26154.0,1170.579053703482,444627.0,909.5795294356942,0.015658382550004738,0.005581782482499573,0.02124016503250431,16.426622008524124,51.10799234644018,118.85579615451205,52.42917414598747,0.0,68.85579615451168,1.1171276232155134,1611244842363.0,0.2113389703847002,1.0,0.2113389703847002,1.0004551155966668,11190.0,0.16099422897591215,1152.8
1320041,long,close,1172.25,-27789.0,1170.579053703482,416838.0,895.0051726941664,0.03383875849099544,0.005926423544465771,0.03976518203546121,16.43254843206859,51.12509137471543,118.89556133654752,52.46301290447846,0.0,68.89556133654715,1.1171750658561368,1611244844324.0,0.2238089094716096,1.0,0.2238089094716096,1.000455052279316,1961.0,0.16099557056399633,1153.9
1320048,long,close,1173.2,-29774.0,1170.579053703482,387064.0,877.6553504055815,0.056822783411426686,0.006344613024207297,0.06316739643563399,16.438893045092797,51.15225335518275,118.95872873298315,52.51983568788989,0.0,68.95872873298278,1.117250780417618,1611244845363.0,0.23660425392855142,1.0,0.23660425392855142,1.0004550922948279,1039.0,0.16099642430186806,1155.0
1320065,long,close,1174.25,-32255.0,1170.579053703482,354809.0,856.47254232297,0.08614176379073456,0.006867149244198425,0.09300891303493299,16.445760194336994,51.19224718778778,119.05173764601808,52.60597745168062,0.0,69.05173764601771,1.1173619592697523,1611244848202.0,0.25220010189955994,1.0,0.25220010189955994,1.0004552637077595,2839.0,0.16099849766527086,1156.1
1320075,long,close,1174.5,-32255.0,1170.579053703482,322554.0,832.3524135914661,0.09198863415616478,0.006865687526607067,0.09885432168277185,16.4526258818636,51.23475454611137,119.15059196770086,52.69796608583679,0.0,69.15059196770048,1.1174800698669656,1611244851062.0,0.27068374647850296,1.0,0.27068374647850296,1.0004554603588398,2860.0,0.1609997172908019,1156.1
1320081,long,close,1175.05,-35839.0,1170.579053703482,286715.0,801.2908214938716,0.11649257390169437,0.0076249946810774015,0.12411756858277177,16.460250876544677,51.28812510060197,119.27470953628364,52.814458659738484,0.0,69.27470953628325,1.117628873850566,1611244851218.0,1.0,1.0,1.0,1.0004557675153343,156.0,0.16100044906612054,1157.2
1320117,long,close,1174.05,-31857.0,1170.579053703482,254858.0,769.0594641011439,0.08045729516280786,0.006783569694646736,0.0872408648574546,16.467034446239325,51.32563867249067,119.36195040114109,52.89491595490129,0.0,69.3619504011407,1.1177327196002158,1611244854944.0,0.3171204861991891,1.0,0.3171204861991891,1.0004559118959295,3726.0,0.16100483971803234,1158.3
1320119,long,close,1174.35,-31857.0,1170.579053703482,223001.0,731.2253333769302,0.08738903070466049,0.006781836760761273,0.09417086746542176,16.473816283000087,51.3661321455008,119.45612126860651,52.98230498560596,0.0,69.45612126860613,1.1178452066525066,1611244856425.0,1.0,1.0,1.0,1.0004560862335543,1481.0,0.16100508364313854,1159.4
1320142,long,close,1173.05,-27875.0,1170.579053703482,195126.0,692.3663398795993,0.05016039065472712,0.00594071011465837,0.05610110076938549,16.479756993114744,51.39025561883163,119.51222236937589,53.03246537626068,0.0,69.51222236937551,1.1179108314399806,1611244864630.0,0.37651318777546877,1.0,0.37651318777546877,1.000456093324814,8205.0,0.16100788878185998,1160.5
1320155,long,close,1175.2,-32521.0,1170.579053703482,162605.0,637.9823031811234,0.10924014836588514,0.00691818413886998,0.11615833250475512,16.486675177253613,51.44020370180868,119.62838070188064,53.141705524626566,0.0,69.62838070188026,1.118048942659624,1611244869020.0,0.40994857688801833,1.0,0.40994857688801833,1.0004563630479575,4390.0,0.16100947429505036,1161.6
1320169,long,close,1176.75,-40651.0,1170.579053703482,121954.0,551.2521691821564,0.18211178235579506,0.00863628638198428,0.19074806873777933,16.4953114636356,51.52222537136592,119.81912877061842,53.32381730698236,0.0,69.81912877061804,1.118276529692484,1611244870563.0,1.0,1.0,1.0,1.0004569576614124,1543.0,0.16101118177079382,1162.7
1320188,long,close,1178.05,-40651.0,1170.579053703482,81303.0,433.3248213411208,0.22023299044230593,0.00862675607996265,0.2288597465222686,16.50393821971556,51.620635062370496,120.0479885171407,53.54405029742467,0.0,70.04798851714031,1.1185490591527494,1611244873013.0,0.5315071013622094,1.0,0.5315071013622094,1.0004577162988992,2450.0,0.16101349905930282,1163.8
1320203,long,close,1177.9,-81303.0,1170.579053703482,0.0,0.0,0.4316826774020017,0.017255921555310298,0.44893859895731203,16.521194141270872,51.81367865992214,120.496927116098,53.97573297482667,0.0,70.49692711609762,1.1190824388807423,1611244877286.0,0.6319959054427848,1.0,0.6319959054427848,1.000459427303923,4273.0,0.16101532849759942,
1320472,long,entry,1175.5,65329.0,1175.5,65329.0,374.2371060279996,0.0,0.013893874946831137,0.013893874946831137,16.535088016217703,51.81965302614928,120.51082099104484,53.97573297482667,0.0,70.51082099104445,1.119089661949844,1611244927074.0,1.0,1.0,1.0,1.0004592476683998,49788.0,0.1610481364243848,1169.3
1320503,long,close,1176.3,-65329.0,1175.5,0.0,0.0,0.03779682039433665,0.013884425741732551,0.0516812461360692,16.548972441959435,51.84187596198779,120.56250223718091,54.013529795221004,0.0,70.56250223718052,1.1191501713252527,1611244931692.0,0.6813104777075709,1.0,0.6813104777075709,1.0004592318120453,4618.0,0.16105191726353107,
1320527,long,entry,1175.35,65356.0,1175.35,65356.0,374.18851594708167,0.0,0.013901391074998937,0.013901391074998937,16.562873833034434,51.847853560150035,120.5764036282559,54.013529795221004,0.0,70.57640362825552,1.1191651503541982,1611244939866.0,1.0,1.0,1.0,1.0004590524656027,8174.0,0.1610548443648056,1168.2
1320599,long,close,1176.15,-65356.0,1175.35,0.0,0.0,0.037822090243598415,0.013891935552438039,0.051714025796036456,16.57676576858687,51.87009059124233,120.62811765405193,54.051351885464605,0.0,70.62811765405155,1.1192213036803584,1611244967870.0,0.6811210397144475,1.0,0.6811210397144475,1.0004590367476143,28004.0,0.1610636256686292,
1320610,long,entry,1175.15,65381.0,1175.15,65381.0,374.1270438823063,0.0,0.013909075437178231,0.013909075437178231,16.59067484402405,51.87607149368032,120.64202672948912,54.051351885464605,0.0,70.64202672948873,1.1192371659905054,1611244971308.0,1.0,1.0,1.0,1.000458857690134,3438.0,0.16106496725671338,1168.2
1320614,long,close,1175.95,-65381.0,1175.15,0.0,0.0,0.037849433563471244,0.013899613078787364,0.05174904664225861,16.60457445710284,51.89832358373649,120.69377577613137,54.08920131902808,0.0,70.69377577613099,1.1192980208703394,1611244974165.0,0.6817159012443692,1.0,0.6817159012443692,1.000458842119575,2857.0,0.1610654551069258,
1321332,long,entry,1174.05,65355.0,1174.05,65355.0,373.7754464748605,0.0,0.013916570844512584,0.013916570844512584,16.61849102794735,51.904307709199635,120.70769234697589,54.08920131902808,0.0,70.7076923469755,1.119266978141968,1611245228869.0,1.0,1.0,1.0,1.0004586633493924,254704.0,0.16115302422005556,1167.1
1321361,long,close,1174.85,-65355.0,1174.05,0.0,0.0,0.03790528723023356,0.013907094522705027,0.051812381752938584,16.632398122470054,51.92658703335339,120.75950472872883,54.12710660625831,0.0,70.75950472872844,1.1193271967402294,1611245235241.0,0.681296515625119,1.0,0.681296515625119,1.0004586480476032,6372.0,0.16115656113409563,
1321388,long,entry,1173.9,65382.0,1173.9,65382.0,373.7267559938777,0.0,0.013924099156657295,0.013924099156657295,16.64632222162671,51.932574395990756,120.77342882788548,54.12710660625831,0.0,70.7734288278851,1.1193410216707032,1611245249561.0,1.0,1.0,1.0,1.0004584695639382,14320.0,0.1611598541230295,1167.1
1321401,long,close,1174.7,-65382.0,1173.9,0.0,0.0,0.03793063531224869,0.013914616497829232,0.05184525181007792,16.66023683812454,51.95486785426909,120.82527407969556,54.16503724157056,0.0,70.82527407969518,1.119401390697631,1611245255165.0,0.6814331023365489,1.0,0.6814331023365489,1.0004584543987343,5604.0,0.16116143963621984,
1321460,long,entry,1173.8,65412.0,1173.8,65412.0,373.69477629878776,0.0,0.013931674902027603,0.013931674902027603,16.67416851302657,51.960858474476964,120.83920575459759,54.16503724157056,0.0,70.8392057545972,1.119415478929469,1611245268070.0,1.0,1.0,1.0,1.0004582762009564,12905.0,0.16116863542685309,1167.1
1321636,long,close,1174.6,-65412.0,1173.8,0.0,0.0,0.03795450339390809,0.013922186276179126,0.05187668967008721,16.688090699302748,51.9831654510351,120.89108244426767,54.202991744964464,0.0,70.89108244426728,1.1194687047810263,1611245311918.0,0.6806027553001814,1.0,0.6806027553001814,1.0004582611655874,43848.0,0.16119010083619967,
1323673,long,entry,1172.4,65370.0,1172.4,65370.0,373.2507720783564,0.0,0.01393935516888434,0.01393935516888434,16.70203005447163,51.989159373757715,120.90502179943655,54.202991744964464,0.0,70.90502179943617,1.1193857804972938,1611245844208.0,1.0,1.0,1.0,1.000458083253317,532290.0,0.16143853855687565,1166.0
1323705,long,close,1173.2,-65370.0,1172.4,0.0,0.0,0.0380207437269276,0.013929849982952608,0.051950593709880206,16.715959904454586,52.01149812905297,120.95697239314644,54.24101248869139,0.0,70.95697239314605,1.1194461220717122,1611245849995.0,0.6812818955867505,1.0,0.6812818955867505,1.0004580685292987,5787.0,0.16144244135857502,
1323724,long,entry,1172.3,65400.0,1172.3,65400.0,373.21873801569114,0.0,0.013946941909067645,0.013946941909067645,16.729906846363654,52.01749531407387,120.97091933505551,54.24101248869139,0.0,70.97091933505511,1.119461271148267,1611245857152.0,1.0,1.0,1.0,1.0004578909011934,7157.0,0.16144475864708405,1166.0
1323982,long,close,1173.1,-65400.0,1172.3,0.0,0.0,0.03804468000086771,0.01393743073906743,0.05198211073993514,16.74384427710272,52.03984762169204,121.02290144579544,54.279057168692255,0.0,71.02290144579504,1.1195122334225822,1611245913173.0,0.6806138051296983,1.0,0.6806138051296983,1.0004578763057492,56021.0,0.16147622498578526,
1349310,long,entry,1205.8,67305.0,1205.8,67305.0,383.88176267959784,0.0,0.01395442859512357,0.01395442859512357,16.757798705697844,52.045848025987944,121.03685587439057,54.279057168692255,0.0,71.03685587439017,1.1171117822150323,1611259115371.0,1.0,1.0,1.0,1.0004576989605591,13202198.0,0.1645652925308425,1199.0
1349321,long,close,1206.65,-67305.0,1205.8,0.0,0.0,0.03931965128531276,0.013944598682302242,0.053264249967615,16.771743304380145,52.06875165347402,121.09012012435818,54.318376819977566,0.0,71.09012012435778,1.1171719149811776,1611259123383.0,0.6816108794230755,1.0,0.6816108794230755,1.0004576898386013,8012.0,0.16456663411892666,
1349338,long,entry,1205.75,67340.0,1205.75,67340.0,383.8674558898509,0.0,0.013962264150943397,0.013962264150943397,16.78570556853109,52.074755427058925,121.10408238850913,54.318376819977566,0.0,71.10408238850873,1.1171861170284263,1611259134155.0,1.0,1.0,1.0,1.00045751277362,10772.0,0.16456870748232946,1199.0
1349353,long,close,1206.6,-67340.0,1205.75,0.0,0.0,0.0393433599479584,0.013952428310956408,0.05329578825891481,16.799657996842047,52.09767261601026,121.15737817676805,54.35772017992552,0.0,71.15737817676765,1.117246608048072,1611259140193.0,0.681556716670247,1.0,0.681556716670247,1.000457503765652,6038.0,0.16457053692062604,
1349437,long,entry,1205.55,67366.0,1205.55,67366.0,383.80289033735414,0.0,0.013969972211853511,0.013969972211853511,16.8136279690539,52.103679704061356,121.1713481489799,54.35772017992552,0.0,71.1713481489795,1.1172550784375943,1611259182876.0,1.0,1.0,1.0,1.000457326979533,42683.0,0.1645807817750869,1199.0
1349651,long,close,1206.4,-67366.0,1205.55,0.0,0.0,0.039371606034737286,0.013960129310344828,0.053331735345082114,16.827588098364245,52.12661235025974,121.22467988432498,54.39709178596026,0.0,71.22467988432459,1.1173024400485132,1611259262027.0,0.681067899005024,1.0,0.681067899005024,1.0004573181038183,79151.0,0.1646068817614515,
1349669,long,entry,1204.95,67370.0,1204.95,67370.0,383.61236494266643,0.0,0.013977758413212167,0.013977758413212167,16.841565856777457,52.132622786377425,121.2386576427382,54.39709178596026,0.0,71.2386576427378,1.1173159868501357,1611259276428.0,1.0,1.0,1.0,1.0004571415960855,14401.0,0.16460907708740738,1197.9
1349672,long,close,1205.8,-67370.0,1204.95,0.0,0.0,0.03941315193640633,0.013967905125228065,0.053381057061634395,16.855533761902684,52.15557664091393,121.29203869979983,54.436504937896665,0.0,71.29203869979943,1.1173769365259785,1611259280045.0,1.0,1.0,1.0,1.0004571329089222,3617.0,0.16460944297506672,
1352741,long,entry,1203.25,67312.0,1203.25,67312.0,383.0698404690553,0.0,0.01398545605651361,0.01398545605651361,16.869519217959198,52.16159038701823,121.30602415585635,54.436504937896665,0.0,71.30602415585595,1.1170387749685053,1611261256697.0,1.0,1.0,1.0,1.0004569566783559,1976652.0,0.16498374605054764,1196.8
1353419,long,reentry,1196.8,124729.0,1199.0607797293287,192041.0,692.59108734098,0.0,0.0260546875,0.0260546875,16.895573905459198,52.17279390264323,121.33207884335634,54.436504937896665,0.0,71.33207884335594,1.1170173929877234,1611261544048.0,0.6799082176987213,1.0,0.6799082176987213,1.000456831896697,287351.0,0.16506643666155318,1189.1
1354394,long,reentry,1189.1,355851.0,1192.5913415417635,547892.0,963.0621100537235,0.0,0.07481519636700025,0.07481519636700025,16.9703891018262,52.20496443708104,121.40689403972334,54.436504937896665,0.0,71.40689403972294,1.1170143673430932,1611262042279.0,0.4175256824010933,1.0,0.4175256824010933,1.0004569141678032,498231.0,0.16518535015083108,1172.6
1356069,long,reentry,1172.6,125478.0,1188.866088628837,673370.0,1000.306653669084,0.0,0.026752089374040597,0.026752089374040597,16.99714119120024,52.21646783551187,121.43364612909738,54.436504937896665,0.0,71.43364612909699,1.1169770876788059,1611262423321.0,0.17866009120828663,1.0,0.17866009120828663,1.000456792401738,381042.0,0.16538963742728288,0.05
1398936,long,stop_loss_liq_diff,1051.85,-89559.0,1188.866088628837,583811.0,989.5327446709395,-9.812824929654562,0.02128606740504825,-9.791538862249514,17.018427258605286,48.006106124744576,111.64210726684786,54.436504937896665,-9.812824929654562,61.642107266847475,1.1038903453191058,1611271568840.0,0.04882170525452015,1.0,0.04882170525452015,1.0004132928298048,9145519.0,0.17061780619125827,0.05
1401308,long,stop_loss_liq_diff,1040.15,-77647.0,1188.866088628837,506164.0,978.958931966382,-9.33799683971314,0.018662452530884967,-9.319334387182256,17.037089711136172,43.99879233825621,102.3227728796656,54.436504937896665,-19.150821769367703,52.32277287966522,1.0920935095542972,1611271717045.0,0.04852620704717361,1.0,0.04852620704717361,1.0003682473501936,148205.0,0.17090710136722462,0.05
1491097,long,close,1189.7,-26640.0,1188.866088628837,479524.0,968.2792306803741,0.01570665539680309,0.005598049928553417,0.021304705325356506,17.042687761064727,44.00795336154611,102.34407758499096,54.45221159329347,-19.150821769367703,52.34407758499058,1.0871652543961028,1611309940731.0,0.057787360956321455,1.0,0.057787360956321455,1.0003681651048921,38223686.0,0.18185799704801836,1168.2
1491119,long,close,1190.45,-26640.0,1188.866088628837,452884.0,956.5870542519344,0.02981405157947318,0.005594523079507749,0.03540857465898093,17.048282284144236,44.023179048649475,102.37948615964994,54.48202564487294,-19.150821769367703,52.37948615964956,1.0872090045184444,1611309941766.0,0.18587528424738373,1.0,0.18587528424738373,1.0003681537081044,1035.0,0.1818606802241867,1169.3
1491135,long,close,1191.2,-26640.0,1188.866088628837,426244.0,943.7369550327343,0.04390368324378015,0.0055910006715916725,0.04949468391537182,17.05387328481583,44.044461762733086,102.42898084356531,54.525929328116725,-19.150821769367703,52.42898084356493,1.0872701891414267,1611309942784.0,0.19628041148383935,1.0,0.19628041148383935,1.0003682128883014,1018.0,0.18186263162503638,1170.4
1491155,long,close,1191.2,-25073.0,1188.866088628837,401171.0,930.456661985626,0.041321210584508244,0.005262130624580255,0.0465833412090885,17.05913541544041,44.064492599453,102.47556418477441,54.56725053870123,-19.150821769367703,52.475564184774015,1.0873276769943905,1611309944342.0,0.2072435171298801,1.0,0.2072435171298801,1.0003682573060013,1558.0,0.1818650708760985,1170.4
1491159,long,close,1190.5,-23598.0,1188.866088628837,377573.0,916.77583521891,0.027242148308610836,0.004955480890382192,0.03219762919899303,17.06409089633079,44.07833758000857,102.50776181397342,54.59449268700984,-19.150821769367703,52.507761813973005,1.0873674886996592,1611309944681.0,1.0,1.0,1.0,1.000368229582591,339.0,0.1818655587263109,1171.5
1491166,long,close,1191.4,-25171.0,1188.866088628837,352402.0,900.6582051008212,0.04502993862120322,0.005281811314420009,0.05031174993562323,17.069372707645208,44.09997163248089,102.55807356390903,54.639522625631045,-19.150821769367703,52.55807356390863,1.0874296317104115,1611309945570.0,0.22985900939271683,1.0,0.22985900939271683,1.000368292407853,889.0,0.18186641246418264,1172.6
1491168,long,close,1191.5,-25171.0,1188.866088628837,327231.0,882.7469866607137,0.046803102302082435,0.0052813680234997905,0.05208447032558222,17.074654075668708,44.122367954720886,102.61015803423462,54.68632572793313,-19.150821769367703,52.61015803423421,1.0874940295039028,1611309945729.0,1.0,1.0,1.0,1.0003683638992984,159.0,0.18186665638928887,1173.7
1491175,long,close,1191.65,-25171.0,1188.866088628837,302060.0,862.7240636832408,0.049462289827029084,0.005280703226618554,0.05474299305364764,17.079934778895325,44.145907441733954,102.66490102728827,54.73578801776016,-19.150821769367703,52.66490102728786,1.0875614448985675,1611309947829.0,0.25894309380396774,1.0,0.25894309380396774,1.0003684484497826,2100.0,0.1818675101271606,1173.7
1491177,long,close,1191.95,-27460.0,1188.866088628837,274600.0,837.9979327817914,0.05976011766252795,0.005759469776416796,0.06551958743894475,17.085694248671743,44.17408086433271,102.73042061472722,54.795548135422685,-19.150821769367703,52.7304206147268,1.0876423766578278,1611309948012.0,1.0,1.0,1.0,1.0003685864763865,183.0,0.1818677540522668,1174.8
1491187,long,close,1192.15,-27460.0,1188.866088628837,247140.0,809.6264900160597,0.0636250472612629,0.005758503544017112,0.06938355080528001,17.09145275221576,44.20391579117898,102.7998041655325,54.859173182683946,-19.150821769367703,52.79980416553208,1.0877279881682116,1611309948557.0,0.2967456086087685,1.0,0.2967456086087685,1.0003687433873374,545.0,0.18186897367779786,1175.9
1491217,long,close,1192.4,-27460.0,1188.866088628837,219680.0,776.7407945721137,0.0684543860267929,0.00575729620932573,0.07421168223611863,17.097210048425083,44.2358268145405,102.87401584776862,54.92762756871074,-19.150821769367703,52.8740158477682,1.0878192679148813,1611309951020.0,0.3206691642758351,1.0,0.3206691642758351,1.0003689239084108,2463.0,0.18187263255439104,1177.0
1491272,long,close,1189.7,-21968.0,1188.866088628837,197712.0,746.5400714782949,0.012952094810697081,0.004616289820963268,0.01756838463166035,17.101826338246045,44.24338121993212,102.89158423240028,54.94057966352144,-19.150821769367703,52.89158423239986,1.0878385187901927,1611309970600.0,0.3467826132603534,1.0,0.3467826132603534,1.000368822647399,19580.0,0.18187934049481183,1177.0
1491283,long,close,1191.4,-24714.0,1188.866088628837,172998.0,707.1701047619375,0.04421238342077853,0.005185915729393991,0.04939829915017252,17.10701225397544,44.264622488566694,102.94098253155046,54.98479204694222,-19.150821769367703,52.94098253155003,1.0878989332999913,1611309974674.0,0.3729452173547563,1.0,0.3729452173547563,1.0003688794766374,4074.0,0.18188068208289598,1178.1
1491292,long,close,1191.65,-24714.0,1188.866088628837,148284.0,660.6990648351745,0.04856426168150637,0.005184827759828808,0.05374908944133518,17.11219708173527,44.28773459702647,102.9947316209918,55.03335630862372,-19.150821769367703,52.99473162099136,1.0879646228391122,1611309979235.0,0.4061137058476275,1.0,0.4061137058476275,1.0003689577021537,4561.0,0.18188177974587394,1179.2
1491297,long,close,1191.95,-24714.0,1188.866088628837,123570.0,605.0204778339626,0.05378410589627516,0.005183522798775117,0.058967628695050275,17.117380604534045,44.313090677365345,103.05369924968684,55.08714041452,-19.150821769367703,53.05369924968641,1.088037143961864,1611309980287.0,1.0,1.0,1.0,1.0003690615552823,1052.0,0.18188238955863947,1180.3
1491319,long,close,1193.1,-30892.0,1188.866088628837,92678.0,517.6850654930469,0.09220999612180902,0.006473053390327718,0.09868304951213674,17.12385365792437,44.35552438865556,103.15238229919898,55.17935041064181,-19.150821769367703,53.15238229919855,1.0881581776356632,1611309984051.0,0.492432485038622,1.0,0.492432485038622,1.000369361582871,3764.0,0.1818850727348078,1181.4
1491326,long,close,1193.45,-92678.0,1188.866088628837,0.0,0.0,0.2994164776528224,0.01941388411747455,0.318830361770297,17.143267542041848,44.49262144421679,103.47121266096927,55.47876688829463,-19.150821769367703,53.471212660968845,1.0885499911073206,1611309984335.0,1.0,1.0,1.0,1.0003707468085192,284.0,0.18188592647267954,
1545268,long,entry,1248.0,59558.0,1248.0,59558.0,397.3176112092873,0.0,0.011930689102564103,0.011930689102564103,17.15519823114441,44.49775164053089,103.48314335007184,55.47876688829463,-19.150821769367703,53.48314335007141,1.0843692778298866,1611345290568.0,1.0,1.0,1.0,1.0003706166633426,35306233.0,0.18846483051229881,1240.85
1545343,long,close,1248.85,-59558.0,1248.0,0.0,0.0,0.03248135720760093,0.011922568763262201,0.04440392597086314,17.16712079990767,44.516845328698366,103.52754727604271,55.51124824550223,-19.150821769367703,53.52754727604227,1.0844183279910413,1611345314875.0,0.6814578600101922,1.0,0.6814578600101922,1.0003706464367401,24307.0,0.18847397770378174,
1548513,long,entry,1244.8,59438.0,1244.8,59438.0,396.3005486615397,0.0,0.011937258997429307,0.011937258997429307,17.1790580589051,44.521978350067265,103.53948453504015,55.51124824550223,-19.150821769367703,53.5394845350397,1.0840667484297495,1611348555267.0,1.0,1.0,1.0,1.0003705164754848,3240392.0,0.18886059899712632,1237.4
1548572,long,close,1245.65,-59438.0,1244.8,0.0,0.0,0.03258273238169837,0.011929113314333882,0.044511845696032254,17.190987172219433,44.541118443716556,103.58399638073618,55.54383097788393,-19.150821769367703,53.58399638073573,1.0841165757266975,1611348571657.0,0.681302333203426,1.0,0.681302333203426,1.0003705466809272,16390.0,0.18886779478775956,
1548618,long,entry,1244.55,59458.0,1244.55,59458.0,396.2188191765792,0.0,0.011943674420473263,0.011943674420473263,17.202930846639905,44.54625422371736,103.59594005515666,55.54383097788393,-19.150821769367703,53.5959400551562,1.0841256641417931,1611348614118.0,1.0,1.0,1.0,1.0003704169020824,42461.0,0.1888734050652024,1237.4
1549206,long,close,1245.4,-59458.0,1244.55,0.0,0.0,0.032606787401327324,0.011935522723622931,0.04454231012495025,17.214866369363527,44.565407417071086,103.6404823652816,55.576437765285256,-19.150821769367703,53.64048236528115,1.0841309984605203,1611349026438.0,0.6806618422916951,1.0,0.6806618422916951,1.0003704471578012,412320.0,0.18894511904642847,
1551712,long,entry,1240.7,59307.0,1240.7,59307.0,394.99592114945096,0.0,0.011950310308696704,0.011950310308696704,17.226816679672226,44.57054605050382,103.65243267559029,55.576437765285256,-19.150821769367703,53.65243267558985,1.0837891494891587,1611352205941.0,1.0,1.0,1.0,1.0003703175619383,3179503.0,0.18925075720451096,1233.95
1552144,long,reentry,1233.95,109895.0,1236.3159427784544,169202.0,714.1288732563524,0.0,0.022264881072977024,0.022264881072977024,17.249081560745203,44.580119949365205,103.67469755666326,55.576437765285256,-19.150821769367703,53.67469755666283,1.0837985114270359,1611352352514.0,0.679880119013331,1.0,0.679880119013331,1.0003702386145379,146573.0,0.18930344502745255,1225.9
1552496,long,reentry,1225.9,313531.0,1229.5508760536363,482733.0,992.9375626785376,0.0,0.06393894281752181,0.06393894281752181,17.313020503562726,44.60761369477673,103.73863649948078,55.576437765285256,-19.150821769367703,53.73863649948035,1.0838648521133925,1611352418879.0,0.4174418784872925,1.0,0.4174418784872925,1.000370363656461,66365.0,0.1893463758461457,1208.65
1553960,long,close,1230.4,-25407.0,1229.5508760536363,457326.0,981.27244371939,0.014260398119760827,0.005162345578673602,0.019422743698434428,17.3181828491414,44.615965474567055,103.7580592431792,55.590698163405015,-19.150821769367703,53.758059243178785,1.0838132237874034,1611353083270.0,0.18581643829401204,1.0,0.18581643829401204,1.0003702707798185,664391.0,0.18952492902389223,1209.8
1554018,long,close,1231.2,-25407.0,1229.5508760536363,431919.0,968.5259930926682,0.02767780053346762,0.0051589912280701755,0.032836791761537795,17.323341840369473,44.63008529502452,103.79089603494074,55.61837596393848,-19.150821769367703,53.790896034940324,1.08384905295801,1611353101056.0,0.2024768825427585,1.0,0.2024768825427585,1.0003702435129096,17786.0,0.18953200285197233,1210.95
1554025,long,close,1231.25,-25407.0,1229.5508760536363,406512.0,954.5744809898301,0.028515809260869353,0.005158781725888325,0.03367459098675768,17.328500622095362,44.64456536914882,103.82457062592749,55.64689177319935,-19.150821769367703,53.82457062592708,1.083887259056332,1611353106050.0,0.21334795882661783,1.0,0.21334795882661783,1.0003702203122613,4994.0,0.1895328565898441,1210.95
1554027,long,close,1231.3,-25407.0,1229.5508760536363,381105.0,939.238925249663,0.02935374992941265,0.00515857224072119,0.034512322170133836,17.333659194336082,44.65940566768198,103.85908294809762,55.67624552312876,-19.150821769367703,53.85908294809722,1.0839269115357093,1611353106610.0,0.22480552136606297,1.0,0.22480552136606297,1.0003702011674216,560.0,0.1895331005149503,1212.1
1554048,long,close,1231.35,-25407.0,1229.5508760536363,355698.0,922.3030529803722,0.030191622547386197,0.005158362772566695,0.03534998531995289,17.338817557108648,44.67460616136956,103.89443293341758,55.70643714567615,-19.150821769367703,53.89443293341717,1.08396653871572,1611353115931.0,0.23704242293191743,1.0,0.23704242293191743,1.0003701860678658,9321.0,0.1895356617285655,1213.25
1554079,long,close,1232.4,-27361.0,1229.5508760536363,328337.0,901.9266021275843,0.05144523030580422,0.005550348912690684,0.0569955792184949,17.34436790602134,44.69911426043351,103.95142851263607,55.75788237598195,-19.150821769367703,53.951428512635665,1.0840304347504548,1611353130670.0,0.25128623372945386,1.0,0.25128623372945386,1.0003702763001907,14739.0,0.18953944256771177,1213.25
1554082,long,close,1232.55,-27361.0,1229.5508760536363,300976.0,878.9697209567271,0.05414711610971589,0.005549673441239707,0.0596967895509556,17.34991757946258,44.72478387994042,104.01112530218703,55.81202949209167,-19.150821769367703,54.01112530218662,1.0840989272979227,1611353131735.0,1.0,1.0,1.0,1.0003703794239072,1065.0,0.1895398084553711,1214.4
1554093,long,close,1232.75,-27361.0,1229.5508760536363,273615.0,852.9088722673825,0.0577486076960002,0.005548773068343136,0.06329738076434334,17.355466352530925,44.752001753669084,104.07442268295137,55.869778099787666,-19.150821769367703,54.07442268295097,1.0841712160128116,1611353135516.0,0.28692676675720846,1.0,0.28692676675720846,1.0003704997653928,3781.0,0.18954115004345526,1215.55
1554123,long,close,1232.95,-27361.0,1229.5508760536363,246254.0,823.0721978752379,0.061348930867803735,0.0055478729875501846,0.06689680385535392,17.361014225518474,44.78076737932689,104.14131948680672,55.93112703065547,-19.150821769367703,54.141319486806324,1.0842463002588654,1611353150876.0,0.3080408305473125,1.0,0.3080408305473125,1.0003706372612162,15360.0,0.18954480892004844,1216.7
1554221,long,close,1230.4,-24625.0,1229.5508760536363,221629.0,792.3941733299774,0.013821478478337085,0.005003454161248374,0.01882493263958546,17.36601767967972,44.78886210036191,104.16014441944631,55.9449485091338,-19.150821769367703,54.160144419445906,1.084262803486354,1611353196453.0,0.33059070564414794,1.0,0.33059070564414794,1.0003705414046111,45577.0,0.18955676125025278,1217.85
1554441,long,close,1230.4,-24625.0,1229.5508760536363,197004.0,757.1195668106176,0.013821478478337085,0.005003454161248374,0.01882493263958546,17.37102113384097,44.79695682139694,104.1789693520859,55.958769987612136,-19.150821769367703,54.17896935208549,1.084263706578039,1611353381381.0,0.3537015836793137,1.0,0.3537015836793137,1.000370445628256,184928.0,0.18958359301193597,1217.85
1554477,long,close,1232.4,-28143.0,1229.5508760536363,168861.0,709.6170770581668,0.0529155775189594,0.005708982473222979,0.05862455999218238,17.376730116314192,44.822165382193575,104.23759391207808,56.011685565131096,-19.150821769367703,54.23759391207767,1.0843301495866537,1611353388367.0,0.38485573057310885,1.0,0.38485573057310885,1.0003705425849976,6986.0,0.1895879836638478,1219.0
1554481,long,close,1232.75,-28143.0,1229.5508760536363,140718.0,652.2997450440599,0.059399110646121626,0.005707361589941188,0.06510647223606282,17.382437477904134,44.85016116525508,104.30270038431415,56.071084675777215,-19.150821769367703,54.30270038431373,1.0844045850353146,1611353389996.0,1.0,1.0,1.0,1.0003706706202906,1629.0,0.18958847151406022,1220.15
1554520,long,close,1230.4,-23453.0,1229.5508760536363,117265.0,594.7697833519998,0.013163660294515317,0.00476532022106632,0.017928980515581637,17.387202798125198,44.85787062687678,104.32062936482973,56.08424833607173,-19.150821769367703,54.320629364829315,1.0844209148077795,1611353427561.0,0.4693298527139116,1.0,0.4693298527139116,1.0003705704708552,37565.0,0.18959322805363132,1220.15
1554573,long,close,1233.9,-29316.0,1229.5508760536363,87949.0,505.39314327672423,0.08403883631108024,0.005939703379528324,0.08997853969060857,17.393142501504727,44.896561398943746,104.41060790452033,56.16828717238281,-19.150821769367703,54.41060790451992,1.0845219726238842,1611353445170.0,0.5170559186780888,1.0,0.5170559186780888,1.000370818118292,17609.0,0.18959969206894592,1221.3
1554579,long,close,1234.3,-87949.0,1229.5508760536363,0.0,0.0,0.2752182173578183,0.017813538037754192,0.2930317553955725,17.41095603954248,45.02256505376384,104.70363965991591,56.44350538974063,-19.150821769367703,54.703639659915495,1.0848569529206062,1611353445301.0,1.0,1.0,1.0,1.000372042454143,131.0,0.18960042384426457,
1557512,long,entry,1226.95,59251.0,1226.95,59251.0,390.616717595893,0.0,0.01207282285341701,0.01207282285341701,17.423028862395896,45.027756367590804,104.71571248276932,56.44350538974063,-19.150821769367703,54.715712482768915,1.084643496917139,1611355466753.0,1.0,1.0,1.0,1.0003719132938425,2021452.0,0.18995814001252312,1220.15
1557526,long,close,1227.8,-59251.0,1226.95,0.0,0.0,0.033431827416202785,0.012064464896562958,0.045496292312765745,17.43509332729246,45.0473197732853,104.7612087750821,56.47693721715683,-19.150821769367703,54.76120877508168,1.084694485702254,1611355473868.0,0.6815840899972341,1.0,0.6815840899972341,1.0003719447463875,7115.0,0.18995984748826658,
1557624,long,entry,1226.7,59271.0,1226.7,59271.0,390.53486119118725,0.0,0.012079359256541942,0.012079359256541942,17.447172686549003,45.052513897765614,104.77328813433864,56.47693721715683,-19.150821769367703,54.773288134338216,1.084703017402955,1611355520344.0,1.0,1.0,1.0,1.000371815764521,46476.0,0.18997179981847093,1220.15
1557766,long,close,1227.55,-59271.0,1226.7,0.0,0.0,0.033456740232365924,0.01207099507148385,0.04552773530384977,17.459243681620485,45.07209082394627,104.81881586964249,56.5103939573892,-19.150821769367703,54.818815869642066,1.0847508392415735,1611355555726.0,0.6807921360160307,1.0,0.6807921360160307,1.0003718472652652,35382.0,0.1899891185010119,
1559383,long,entry,1225.15,59229.0,1225.15,59229.0,390.042947413081,0.0,0.01208607109333551,0.01208607109333551,17.47132975271382,45.077287834516405,104.83090194073583,56.5103939573892,-19.150821769367703,54.8309019407354,1.0846603125083836,1611356485655.0,1.0,1.0,1.0,1.00037171846218,929929.0,0.19018633194938359,1217.85
1559775,long,close,1226.0,-59229.0,1225.15,0.0,0.0,0.03351765229798981,0.012077691680261012,0.045595343978250824,17.483407444394082,45.09689383242705,104.87649728471408,56.543911609687186,-19.150821769367703,54.87649728471365,1.0847006678944797,1611356587585.0,0.680410547410315,1.0,0.680410547410315,1.00037175018389,101930.0,0.19023414127020097,
1559863,long,entry,1223.9,59201.0,1223.9,59201.0,389.64440344813227,0.0,0.012092695481656998,0.012092695481656998,17.495500139875737,45.102093691484164,104.88858998019573,56.543911609687186,-19.150821769367703,54.888589980195306,1.0847109724975899,1611356618127.0,1.0,1.0,1.0,1.000371621558568,30542.0,0.19024487397487425,1216.7
1559978,long,close,1224.75,-59201.0,1223.9,0.0,0.0,0.033570250775774274,0.012084302918963055,0.04565455369473733,17.507584442794702,45.121725149572896,104.93424453389046,56.57748186046296,-19.150821769367703,54.934244533890045,1.0847568275924728,1611356671235.0,0.6809070481957806,1.0,0.6809070481957806,1.000371653460087,53108.0,0.1902588996684814,
1559991,long,entry,1223.55,59217.0,1223.55,59217.0,389.53452704252334,0.0,0.012099423807772465,0.012099423807772465,17.519683866602474,45.12692790181024,104.94634395769823,56.57748186046296,-19.150821769367703,54.94634395769782,1.0847697432836585,1611356678463.0,1.0,1.0,1.0,1.0003715250124527,7228.0,0.19026048518167177,1216.7
1560166,long,close,1224.4,-59217.0,1223.55,0.0,0.0,0.03359853066517145,0.012091024175106175,0.04568955484027762,17.53177489077758,45.14657441039156,104.99203351253851,56.611080391128134,-19.150821769367703,54.9920335125381,1.0848162568381836,1611356725756.0,0.6805391995386695,1.0,0.6805391995386695,1.0003715569774219,47293.0,0.19028182862846524,
1560226,long,entry,1222.95,59220.0,1222.95,59220.0,389.3409819998139,0.0,0.01210597326137618,0.01210597326137618,17.543880864038957,45.15177997889395,105.00413948579988,56.611080391128134,-19.150821769367703,55.00413948579948,1.0848282379371892,1611356741307.0,1.0,1.0,1.0,1.0003714287061227,15551.0,0.19028914638165156,1215.55
1560482,long,reentry,1215.55,109734.0,1218.143771085621,168954.0,703.7503955229132,0.0,0.022568796018263337,0.022568796018263337,17.56644966005722,45.1614845611818,105.02670828181814,56.611080391128134,-19.150821769367703,55.02670828181774,1.0848426656805723,1611356840735.0,0.6796865635542461,1.0,0.6796865635542461,1.0003713504127254,99428.0,0.19032036879524658,1207.8
1561287,long,reentry,1207.8,313071.0,1211.425582697993,482025.0,978.3892402584485,0.0,0.064801912568306,0.064801912568306,17.631251572625526,45.18934938358617,105.09151019438644,56.611080391128134,-19.150821769367703,55.091510194386046,1.08489307947461,1611357045693.0,0.41730457832919626,1.0,0.41730457832919626,1.0003714732245124,204958.0,0.19041854865049654,1191.3
1561365,long,close,1212.25,-25369.0,1211.425582697993,456656.0,966.899609132665,0.014241689488070761,0.005231800371210559,0.01947348985928132,17.636483372996736,45.19772298422566,105.11098368424572,56.62532208061621,-19.150821769367703,55.110983684245326,1.0849121955349477,1611357071829.0,0.18987394199018925,1.0,0.18987394199018925,1.0003713801759229,26136.0,0.19042806172963878,1191.3
1561392,long,close,1212.25,-24034.0,1211.425582697993,432622.0,955.0607706476344,0.013492245069032783,0.004956485873375954,0.018448730942408738,17.64143985887011,45.205655938530896,105.12943241518813,56.63881432568524,-19.150821769367703,55.129432415187736,1.0849325749455094,1611357076337.0,0.20193173279463084,1.0,0.20193173279463084,1.000371282332435,4508.0,0.19043135471857262,1192.4
1561632,long,close,1212.25,-24034.0,1211.425582697993,408588.0,942.1676086061924,0.013492245069032783,0.004956485873375954,0.018448730942408738,17.646396344743486,45.213588892836135,105.14788114613054,56.65230657075427,-19.150821769367703,55.147881146130146,1.0849342076668143,1611357247772.0,0.2094195019679364,1.0,0.2094195019679364,1.0003711845712735,171435.0,0.19046062573131797,1193.5
1561649,long,close,1213.15,-25536.0,1211.425582697993,383052.0,927.113083841472,0.02996291056968168,0.005262333594361785,0.03522524416404346,17.65165867833785,45.22873574782667,105.18310639029458,56.68226948132395,-19.150821769367703,55.18310639029419,1.084972628495671,1611357260525.0,0.22311473213259747,1.0,0.22311473213259747,1.000371166518115,12753.0,0.19046269909472074,1194.6
1561669,long,close,1214.1,-27360.0,1211.425582697993,355692.0,909.1912500921188,0.04975011241238652,0.005633802816901409,0.05538391522928793,17.65729248115475,45.25255083137526,105.23849030552387,56.73201959373634,-19.150821769367703,55.23849030552348,1.0850344333758632,1611357267912.0,0.2359692745136001,1.0,0.2359692745136001,1.0003712440089132,7387.0,0.19046513834578285,1194.6
1561753,long,close,1212.25,-23712.0,1211.425582697993,331980.0,892.0206056493713,0.013311480197923997,0.004890080428954423,0.01820156062687842,17.662182561583705,45.26037750244482,105.25669186615075,56.74533107393427,-19.150821769367703,55.256691866150355,1.0850504749578123,1611357308266.0,0.2495016302017262,1.0,0.2495016302017262,1.0003711451513373,40354.0,0.19047538320024374,1195.7
1561759,long,close,1213.35,-25536.0,1211.425582697993,306444.0,871.4011319484323,0.033432533411798734,0.0052614661886512554,0.03869399960044999,17.66744402777236,45.277015922273016,105.2953858657512,56.778763607346065,-19.150821769367703,55.2953858657508,1.0850936393727497,1611357313322.0,0.26443423299301455,1.0,0.26443423299301455,1.0003711433927027,5056.0,0.19047611497556236,1196.8
1561760,long,close,1213.4,-25537.0,1211.425582697993,280907.0,848.2259406114264,0.03430110360081963,0.005261455414537663,0.039562559015357296,17.672705483186895,45.294027822649625,105.33494842476657,56.81306471094688,-19.150821769367703,55.33494842476616,1.0851382905001385,1611357313753.0,1.0,1.0,1.0,1.0003711456765036,431.0,0.19047623693811547,1197.9
1561762,long,close,1213.55,-25537.0,1211.425582697993,255370.0,821.9856793864371,0.03690245768488807,0.005260805076016646,0.042163262760904714,17.677966288262912,45.31215802563681,105.37711168752747,56.84996716863177,-19.150821769367703,55.37711168752706,1.0851857984371607,1611357314762.0,1.0,1.0,1.0,1.0003711601772014,1009.0,0.1904764808632217,1197.9
1561763,long,close,1213.65,-25537.0,1211.425582697993,229833.0,792.0339616319922,0.03863633650531483,0.005260371606311539,0.04389670811162637,17.683226659869224,45.33103361012481,105.4210083956391,56.888603505137084,-19.150821769367703,55.42100839563869,1.0852353411525022,1611357314927.0,1.0,1.0,1.0,1.0003711827675297,165.0,0.19047660282577478,1199.0
1561783,long,close,1215.35,-28729.0,1211.425582697993,201104.0,752.7518642473334,0.07657686540383624,0.005909614514337434,0.08248647991817368,17.68913627438356,45.36650279648963,105.50349487555728,56.96518037054092,-19.150821769367703,55.50349487555686,1.0853278968071733,1611357319586.0,0.3476100970866174,1.0,0.3476100970866174,1.0003713872334548,4659.0,0.19047904207683689,1200.1
1561801,long,close,1216.2,-33517.0,1211.425582697993,167587.0,697.3538926391869,0.10861349150553463,0.006889697418187798,0.11550318892372244,17.69602597180175,45.41616916772683,105.618998064481,57.07379386204646,-19.150821769367703,55.618998064480586,1.0854573499595834,1611357326453.0,0.3809860908290503,1.0,0.3809860908290503,1.0003717466430773,6867.0,0.1904812374027928,1201.2
1561835,long,close,1216.85,-33517.0,1211.425582697993,134070.0,627.9826315809271,0.1233344622803085,0.006886017175494105,0.13022047945580262,17.70291198897724,45.472163973892826,105.7492185439368,57.19712832432677,-19.150821769367703,55.74921854393639,1.0856029537764242,1611357335867.0,0.4262822767262962,1.0,0.4262822767262962,1.000372174268385,9414.0,0.1904853841295984,1202.3
1561931,long,close,1212.25,-22345.0,1211.425582697993,111725.0,571.3671391785734,0.0125440715680926,0.004608166632295319,0.01715223820038792,17.707520155609537,45.47953943631899,105.76637078213719,57.20967239589486,-19.150821769367703,55.766370782136775,1.0856163750442194,1611357387865.0,0.48177699985069555,1.0,0.48177699985069555,1.000372069998776,51998.0,0.19049709253469652,1203.4
1562094,long,close,1212.25,-22345.0,1211.425582697993,89380.0,503.30436971628234,0.0125440715680926,0.004608166632295319,0.01715223820038792,17.71212832224183,45.486914898745155,105.78352302033757,57.22221646746296,-19.150821769367703,55.783523020337164,1.085625247268499,1611357480014.0,0.5273660855500262,1.0,0.5273660855500262,1.0003719658196142,92149.0,0.19051697243085272,1203.4
1562106,long,close,1212.25,-89380.0,1211.425582697993,0.0,0.0,0.0501762862723704,0.018432666529181276,0.06860895280155167,17.730560988771014,45.51641674844982,105.85213197313912,57.272392753735325,-19.150821769367703,55.85213197313872,1.085702055072395,1611357483229.0,1.0,1.0,1.0,1.000372103009488,3215.0,0.19051843598149,
1562114,long,entry,1212.2,59181.0,1212.2,59181.0,385.9216877090411,0.0,0.012205287906286092,0.012205287906286092,17.7427662766773,45.52166502224952,105.8643372610454,57.272392753735325,-19.150821769367703,55.864337261045,1.0857154542570486,1611357486095.0,1.0,1.0,1.0,1.000371975676377,2866.0,0.19051941168191483,1205.6
1562154,long,close,1213.05,-59181.0,1212.2,0.0,0.0,0.034209619456221675,0.012196735501422036,0.04640635495764371,17.754963012178724,45.54161975488131,105.91074361600305,57.306602373191545,-19.150821769367703,55.91074361600265,1.0857626366394593,1611357530068.0,0.6813198284813863,1.0,0.6813198284813863,1.0003720085698107,43973.0,0.19052429018403905,
1562167,long,entry,1213.95,59299.0,1213.95,59299.0,386.477685993115,0.0,0.012211993904197043,0.012211993904197043,17.767175006082923,45.54687091226012,105.92295560990725,57.306602373191545,-19.150821769367703,55.92295560990684,1.0857745622279702,1611357545929.0,1.0,1.0,1.0,1.0003718814093776,15861.0,0.19052587569722942,1206.7
1562306,long,close,1214.8,-59299.0,1213.95,0.0,0.0,0.03417910707463404,0.012203449127428384,0.04638255620206243,17.779378455210352,45.566815411427,105.96933816610931,57.34078148026618,-19.150821769367703,55.969338166108905,1.0858142553366361,1611357655406.0,0.6806893163191514,1.0,0.6806893163191514,1.0003719140856013,109477.0,0.1905428284921111,
1562329,long,entry,1215.4,59403.0,1215.4,59403.0,386.9407709261469,0.0,0.012218816850419614,0.012218816850419614,17.791597272060773,45.57206950267268,105.98155698295973,57.34078148026618,-19.150821769367703,55.981556982959326,1.0858260851717407,1611357672091.0,1.0,1.0,1.0,1.0003717870980822,16685.0,0.19054563363083252,1208.9
1562669,long,close,1216.25,-59403.0,1215.4,0.0,0.0,0.03415743251092915,0.012210277492291881,0.04636771000322103,17.803807549553067,45.59200761797406,106.02792469296294,57.37493891277711,-19.150821769367703,56.02792469296255,1.0858295305016894,1611358100672.0,0.6807814454265999,1.0,0.6807814454265999,1.0003718195996119,428581.0,0.19058710089888842,
1573640,long,entry,1215.8,59455.0,1215.8,59455.0,387.06630889886185,0.0,0.012225489389702254,0.012225489389702254,17.81603303894277,45.59726457841164,106.04015018235265,57.37493891277711,-19.150821769367703,56.04015018235225,1.0849270025780078,1611366268650.0,1.0,1.0,1.0,1.0003716927839683,8167978.0,0.19192515206900934,1208.9
1573822,long,close,1216.65,-59455.0,1215.8,0.0,0.0,0.03416484931985517,0.012216948177372292,0.046381797497227456,17.82824998712014,45.61720875133544,106.08653197984987,57.40910376209697,-19.150821769367703,56.086531979849475,1.084972768324512,1611366319770.0,0.6810725424143189,1.0,0.6810725424143189,1.0003717252461772,51120.0,0.19194734925367454,
1573846,long,entry,1215.3,59463.0,1215.3,59463.0,386.90533442607455,0.0,0.01223216489755616,0.01223216489755616,17.8404821520177,45.62246858224139,106.09876414474742,57.40910376209697,-19.150821769367703,56.09876414474703,1.0849855987148298,1611366326362.0,1.0,1.0,1.0,1.0003715986020072,6592.0,0.19195027635494907,1208.9
1573862,long,close,1216.15,-59463.0,1215.3,0.0,0.0,0.034197558402910604,0.012223615507955433,0.04642117391086604,17.852705767525656,45.64242968702306,106.14518531865828,57.44330132049988,-19.150821769367703,56.145185318657894,1.0850354337144323,1611366340954.0,0.6816772928330458,1.0,0.6816772928330458,1.0003716311425643,14592.0,0.19195222775579876,
1600562,long,entry,1248.65,61129.0,1248.65,61129.0,397.52472996894943,0.0,0.012239018139590756,0.012239018139590756,17.864944785665248,45.64769246482309,106.15742433679787,57.44330132049988,-19.150821769367703,56.15742433679748,1.0822195852365495,1611392676125.0,1.0,1.0,1.0,1.0003715046702082,26335171.0,0.19520862792371682,1242.0
1600654,long,close,1249.5,-61129.0,1248.65,0.0,0.0,0.03330345071996736,0.012230692276910765,0.04553414299687813,17.87717547794216,45.667272146311745,106.20295847979476,57.47660477121985,-19.150821769367703,56.20295847979436,1.0822677173298516,1611392681651.0,0.6812279139016483,1.0,0.6812279139016483,1.0003715329858145,5526.0,0.19521984847860252,
1600824,long,entry,1248.05,61133.0,1248.05,61133.0,397.33424112983283,0.0,0.012245703297143544,0.012245703297143544,17.889421181239303,45.672537798729515,106.2152041830919,57.47660477121985,-19.150821769367703,56.21520418309151,1.0822747292910226,1611392740182.0,1.0,1.0,1.0,1.0003714066866223,58531.0,0.19524058211263046,1240.85
1600832,long,close,1248.9,-61133.0,1248.05,0.0,0.0,0.03333765010031991,0.012237368884618464,0.045575018984938376,17.901658550123923,45.69213505689304,106.26077920207683,57.50994242132017,-19.150821769367703,56.26077920207645,1.0823229463892188,1611392745040.0,0.6816232042228904,1.0,0.6816232042228904,1.0003714350972268,4858.0,0.1952415578130553,
1600841,long,entry,1248.0,61164.0,1248.0,61164.0,397.3190732613099,0.0,0.012252403846153847,0.012252403846153847,17.913910953970078,45.697403590546884,106.27303160592298,57.50994242132017,-19.150821769367703,56.273031605922604,1.0823351903224971,1611392753225.0,1.0,1.0,1.0,1.000371308970771,8185.0,0.19524265547603326,1240.85
1600858,long,close,1248.85,-61164.0,1248.0,0.0,0.0,0.033357227110475555,0.012244064539376227,0.045601291649851786,17.926155018509455,45.71701214595632,106.31863289757283,57.54329964843065,-19.150821769367703,56.318632897572456,1.0823827147445975,1611392764769.0,0.6814694566390268,1.0,0.6814694566390268,1.0003713374082583,11544.0,0.19524472883943605,
1600924,long,entry,1247.8,61187.0,1247.8,61187.0,397.2531904157054,0.0,0.01225897579740343,0.01225897579740343,17.93841399430686,45.7222835055492,106.33089187337023,57.54329964843065,-19.150821769367703,56.33089187336986,1.082393646407296,1611392785559.0,1.0,1.0,1.0,1.0003712114534882,20790.0,0.19525277836794103,1240.85
1601021,long,close,1248.65,-61187.0,1247.8,0.0,0.0,0.03338046507122336,0.012250630681135626,0.045631095752358984,17.950664624987994,45.741904876722714,106.37652296912259,57.57668011350187,-19.150821769367703,56.37652296912221,1.0824367301642526,1611392839796.0,0.6812795327216742,1.0,0.6812795327216742,1.0003712399339626,54237.0,0.19526460873559226,
1602318,long,entry,1245.85,61125.0,1245.85,61125.0,396.6339761673762,0.0,0.012265722197696352,0.012265722197696352,17.96293034718569,45.74717913726772,106.38878869132029,57.57668011350187,-19.150821769367703,56.38878869131991,1.0823295656286795,1611393996191.0,1.0,1.0,1.0,1.0003711141512222,1156395.0,0.19542279416697014,1238.55
1602380,long,close,1246.7,-61125.0,1245.85,0.0,0.0,0.03345107521631251,0.012257359428892277,0.04570843464520479,17.975187706614584,45.766833764165156,106.43449712596548,57.610131188718185,-19.150821769367703,56.434497125965116,1.0823772748243938,1611394005855.0,0.6812648857542782,1.0,0.6812648857542782,1.0003711428938349,9664.0,0.1954303558452627,
1602394,long,entry,1245.65,61148.0,1245.65,61148.0,396.56809086230527,0.0,0.012272307630554329,0.012272307630554329,17.987460014245137,45.77211085644629,106.44676943359603,57.610131188718185,-19.150821769367703,56.44676943359567,1.0823893536573552,1611394015448.0,1.0,1.0,1.0,1.0003710172817855,9593.0,0.19543206332100618,1238.55
1602489,long,close,1246.5,-61148.0,1245.65,0.0,0.0,0.03347440508935964,0.01226393902928199,0.04573834411864163,17.99972395327442,45.79177834441731,106.49250777771468,57.64360559380754,-19.150821769367703,56.49250777771431,1.0824308262597158,1611394085154.0,0.6814586201355032,1.0,0.6814586201355032,1.0003710460667619,69706.0,0.1954436497635512,
1602606,long,entry,1245.15,61157.0,1245.15,61157.0,396.40993851159436,0.0,0.012279042685620205,0.012279042685620205,18.01200299596004,45.797058332772124,106.5047868204003,57.64360559380754,-19.150821769367703,56.50478682039993,1.0824313229848774,1611394206140.0,1.0,1.0,1.0,1.0003709206256342,120986.0,0.19545791938226453,1238.55
1602928,long,close,1246.0,-61157.0,1245.15,0.0,0.0,0.03350621599607352,0.012270666131621187,0.04577688212769471,18.02427366209166,45.816742392087036,106.550563702528,57.67711180980362,-19.150821769367703,56.550563702527626,1.0824651036701893,1611394349845.0,0.6802501000108131,1.0,0.6802501000108131,1.0003709494924002,143705.0,0.19549719132436452,
1603561,long,entry,1243.0,61085.0,1243.0,61085.0,395.7268728509119,0.0,0.012285800482703137,0.012285800482703137,18.036559462574363,45.8220252862946,106.5628495030107,57.67711180980362,-19.150821769367703,56.56284950301033,1.0824230312632102,1611394880462.0,1.0,1.0,1.0,1.0003708242218161,530617.0,0.19557439362048035,1236.25
1603627,long,close,1243.85,-61085.0,1243.0,0.0,0.0,0.03358260372326661,0.012277404831772322,0.04586000855503893,18.048836867406134,45.841745089973266,106.60870951156573,57.71069441352689,-19.150821769367703,56.608709511565365,1.082462976667134,1611394965168.0,0.6814819117426659,1.0,0.6814819117426659,1.0003708533748268,84706.0,0.19558244314898532,
1605583,long,entry,1240.6,61000.0,1240.6,61000.0,394.96133938152445,0.0,0.012292439142350476,0.012292439142350476,18.061129306548484,45.84703083880448,106.62100195070809,57.71069441352689,-19.150821769367703,56.621001950707715,1.0822616741848523,1611397033455.0,1.0,1.0,1.0,1.0003707282736336,2068287.0,0.19582100190285975,1233.95
1605778,long,reentry,1233.95,113033.0,1236.2808797756747,174033.0,714.0907749695515,0.0,0.022900644272458366,0.022900644272458366,18.08402995082094,45.85687811584163,106.64390259498055,57.71069441352689,-19.150821769367703,56.643902594980176,1.0822848796561608,1611397043696.0,0.6799081454076308,1.0,0.6799081454076308,1.000370651974743,10241.0,0.19584478460071533,1225.9
1606595,long,reentry,1225.9,322483.0,1229.5385849600013,496516.0,992.9117303901224,0.0,0.06576454033771106,0.06576454033771106,18.14979449115865,45.88515686818685,106.70966713531826,57.71069441352689,-19.150821769367703,56.709667135317886,1.0823358033706039,1611397224718.0,0.41744919646797884,1.0,0.41744919646797884,1.0003707722642123,181022.0,0.19594442800660256,1208.65
1610540,long,close,1230.4,-26132.0,1229.5385849600013,470384.0,981.2459984603399,0.014879783592985849,0.005309655396618985,0.020189438989604833,18.15510414655527,45.89383832695238,106.72985657430786,57.725574197119876,-19.150821769367703,56.72985657430749,1.0820937109989666,1611399779046.0,0.1839305248704509,1.0,0.1839305248704509,1.0003706835110269,2554328.0,0.19642557027860394,1209.8
1610577,long,close,1231.2,-26132.0,1229.5385849600013,444252.0,968.4989303457473,0.02868005752831808,0.005306205328135152,0.03398626285645323,18.160410351883407,45.908452419980655,106.76384283716432,57.754254254648195,-19.150821769367703,56.76384283716394,1.0821278080902688,1611399796062.0,0.2027251688317368,1.0,0.2027251688317368,1.0003706579847436,17016.0,0.19643008289306885,1210.95
1610620,long,close,1232.05,-27765.0,1229.5385849600013,416487.0,953.5991405465614,0.04603049798201197,0.005633902844852076,0.05166440082686404,18.16604425472826,45.93066811233621,106.81550723799118,57.800284752630205,-19.150821769367703,56.81550723799081,1.082179905332165,1611399819142.0,0.2132740909420841,1.0,0.2132740909420841,1.0003707132818667,23080.0,0.19643532728285237,1210.95
1610621,long,close,1232.15,-27765.0,1229.5385849600013,388722.0,937.1184107322147,0.047859464534742144,0.005633445603213894,0.05349291013795604,18.171677700331472,45.953670063695526,106.86900014812913,57.84814421716495,-19.150821769367703,56.86900014812876,1.0822362783733455,1611399819152.0,1.0,1.0,1.0,1.0003707767642946,10.0,0.19643544924540549,1212.1
1610641,long,close,1233.2,-29901.0,1229.5385849600013,358821.0,917.2531702615112,0.0722036239926303,0.006061668829062601,0.07826529282169291,18.177739369160534,45.98732413960886,106.94726544095083,57.92034784115758,-19.150821769367703,56.94726544095045,1.0823179550337008,1611399826509.0,0.2398763752831125,1.0,0.2398763752831125,1.00037095310863,7357.0,0.1964378884964676,1213.25
1610696,long,close,1234.4,-32620.0,1229.5385849600013,326201.0,892.5904743654663,0.10448370918941083,0.0066064484769928706,0.1110901576664037,18.184345817637528,46.03509290740541,107.05835559861723,58.02483155034699,-19.150821769367703,57.058355598616856,1.0824325655520988,1611399848829.0,0.2560801538836081,1.0,0.2560801538836081,1.0003712785898218,22320.0,0.1964445964368884,1214.4
1610863,long,close,1231.55,-27183.0,1229.5385849600013,299018.0,869.3482640176948,0.036108119206358855,0.005518046364337623,0.041626165570696476,18.189863864001865,46.05299215860081,107.09998176418793,58.06093966955335,-19.150821769367703,57.099981764187554,1.0824626715202996,1611399981215.0,0.27490619466655863,1.0,0.27490619466655863,1.0003712871369894,132386.0,0.19646496418325704,1215.55
1610923,long,close,1230.4,-24918.0,1229.5385849600013,274100.0,845.3845303655525,0.014188521642814228,0.005062987646293888,0.019251509289108116,18.19492685164816,46.06127030759512,107.11923327347704,58.075128191196164,-19.150821769367703,57.11923327347666,1.0824812499613288,1611399997289.0,0.2933276995466634,1.0,0.2933276995466634,1.0003711938331505,16074.0,0.19647228193644337,1215.55
1610932,long,close,1231.8,-27410.0,1229.5385849600013,246690.0,815.3467584236755,0.040926720899906795,0.005562997239811658,0.04648971813971845,18.20048984888797,46.0812608863952,107.16572299161675,58.11605491209607,-19.150821769367703,57.16572299161638,1.0825297898456787,1611400000380.0,0.3134211562043755,1.0,0.3134211562043755,1.0003712244095502,3091.0,0.19647337959942132,1216.7
1610986,long,close,1233.5,-30836.0,1229.5385849600013,215854.0,775.8638313182619,0.08054286374181696,0.0062496959870287794,0.08679255972884574,18.206739544875,46.1185816870786,107.25251555134558,58.19659777583789,-19.150821769367703,57.252515551345226,1.0826146823486047,1611400061008.0,0.3381657060565157,1.0,0.3381657060565157,1.000371437825869,60628.0,0.196479965577289,1217.85
1612212,long,close,1230.4,-23983.0,1229.5385849600013,191871.0,740.1688601859503,0.01365612467130643,0.00487300877763329,0.01852913344893972,18.211612553652632,46.12654921446164,107.27104468479452,58.210253900509194,-19.150821769367703,57.27104468479416,1.0825117511331683,1611401245428.0,0.36609842614627897,1.0,0.36609842614627897,1.0003713411839492,1184420.0,0.1966294916673964,1219.0
1612692,long,reentry,1219.0,355536.0,1222.693867332461,547407.0,1007.2854438058496,0.0,0.07291550451189499,0.07291550451189499,18.284528058164526,46.15790288140176,107.34396018930642,58.210253900509194,-19.150821769367703,57.34396018930606,1.0825642180532362,1611401477263.0,0.3927816069683332,1.0,0.3927816069683332,1.0003714910832107,231835.0,0.19668803369288707,1200.6
1612889,long,close,1223.55,-28810.0,1222.693867332461,518597.0,996.317585896458,0.016487122765943992,0.005886559601160558,0.02237368236710455,18.290414617765688,46.16752356481961,107.36633387167352,58.22674102327514,-19.150821769367703,57.36633387167316,1.0825767208089403,1611401583089.0,0.1727967119932253,1.0,0.1727967119932253,1.0003714118438778,105826.0,0.19671206031584887,1201.75
1612903,long,close,1224.3,-28810.0,1222.693867332461,489787.0,984.3101812693687,0.030911429556339555,0.005882953524462959,0.03679438308080252,18.29629757129015,46.18334514954436,107.40312825475432,58.25765245283148,-19.150821769367703,57.403128254753966,1.08261516979227,1611401583702.0,0.18598179182445526,1.0,0.18598179182445526,1.0003713978988509,613.0,0.19671376779159233,1201.75
1612918,long,close,1224.3,-27210.0,1222.693867332461,462577.0,971.9077270372968,0.02919472399264142,0.005556236216613575,0.03475096020925499,18.301853807506763,46.198288062434344,107.43787921496359,58.28684717682412,-19.150821769367703,57.43787921496322,1.0826509152727475,1611401589675.0,0.19592355408294027,1.0,0.19592355408294027,1.000371374674225,5973.0,0.19671559722988893,1202.9
1612923,long,close,1225.1,-27210.0,1222.693867332461,435367.0,958.2927748760754,0.04370778896134921,0.005552607950371399,0.049260396911720614,18.307406415457134,46.21947003310639,107.48713961187532,58.33055496578547,-19.150821769367703,57.48713961187494,1.0827024279679003,1611401589808.0,1.0,1.0,1.0,1.0003714169462956,133.0,0.19671620704265444,1204.05
1612937,long,close,1226.0,-29024.0,1222.693867332461,406343.0,942.2266438066453,0.06401317053872807,0.005918433931484502,0.06993160447021257,18.313324849388618,46.24954062302858,107.55707121634553,58.394568136324196,-19.150821769367703,57.55707121634515,1.0827751368360146,1611401593706.0,0.2180712538239358,1.0,0.2180712538239358,1.0003715523238452,3898.0,0.19671791451839793,1205.2
1612973,long,close,1227.9,-33861.0,1222.693867332461,372482.0,921.0700732026869,0.11741789152842627,0.006894087466406059,0.12431197899483233,18.320218936855024,46.30299477399636,107.68138319534037,58.51198602785262,-19.150821769367703,57.68138319533998,1.0829045408394216,1611401598107.0,0.2315254515890667,1.0,0.2315254515890667,1.0003719323129396,4401.0,0.19672230517030972,1206.35
1612996,long,close,1226.55,-31040.0,1222.693867332461,341442.0,899.1131932367421,0.07981245852846433,0.006326688679629856,0.08613914720809418,18.326545625534653,46.34003460729584,107.76752234254847,58.59179848638109,-19.150821769367703,57.76752234254808,1.0829930247425403,1611401611797.0,0.2488112602840706,1.0,0.2488112602840706,1.0003721396389338,13690.0,0.19672511030903114,1207.5
1613012,long,close,1226.75,-31040.0,1222.693867332461,310402.0,874.0982117815269,0.08393827955451495,0.006325657224373345,0.0902639367788883,18.332871282759026,46.378848100110766,107.85778627932737,58.6757367659356,-19.150821769367703,57.857786279326966,1.0830861323400862,1611401621723.0,0.2667184331144297,1.0,0.2667184331144297,1.0003723649814582,9926.0,0.19672706170988086,1207.5
1613074,long,close,1224.7,-25866.0,1222.693867332461,284536.0,850.5277831672398,0.034653050496757404,0.0052800685882256875,0.03993311908498309,18.33815135134725,46.396019341317306,107.89771939841235,58.71038981643236,-19.150821769367703,57.89771939841195,1.0831221574568457,1611401675602.0,0.28618822279079914,1.0,0.28618822279079914,1.0003723639522457,53879.0,0.19673462338817338,1208.65
1613076,long,close,1224.8,-25866.0,1222.693867332461,258670.0,823.8642694691432,0.03637743605790083,0.005279637491835402,0.04165707354973623,18.343430988839085,46.4139318829437,107.93937647196209,58.746767252490265,-19.150821769367703,57.93937647196169,1.0831655198565502,1611401675997.0,0.3055498810636948,1.0,0.3055498810636948,1.0003723705875778,395.0,0.1967348673132796,1209.8
1613096,long,close,1226.35,-28741.0,1222.693867332461,229929.0,789.7374386852617,0.07007960602475904,0.00585905328821299,0.07593865931297203,18.349290042127297,46.44658550644828,108.01531513127507,58.81684685851502,-19.150821769367703,58.01531513127466,1.0832436574419366,1611401685087.0,0.327430287383858,1.0,0.327430287383858,1.000372530696516,9090.0,0.1967373065643417,1210.95
1613112,long,close,1227.05,-32847.0,1222.693867332461,197082.0,743.4952130628365,0.0953711050278734,0.006692270078643903,0.10206337510651729,18.355982312205942,46.49047275774409,108.1173785063816,58.91221796354289,-19.150821769367703,58.11737850638118,1.0833484978765042,1611401698235.0,0.3558947568018418,1.0,0.3558947568018418,1.000372807256672,13148.0,0.1967392579651914,1210.95
1613135,long,close,1227.55,-32847.0,1222.693867332461,164235.0,687.1332435430687,0.10627456326361642,0.006689544214084966,0.11296410747770139,18.362671856420025,46.539047323959494,108.23034261385929,59.01849252680651,-19.150821769367703,58.23034261385888,1.0834641005823256,1611401715913.0,0.3939309451291327,1.0,0.3939309451291327,1.0003731317956237,17678.0,0.19674206310391282,1212.1
1613173,long,close,1228.2,-32847.0,1222.693867332461,131388.0,616.9357412864492,0.12043578697035931,0.006686003908158281,0.1271217908785176,18.369357860328183,46.59370969403726,108.35746440473781,59.13892831377687,-19.150821769367703,58.3574644047374,1.0835918369917392,1611401757019.0,0.4401260950516836,1.0,0.4401260950516836,1.0003735186116816,41106.0,0.19674669768093084,1213.25
1613328,long,close,1223.55,-26277.0,1222.693867332461,105111.0,547.3075264564285,0.01503756074004548,0.005369008213804095,0.020406568953849576,18.374726868541988,46.60248451868741,108.37787097369166,59.15396587451692,-19.150821769367703,58.37787097369125,1.0835985552057688,1611401895388.0,0.49569972511018984,1.0,0.49569972511018984,1.000373429224921,138369.0,0.1967656018766622,1214.4
1613338,long,close,1223.55,-105111.0,1222.693867332461,0.0,0.0,0.06015195977268792,0.021476645825671204,0.08162860559835912,18.39620351436766,46.637584819094705,108.45949957929001,59.21411783428961,-19.150821769367703,58.45949957928961,1.083682096085574,1611401906228.0,0.5525243018098042,1.0,0.5525243018098042,1.000373612381661,10840.0,0.19676682150219324,
1614510,long,entry,1218.3,60944.0,1218.3,60944.0,387.86414650781177,0.0,0.012505950915209719,0.012505950915209719,18.408709465282868,46.64296237798825,108.47200553020522,59.21411783428961,-19.150821769367703,58.472005530204825,1.0835567841879503,1611403230042.0,1.0,1.0,1.0,1.000373487820205,1323814.0,0.19690976161443294,1211.1
1614830,long,reentry,1211.1,112929.0,1213.6236626733305,173873.0,701.1156936277853,0.0,0.023311245974733715,0.023311245974733715,18.432020711257604,46.65298621375738,108.49531677617996,59.21411783428961,-19.150821769367703,58.49531677617956,1.0835727993122373,1611403307808.0,0.6797290396698635,1.0,0.6797290396698635,1.0003734113890037,77766.0,0.19694878963142673,1203.4
1615653,long,reentry,1203.4,322186.0,1206.9834828115204,496059.0,974.7767600757753,0.0,0.06693244141598803,0.06693244141598803,18.498953152673593,46.681767163566256,108.56224921759595,59.21411783428961,-19.150821769367703,58.56224921759554,1.0836208173894881,1611403511169.0,0.417363449015012,1.0,0.417363449015012,1.0003735286695832,203361.0,0.1970491648126326,1186.9
1616720,long,close,1207.85,-26108.0,1206.9834828115204,469951.0,963.3267190305947,0.015518025291447848,0.005403816699093431,0.020921841990541278,18.504356969372687,46.69076355562218,108.58317105958648,59.22963585958106,-19.150821769367703,58.583171059586086,1.0835963164783748,1611403953452.0,0.18700854038717654,1.0,0.18700854038717654,1.0003734416076988,442283.0,0.1971792988567962,1186.9
1616732,long,close,1208.6,-26108.0,1206.9834828115204,443843.0,950.816537403578,0.02893143758441631,0.0054004633460201885,0.0343319009304365,18.509757432718708,46.70552627302227,108.61750296051692,59.25856729716548,-19.150821769367703,58.617502960516525,1.0836317496677066,1611403953757.0,1.0,1.0,1.0,1.0003734140511227,305.0,0.19718076240743346,1188.0
1616752,long,close,1209.45,-27740.0,1206.9834828115204,416103.0,936.1925849738982,0.046870691105662936,0.005734011327462897,0.05260470243312583,18.51549144404617,46.72814629506852,108.67010766295004,59.30543798827114,-19.150821769367703,58.670107662949654,1.0836850673142233,1611403963375.0,0.2133235118491061,1.0,0.2133235118491061,1.000373467389879,9618.0,0.1971832016584956,1189.1
1616772,long,close,1210.4,-29721.0,1206.9834828115204,386382.0,918.7581263524659,0.06950511812104643,0.006138673165895571,0.075643791286942,18.521630117212066,46.7606731253219,108.74575145423698,59.37494310639218,-19.150821769367703,58.7457514542366,1.0837621192937816,1611403973121.0,0.2261592122880656,1.0,0.2261592122880656,1.0003736224702113,9746.0,0.1971856409095577,1190.2
1616775,long,close,1210.6,-29721.0,1206.9834828115204,356661.0,899.2120656155425,0.07356173346278773,0.006137659012060136,0.07969939247484786,18.527767776224128,46.79494386408608,108.82545084671182,59.44850483985497,-19.150821769367703,58.82545084671145,1.0838434817837845,1611403981150.0,1.0,1.0,1.0,1.0003737950841807,8029.0,0.197186006797217,1191.3
1616778,long,close,1210.8,-29721.0,1206.9834828115204,326940.0,877.1486620582548,0.07761700866071349,0.0061366451932606545,0.08375365385397414,18.53390442141739,46.83095793524329,108.90920450056579,59.526121848515686,-19.150821769367703,58.90920450056542,1.083929779219046,1611403981409.0,1.0,1.0,1.0,1.0003739851616296,259.0,0.19718637268487632,1192.4
1616787,long,close,1211.25,-32694.0,1206.9834828115204,294246.0,849.33640628726,0.09541275605419496,0.0067479876160990715,0.10216074367029403,18.540652409033488,46.87488705502152,109.01136524423609,59.62153460456988,-19.150821769367703,59.01136524423572,1.0840349631311879,1611403981716.0,0.27556271716364816,1.0,0.27556271716364816,1.0003742558730349,307.0,0.19718747034785428,1192.4
1616807,long,close,1211.6,-32694.0,1206.9834828115204,261552.0,816.9368840796126,0.1032100345805537,0.006746038296467481,0.10995607287702118,18.547398447329954,46.92216816635864,109.12132131711311,59.72474463915044,-19.150821769367703,59.12132131711274,1.0841481077607988,1611403981727.0,0.2985328656365543,1.0,0.2985328656365543,1.000374560196108,11.0,0.19718990959891639,1193.5
1616815,long,close,1211.95,-32694.0,1206.9834828115204,228858.0,778.7220642062524,0.1110028095424382,0.00674409010272701,0.11774689964516522,18.554142537432682,46.97279933320606,109.23906821675828,59.83574744869288,-19.150821769367703,59.2390682167579,1.084268703549964,1611403986042.0,0.3255423041654385,1.0,0.3255423041654385,1.0003748979600156,4315.0,0.19719088529934123,1194.6
1616854,long,close,1213.0,-38143.0,1206.9834828115204,190715.0,724.4221242927205,0.15674651069593468,0.007861294311624073,0.16460780500755876,18.562003831744306,47.04358068935932,109.40367602176585,59.99249395938881,-19.150821769367703,59.403676021765456,1.0844359493274498,1611404002960.0,0.3574635387546909,1.0,0.3574635387546909,1.0003754402997946,16918.0,0.19719564183891236,1195.7
1616960,long,close,1213.7,-38143.0,1206.9834828115204,152572.0,655.7753321536869,0.17488247845777974,0.007856760319683612,0.18273923877746334,18.56986059206399,47.12215856203362,109.5864152605433,60.16737643784659,-19.150821769367703,59.58641526054292,1.0846200276266587,1611404034190.0,0.402636988296594,1.0,0.402636988296594,1.0003760603494396,31230.0,0.19720856986954152,1196.8
1617026,long,close,1213.35,-38143.0,1206.9834828115204,114429.0,566.3573097177654,0.1658171103055029,0.00785902666172168,0.17367613696722456,18.577719618725713,47.196839300929526,109.76009139751052,60.333193548152096,-19.150821769367703,59.760091397510145,1.0847949168759397,1611404061851.0,0.4589981997659639,1.0,0.4589981997659639,1.0003766389141047,27661.0,0.1972166193980465,1199.0
1617121,long,close,1214.7,-38143.0,1206.9834828115204,76286.0,444.9107227422492,0.2007547442672243,0.00785029225323125,0.20860503652045556,18.585569910978943,47.28653946663332,109.96869643403099,60.53394829241932,-19.150821769367703,59.9686964340306,1.0850009857204317,1611404129434.0,0.5328819252606166,1.0,0.5328819252606166,1.0003773678545564,67583.0,0.19722820584059153,1200.1
1617638,long,close,1221.6,-76286.0,1206.9834828115204,0.0,0.0,0.7562378221775028,0.015611902423051736,0.7718497246005546,18.601181813401997,47.61843484821156,110.74054615863153,61.29018611459682,-19.150821769367703,60.740546158631155,1.0857546967816232,1611404429047.0,0.6339539078182984,1.0,0.6339539078182984,1.00038053508265,299613.0,0.1972912604805471,
1650854,long,entry,1242.6,63467.0,1242.6,63467.0,395.60094834387377,0.0,0.012768992435216482,0.012768992435216482,18.613950805837213,47.6239255149587,110.75331515106674,61.29018611459682,-19.150821769367703,60.753315151066374,1.0827295511168118,1611433865771.0,1.0,1.0,1.0,1.0003804082224173,29436724.0,0.20134236864450086,1235.1
1650927,long,close,1243.45,-63467.0,1242.6,0.0,0.0,0.03491461199062694,0.012760263782218827,0.047674875772845765,18.626711069619432,47.64442571154102,110.80099002683959,61.32510072658745,-19.150821769367703,60.80099002683922,1.082775604292735,1611433870989.0,0.6811598240226687,1.0,0.6811598240226687,1.000380432147159,5218.0,0.20135127191087757,
1651060,long,entry,1242.1,63476.0,1242.1,63476.0,395.4413817689992,0.0,0.012775943965864263,0.012775943965864263,18.639487013585295,47.649919367446344,110.81376597080545,61.32510072658745,-19.150821769367703,60.813765970805086,1.0827760716018637,1611433991559.0,1.0,1.0,1.0,1.000380305457266,120570.0,0.20136749293044062,1235.1
1651269,long,reentry,1235.1,117621.0,1237.5535580379576,181097.0,714.8847718522079,0.0,0.023807991255768768,0.023807991255768768,18.663295004841064,47.66015680368632,110.83757396206121,61.32510072658745,-19.150821769367703,60.83757396206086,1.082798025754469,1611434004515.0,0.6798175120286634,1.0,0.6798175120286634,1.0003802264351738,12956.0,0.20139298310403966,1227.05
1651592,long,close,1238.4,-25871.0,1237.5535580379576,155226.0,666.275030187924,0.014288461031253743,0.005222666343669251,0.019511127374922995,18.668517671184734,47.66854658845754,110.85708508943614,61.33938918761871,-19.150821769367703,60.857085089435785,1.082809776835275,1611434077729.0,0.41973638648359746,1.0,0.41973638648359746,1.0003801289584406,73214.0,0.20143237700869276,1228.2
1651712,long,close,1238.4,-25871.0,1237.5535580379576,129355.0,608.3618669773401,0.014288461031253743,0.005222666343669251,0.019511127374922995,18.673740337528404,47.676936373228756,110.87659621681107,61.35367764864996,-19.150821769367703,60.87659621681071,1.0828191701703307,1611434174555.0,0.4609425322104175,1.0,0.4609425322104175,1.0003800315599447,96826.0,0.20144701251506542,1228.2
1651790,long,close,1238.4,-25871.0,1237.5535580379576,103484.0,538.1917723368181,0.014288461031253743,0.005222666343669251,0.019511127374922995,18.678963003872074,47.685326157999974,110.89610734418599,61.36796610968122,-19.150821769367703,60.89610734418564,1.0828295513636517,1611434261412.0,0.5080963274895168,1.0,0.5080963274895168,1.0003799342395787,86857.0,0.20145652559420765,1229.35
1651794,long,close,1238.55,-103484.0,1237.5535580379576,0.0,0.0,0.06727406472554749,0.02088813531952687,0.08816220004507436,18.6998511391916,47.72323590401936,110.98426954423107,61.435240174406765,-19.150821769367703,60.98426954423071,1.0829154688657994,1611434261919.0,0.5654487102649833,1.0,0.5654487102649833,1.0003801320364651,507.0,0.20145701344442007,
1651802,long,entry,1239.2,63432.0,1239.2,63432.0,394.51575637576747,0.0,0.012796965784377017,0.012796965784377017,18.71264810497598,47.72873859930664,110.99706651001544,61.435240174406765,-19.150821769367703,60.99706651001509,1.0829274231053225,1611434267123.0,1.0,1.0,1.0,1.0003800058512538,5204.0,0.20145798914484492,1231.65
1651812,long,close,1240.05,-63432.0,1239.2,0.0,0.0,0.03508703977007599,0.0127881940244345,0.04787523379451049,18.725436299000414,47.74932494983828,111.04494174380996,61.47032721417684,-19.150821769367703,61.0449417438096,1.0829737158022605,1611434270731.0,0.6816752681843163,1.0,0.6816752681843163,1.0003800302858463,3608.0,0.20145920877037599,
1651825,long,entry,1239.65,63490.0,1239.65,63490.0,394.66020429290484,0.0,0.012804017262937119,0.012804017262937119,18.73824031626335,47.754830677261346,111.0577457610729,61.47032721417684,-19.150821769367703,61.05774576107254,1.0829854740088203,1611434277901.0,1.0,1.0,1.0,1.0003799042694355,7170.0,0.20146079428356636,1232.8
1651877,long,close,1240.5,-63490.0,1239.65,0.0,0.0,0.03509363860860894,0.012795243853284967,0.047888882461893906,18.751035560116637,47.77542289671996,111.1056346435348,61.50542085278545,-19.150821769367703,61.10563464353443,1.0830283803601997,1611434315308.0,0.681417335895298,1.0,0.681417335895298,1.0003799286754589,37407.0,0.20146713633632785,
1654359,long,entry,1238.05,63443.0,1238.05,63443.0,394.15206126665237,0.0,0.012811073866160495,0.012811073866160495,18.763846633982798,47.78093165848241,111.11844571740096,61.50542085278545,-19.150821769367703,61.11844571740059,1.0827951728131544,1611436782109.0,1.0,1.0,1.0,1.000379802827472,2466801.0,0.2017698473931358,1230.5
1654389,long,close,1238.9,-63443.0,1238.05,0.0,0.0,0.03515832685846687,0.012802284284445879,0.04796061114291275,18.776648918267245,47.80155472127387,111.16640632854387,61.54057917964391,-19.150821769367703,61.1664063285435,1.0828396902524813,1611436802505.0,0.6815833410617987,1.0,0.6815833410617987,1.0003798274533466,20396.0,0.20177350626972898,
1654703,long,entry,1237.4,63444.0,1237.4,63444.0,393.9435197643267,0.0,0.012818005495393565,0.012818005495393565,18.78946692376264,47.80706646363688,111.17922433403926,61.54057917964391,-19.150821769367703,61.17922433403889,1.0828146871230035,1611437179443.0,1.0,1.0,1.0,1.0003797017727059,376938.0,0.2018118025114041,1230.5
1654723,long,close,1238.25,-63444.0,1237.4,0.0,0.0,0.03519581561423694,0.012809206541490006,0.04800502215572694,18.80227613030413,47.82770862316384,111.22722935619498,61.57577499525815,-19.150821769367703,61.22722935619462,1.0828601717383792,1611437190078.0,0.6814816302034874,1.0,0.6814816302034874,1.0003797265008076,10635.0,0.2018142417624662,
1654807,long,entry,1237.15,63466.0,1237.15,63466.0,393.8644107192328,0.0,0.012825041425857817,0.012825041425857817,18.81510117172999,47.83322339097696,111.24005439762084,61.57577499525815,-19.150821769367703,61.240054397620476,1.0828565087227284,1611437352099.0,1.0,1.0,1.0,1.000379600987488,162021.0,0.2018244866169271,1230.5
1654823,long,close,1238.0,-63466.0,1237.15,0.0,0.0,0.03522224624224974,0.012816235864297254,0.048038482106546994,18.827917407594285,47.85387993828277,111.28809287972739,61.6109972415004,-19.150821769367703,61.288092879727024,1.0829009858267338,1611437372865.0,0.681597081067718,1.0,0.681597081067718,1.000379625770617,20766.0,0.20182643801777678,
1654833,long,entry,1237.1,63498.0,1237.1,63498.0,393.84779869324973,0.0,0.012832026513620566,0.012832026513620566,18.840749434107906,47.859397709683634,111.30092490624101,61.6109972415004,-19.150821769367703,61.300924906240645,1.082911204290038,1611437395104.0,1.0,1.0,1.0,1.0003795004239586,22239.0,0.20182765764330782,1230.5
1654875,long,close,1237.95,-63498.0,1237.1,0.0,0.0,0.035242853222111646,0.012823215800315037,0.04806606902242668,18.85357264990822,47.88006611936328,111.34899097526343,61.64624009472251,-19.150821769367703,61.34899097526307,1.0829547497587242,1611437425240.0,0.6814044663539478,1.0,0.6814044663539478,1.000379525236791,30136.0,0.20183278007053826,
1654938,long,entry,1236.85,63520.0,1236.85,63520.0,393.7686021115813,0.0,0.012839066984678823,0.012839066984678823,18.866411716892898,47.88558691816669,111.36183004224812,61.64624009472251,-19.150821769367703,61.36183004224775,1.082949273785971,1611437605329.0,1.0,1.0,1.0,1.000379400056604,180089.0,0.20184046371138392,1229.35
1655074,long,close,1237.7,-63520.0,1236.85,0.0,0.0,0.035269312230677176,0.012830249656621153,0.04809956188729833,18.879241966549518,47.906269729778224,111.40992960413541,61.68150940695318,-19.150821769367703,61.40992960413505,1.0829854683486797,1611437709354.0,0.6810686412249778,1.0,0.6810686412249778,1.0003794249240303,104025.0,0.20185705061860626,
1655372,long,entry,1235.95,63508.0,1235.95,63508.0,393.47986489355424,0.0,0.012845988915409199,0.012845988915409199,18.892087955464927,47.91179350501186,111.42277559305083,61.68150940695318,-19.150821769367703,61.42277559305046,1.082982089885982,1611437868294.0,1.0,1.0,1.0,1.0003792999093715,158940.0,0.20189339545943172,1229.35
1655450,long,close,1236.8,-63508.0,1235.95,0.0,0.0,0.03531400575063391,0.012837160413971541,0.04815116616460545,18.9049251158789,47.932498506462636,111.47092675921543,61.71682341270382,-19.150821769367703,61.47092675921507,1.0830238976296003,1611437915983.0,0.6811992182349166,1.0,0.6811992182349166,1.0003793249079633,47689.0,0.20190290853857396,
1655708,long,entry,1235.2,63505.0,1235.2,63505.0,393.24446019565914,0.0,0.012853181670984455,0.012853181670984455,18.917778297549884,47.93802537458116,111.48377994088642,61.71682341270382,-19.150821769367703,61.48377994088605,1.0830013441343531,1611438267749.0,1.0,1.0,1.0,1.0003792000595,351766.0,0.20193437487727517,1228.2
1655823,long,close,1236.05,-63505.0,1235.2,0.0,0.0,0.03535521838221609,0.012844342866388902,0.04819956124860499,18.93062264041627,47.95875118591806,111.53197950213503,61.75217863108603,-19.150821769367703,61.531979502134654,1.0830359417286433,1611438387974.0,0.6811574490650187,1.0,0.6811574490650187,1.0003792251750405,120225.0,0.2019484005708823,
1656618,long,entry,1233.5,63452.0,1233.5,63452.0,392.70182136428275,0.0,0.012860154033238752,0.012860154033238752,18.94348279444951,47.96428105215235,111.54483965616826,61.75217863108603,-19.150821769367703,61.544839656167895,1.0829435747655312,1611439443118.0,1.0,1.0,1.0,1.0003791004913631,1055144.0,0.20204536080060123,1227.05
1657038,long,close,1234.35,-63452.0,1233.5,0.0,0.0,0.03542311638757899,0.012851298254141857,0.048274414641720845,18.95633409270365,47.98503905044829,111.59311407080999,61.78760174747361,-19.150821769367703,61.59311407080961,1.082960416754991,1611439742412.0,0.6807821318775136,1.0,0.6807821318775136,1.0003791258352812,299294.0,0.20209658507290557,
1658553,long,entry,1230.5,63332.0,1230.5,63332.0,391.7451348932864,0.0,0.012867127184071516,0.012867127184071516,18.969201219887722,47.990571915137444,111.60598119799405,61.78760174747361,-19.150821769367703,61.605981197993685,1.0828022785963727,1611441465328.0,1.0,1.0,1.0,1.000379001315857,1722916.0,0.20228135834086045,1223.6
1658610,long,close,1231.35,-63332.0,1230.5,0.0,0.0,0.03552867375306442,0.012858245015633249,0.04838691876869767,18.982059464903354,48.011378290207986,111.65436811676275,61.82313042122667,-19.150821769367703,61.654368116762384,1.0828474472296756,1611441478816.0,0.6813784994767903,1.0,0.6813784994767903,1.0003790270462827,13488.0,0.20228831020638746,
1658679,long,entry,1230.2,63352.0,1230.2,63352.0,391.6525503137045,0.0,0.012874329377337018,0.012874329377337018,18.99493379428069,48.01691425184024,111.6672424461401,61.82313042122667,-19.150821769367703,61.667242446139724,1.0828546436135544,1611441531154.0,1.0,1.0,1.0,1.0003789026914518,52338.0,0.20229672562255174,1223.6
1659111,long,close,1231.05,-63352.0,1230.2,0.0,0.0,0.03555722341329997,0.012865440071483693,0.04842266348478366,19.007799234352174,48.0377359971387,111.71566510962488,61.85868764463997,-19.150821769367703,61.71566510962451,1.0828780218405472,1611441765123.0,0.6803749538387363,1.0,0.6803749538387363,1.0003789284828601,233969.0,0.20234941344549334,
1659362,long,entry,1228.55,63301.0,1228.55,63301.0,391.1239993195567,0.0,0.012881242114688048,0.012881242114688048,19.02068047646686,48.043274931248014,111.72854635173957,61.85868764463997,-19.150821769367703,61.7285463517392,1.0828647641025277,1611442024414.0,1.0,1.0,1.0,1.000378804290964,259291.0,0.20238002604632285,1221.3
1659428,long,close,1229.4,-63301.0,1228.55,0.0,0.0,0.035624063112040014,0.012872336098910036,0.04849639921095005,19.03355281256577,48.06412838290872,111.77704275095051,61.89431170775201,-19.150821769367703,61.777042750950145,1.0829060793177936,1611442077159.0,0.681326435556641,1.0,0.681326435556641,1.000378830303095,52745.0,0.2023880755748278,
1659596,long,entry,1228.05,63310.0,1228.05,63310.0,390.96481165958346,0.0,0.012888318879524449,0.012888318879524449,19.046441131445295,48.06967036002691,111.78993106983003,61.89431170775201,-19.150821769367703,61.78993106982967,1.0829005747352674,1611442257936.0,1.0,1.0,1.0,1.0003787062742981,180777.0,0.20240856528374954,1221.3
1659616,long,close,1228.9,-63310.0,1228.05,0.0,0.0,0.03565813669980141,0.0128794043453495,0.048537541045150914,19.059320535790643,48.09054150267633,111.83846861087518,61.92996984445181,-19.150821769367703,61.83846861087482,1.0829454175471949,1611442275018.0,0.6814561358540079,1.0,0.6814561358540079,1.0003787323690558,17082.0,0.20241100453481164,
1660210,long,entry,1227.05,63294.0,1227.05,63294.0,390.64981371058445,0.0,0.012895562528014343,0.012895562528014343,19.07221609831866,48.096086594563374,111.8513641734032,61.92996984445181,-19.150821769367703,61.851364173402835,1.0828906027573644,1611442954939.0,1.0,1.0,1.0,1.0003786085036148,679921.0,0.20248345029135634,1220.15
1660588,long,close,1227.9,-63294.0,1227.05,0.0,0.0,0.03570723397284021,0.012886635719521132,0.04859386969236134,19.08510273403818,48.11698195853109,111.89995804309557,61.965677078424655,-19.150821769367703,61.8999580430952,1.0829281856809787,1611443045453.0,0.6803193013825004,1.0,0.6803193013825004,1.0003786347443746,90514.0,0.20252955213643023,
1660834,long,entry,1225.55,63251.0,1225.55,63251.0,390.1706344963168,0.0,0.012902574354371508,0.012902574354371508,19.09800530839255,48.12253006550347,111.91286061744994,61.965677078424655,-19.150821769367703,61.91286061744957,1.0829310618141896,1611443141365.0,1.0,1.0,1.0,1.000378511040832,95912.0,0.2025595549244942,1219.0
1660900,long,close,1226.4,-63251.0,1225.55,0.0,0.0,0.035770346383619735,0.012893631767775603,0.04866397815139534,19.110898940160325,48.14345557610857,111.96152459560133,62.001447424808276,-19.150821769367703,61.96152459560096,1.0829743822690472,1611443174111.0,0.6815063593352787,1.0,0.6815063593352787,1.000378537484727,32746.0,0.20256760445299918,
1720747,long,entry,1326.3,68489.0,1326.3,68489.0,422.24833498649474,0.0,0.012909786624443942,0.012909786624443942,19.12380872678477,48.149006784357084,111.97443438222578,62.001447424808276,-19.150821769367703,61.974434382225404,1.0787956496737847,1611487844116.0,1.0,1.0,1.0,1.000378413943411,44670005.0,0.2098666973687067,1318.8
1721383,long,reentry,1318.8,126910.0,1321.428813351143,195399.0,763.3408472049737,0.0,0.024057855626326966,0.024057855626326966,19.147866582411098,48.15935166227641,111.9984922378521,62.001447424808276,-19.150821769367703,61.99849223785173,1.0788034918481155,1611488000797.0,0.6798116891097671,1.0,0.6798116891097671,1.0003783372192159,156681.0,0.20994426555248183,1310.4
1721855,long,close,1322.35,-27914.0,1321.428813351143,167485.0,711.4360924908686,0.014715652282428346,0.005277347147124438,0.019992999429552783,19.153143929558222,48.167948652031114,112.01848523728167,62.0161630770907,-19.150821769367703,62.01848523728128,1.0788101455995172,1611488129409.0,0.4201520398002403,1.0,0.4201520398002403,1.0003782435268371,128612.0,0.21000183187754765,1310.4
1722039,long,close,1322.35,-27914.0,1321.428813351143,139571.0,649.5974303263877,0.014715652282428346,0.005277347147124438,0.019992999429552783,19.158421276705347,48.17654564178583,112.03847823671123,62.03087872937313,-19.150821769367703,62.03847823671084,1.0788242094922245,1611488174779.0,0.4614412623081994,1.0,0.4614412623081994,1.0003781499073436,45370.0,0.21002427298731907,1311.6
1722192,long,close,1326.1,-34892.0,1321.428813351143,104679.0,553.1782299826751,0.09301072667788217,0.006577935298997059,0.09958866197687923,19.164999212004343,48.219368766435885,112.13806689868811,62.12388945605101,-19.150821769367703,62.13806689868772,1.078905043227714,1611488279140.0,0.5087738730139234,1.0,0.5087738730139234,1.0003783890637499,104361.0,0.2100429332579442,1312.8
1722193,long,close,1326.15,-104679.0,1321.428813351143,0.0,0.0,0.28201636700128424,0.019733627417712927,0.3017499944189972,19.184732839422058,48.34912126403606,112.4398168931071,62.405905823052294,-19.150821769367703,62.439816893106716,1.0791774817809991,1611488281486.0,1.0,1.0,1.0,1.0003794704414308,2346.0,0.21004305522049732,
1730073,long,entry,1314.85,68187.0,1314.85,68187.0,418.599718479132,0.0,0.012964786857816482,0.012964786857816482,19.197697626279876,48.354696122384915,112.45278167996493,62.405905823052294,-19.150821769367703,62.45278167996453,1.078545560442136,1611495531244.0,1.0,1.0,1.0,1.0003793468096682,7249758.0,0.21100412013896902,1308.0
1730111,long,close,1315.75,-68187.0,1314.85,0.0,0.0,0.03547272102461808,0.012955918677560328,0.04842863970217841,19.210653544957434,48.375520437456856,112.50121031966711,62.44137854407691,-19.150821769367703,62.50121031966671,1.078588555650035,1611495534973.0,0.6814188374906717,1.0,0.6814188374906717,1.000379370808465,3729.0,0.211008754715987,
1730240,long,entry,1314.45,68204.0,1314.45,68204.0,418.4745912722589,0.0,0.012971965460839133,0.012971965460839133,19.223625510418273,48.38109838260502,112.51418228512794,62.44137854407691,-19.150821769367703,62.51418228512755,1.078592816803226,1611495618282.0,1.0,1.0,1.0,1.0003792473393058,83309.0,0.21102448788533765,1306.8
1730506,long,close,1315.35,-68204.0,1314.45,0.0,0.0,0.035503155554805085,0.012963089671950433,0.04846624522675552,19.236588600090222,48.401938868052525,112.5626485303547,62.47688169963172,-19.150821769367703,62.56264853035431,1.0786283564171228,1611495706681.0,0.6807487097404188,1.0,0.6807487097404188,1.0003792714085118,88399.0,0.2110569299244637,
1730716,long,entry,1313.2,68176.0,1313.2,68176.0,418.07514750415436,0.0,0.012978982637831251,0.012978982637831251,19.249567582728055,48.40751983058679,112.57562751299254,62.47688169963172,-19.150821769367703,62.57562751299214,1.078621465283862,1611495916498.0,1.0,1.0,1.0,1.0003791481008517,209817.0,0.21108254206061589,1305.6
1730816,long,close,1314.1,-68176.0,1313.2,0.0,0.0,0.03555615059446162,0.012970093600182635,0.048526244194644255,19.262537676328236,48.42838611559049,112.62415375718719,62.51243785022618,-19.150821769367703,62.62415375718679,1.0786601050981826,1611495969915.0,0.6811020995391653,1.0,0.6811020995391653,1.000379172332958,53417.0,0.21109473831592643,
1730884,long,entry,1312.75,68190.0,1312.75,68190.0,417.93240368562124,0.0,0.01298609788611693,0.01298609788611693,19.275523774214353,48.43397013768152,112.6371398550733,62.51243785022618,-19.150821769367703,62.63713985507291,1.0786671967967911,1611496021020.0,1.0,1.0,1.0,1.0003790491867188,51105.0,0.2111030317695376,1305.6
1731118,long,reentry,1305.6,126356.0,1308.1061347958837,194546.0,755.5976936291603,0.0,0.024195006127450982,0.024195006127450982,19.299718780341802,48.44437399031632,112.66133486120076,62.51243785022618,-19.150821769367703,62.66133486120036,1.0786853599142963,1611496060025.0,0.6798802009225068,1.0,0.6798802009225068,1.0003789725739411,39005.0,0.2111315710069643,1297.2
1731625,long,close,1309.0,-27792.0,1308.1061347958837,166754.0,704.216770068177,0.014508055348514433,0.005307868601986249,0.019815923950500684,19.305026648943787,48.45289483761504,112.68115078515126,62.52694590557469,-19.150821769367703,62.68115078515086,1.0786890121451247,1611496219214.0,0.4201092144058632,1.0,0.4201092144058632,1.00037887788682,159189.0,0.2111934060213888,1297.2
1731691,long,close,1309.0,-27792.0,1308.1061347958837,138962.0,643.0028193319572,0.014508055348514433,0.005307868601986249,0.019815923950500684,19.310334517545773,48.46141568491376,112.70096670910176,62.54145396092321,-19.150821769367703,62.700966709101365,1.0787038861199778,1611496251065.0,0.461752000559348,1.0,0.461752000559348,1.0003787832735362,31851.0,0.21120145554989378,1298.4
1731767,long,close,1309.0,-27792.0,1308.1061347958837,111170.0,568.8344709946955,0.014508055348514433,0.005307868601986249,0.019815923950500684,19.315642386147758,48.46993653221247,112.72078263305227,62.55596201627172,-19.150821769367703,62.72078263305187,1.0787170141690439,1611496302670.0,0.5081067783568259,1.0,0.5081067783568259,1.000378688733992,51605.0,0.2112107247039298,1299.6
1731774,long,close,1309.35,-111170.0,1308.1061347958837,0.0,0.0,0.08073506322501596,0.021226180929468822,0.10196124415448478,19.336868567077225,48.513779867198906,112.82274387720676,62.636697079496734,-19.150821769367703,62.822743877206356,1.078807709954633,1611496305162.0,0.565543060418013,1.0,0.565543060418013,1.000378933482667,2492.0,0.21121157844180155,
1731781,long,entry,1309.5,68141.0,1309.5,68141.0,416.89720381300566,0.0,0.01300897289041619,0.01300897289041619,19.34987753996764,48.51937372554178,112.83575285009718,62.636697079496734,-19.150821769367703,62.835752850096775,1.0788188003424928,1611496310869.0,1.0,1.0,1.0,1.0003788107913292,5707.0,0.21121243217967328,1302.0
1731803,long,close,1310.4,-68141.0,1309.5,0.0,0.0,0.03573893651213472,0.013000038156288156,0.04873897466842288,19.36287757812393,48.54033148464921,112.8844918247656,62.67243601600887,-19.150821769367703,62.8844918247652,1.0788603590641026,1611496332025.0,0.681636346840011,1.0,0.681636346840011,1.0003788355048169,21156.0,0.21121511535584162,
1732350,long,entry,1308.6,68132.0,1308.6,68132.0,416.61305667948113,0.0,0.013016200519639311,0.013016200519639311,19.37589377864357,48.54592845087266,112.89750802528525,62.67243601600887,-19.150821769367703,62.897508025284836,1.0788308208098538,1611496797784.0,1.0,1.0,1.0,1.0003787129735635,465759.0,0.21128182887239033,1300.8
1732415,long,close,1309.5,-68132.0,1308.6,0.0,0.0,0.035783369126156137,0.01300725467735777,0.048790623803513906,19.388901033320927,48.56690841910817,112.94629864908876,62.708219385135024,-19.150821769367703,62.94629864908835,1.078871506886898,1611496828828.0,0.6814884887771551,1.0,0.6814884887771551,1.000378737812323,31044.0,0.2112897564383422,
1740991,long,entry,1306.7,68070.0,1306.7,68070.0,416.00678583333604,0.0,0.013023264712634883,0.013023264712634883,19.401924298033563,48.5725084229346,112.95932191380139,62.708219385135024,-19.150821769367703,62.959321913800984,1.0784098413965624,1611502219229.0,1.0,1.0,1.0,1.0003786154400236,5390401.0,0.21233570729377535,1299.6
1741167,long,close,1307.6,-68070.0,1306.7,0.0,0.0,0.03585481260743055,0.013014301009483024,0.048869113616913575,19.414938599043047,48.59352214178986,113.00819102741829,62.74407419774246,-19.150821769367703,63.0081910274179,1.078449137434351,1611502263989.0,0.6812819108727554,1.0,0.6812819108727554,1.0003786405137807,44760.0,0.21235717270312193,
1761284,long,entry,1339.3,69806.0,1339.3,69806.0,426.3835053043554,0.0,0.013030314343313672,0.013030314343313672,19.427968913386362,48.599125176957486,113.0212213417616,62.74407419774246,-19.150821769367703,63.02122134176121,1.0776166254306037,1611512034571.0,1.0,1.0,1.0,1.000378518299857,9770582.0,0.21481069338394618,1331.25
1761378,long,close,1340.25,-69806.0,1339.3,0.0,0.0,0.0369447450136863,0.01302107815706025,0.049965823170746555,19.44098999154342,48.62061048092091,113.07118716493235,62.78101894275614,-19.150821769367703,63.071187164931956,1.0776596368524611,1611512042128.0,0.6811489958464346,1.0,0.6811489958464346,1.0003785477859808,7557.0,0.2148221578639381,
1761714,long,entry,1338.3,69793.0,1338.3,69793.0,426.0661408377675,0.0,0.013037622356721214,0.013037622356721214,19.45402761390014,48.626216658534304,113.08422478728907,62.78101894275614,-19.150821769367703,63.084224787288676,1.0776655832928717,1611512105771.0,1.0,1.0,1.0,1.0003784257285577,63643.0,0.21486313728178155,1331.25
1761898,long,reentry,1331.25,129326.0,1333.7210883943771,199119.0,770.3532298899157,0.0,0.024286572769953052,0.024286572769953052,19.478314186670094,48.63665988482538,113.10851136005903,62.78101894275614,-19.150821769367703,63.10851136005863,1.077686200672932,1611512112701.0,0.6799382956447059,1.0,0.6799382956447059,1.00037834988344,6930.0,0.21488557839155298,1322.5
1762123,long,close,1334.65,-28445.0,1333.7210883943771,170674.0,717.9653531963675,0.014843896517146554,0.005328175926272805,0.02017207244341936,19.483642362596367,48.64533387597605,113.12868343250244,62.79586283927329,-19.150821769367703,63.12868343250205,1.0777019738298432,1611512134214.0,0.4208523625982666,1.0,0.4208523625982666,1.000378257235356,21513.0,0.2149130199660017,1323.75
1762253,long,close,1334.65,-28445.0,1333.7210883943771,142229.0,655.552647489484,0.014843896517146554,0.005328175926272805,0.02017207244341936,19.48897053852264,48.654007867126715,113.14885550494586,62.81070673579044,-19.150821769367703,63.14885550494547,1.0777181448074944,1611512151035.0,0.4608250576777054,1.0,0.4608250576777054,1.00037816465834,16821.0,0.21492887509790545,1323.75
1762324,long,close,1334.65,-28445.0,1333.7210883943771,113784.0,579.933174521882,0.014843896517146554,0.005328175926272805,0.02017207244341936,19.494298714448913,48.66268185827739,113.16902757738927,62.82555063230759,-19.150821769367703,63.169027577388896,1.0777347069987695,1611512163244.0,0.508728531557641,1.0,0.508728531557641,1.0003780721522995,12209.0,0.21493753443917593,1325.0
1762335,long,close,1334.65,-113784.0,1333.7210883943771,0.0,0.0,0.05937767345076476,0.021313452965196867,0.08069112641596163,19.51561216741411,48.69737904263626,113.24971870380524,62.88492830575835,-19.150821769367703,63.24971870380486,1.0778047023780697,1611512167981.0,0.5653652293173334,1.0,0.5653652293173334,1.0003782270487096,4737.0,0.21493887602726008,
1762415,long,entry,1336.0,69783.0,1336.0,69783.0,425.3336403947143,0.0,0.013058196107784432,0.013058196107784432,19.528670363521893,48.702994066962596,113.26277689991302,62.88492830575835,-19.150821769367703,63.262776899912645,1.0778150798442296,1611512179784.0,1.0,1.0,1.0,1.000378105478139,11803.0,0.21494863303150855,1328.75
1763221,long,reentry,1328.75,129307.0,1331.2911961926768,199090.0,768.9834156588955,0.0,0.024328692380056447,0.024328692380056447,19.55299905590195,48.71345540468602,113.28710559229307,62.88492830575835,-19.150821769367703,63.287105592292704,1.077818405641732,1611512388587.0,0.6798873783437087,1.0,0.6798873783437087,1.0003780300067224,208803.0,0.21504693484931162,1320.0
1763296,long,close,1332.2,-28441.0,1331.2911961926768,170649.0,716.6920366607499,0.014573790116883133,0.005337224140519441,0.019911014257402576,19.558336280042468,48.7220171408167,113.30701660655048,62.899502095875235,-19.150821769367703,63.30701660655011,1.0778345049151088,1611512403247.0,0.42114237219398887,1.0,0.42114237219398887,1.0003779365686902,14660.0,0.21505608204079452,1321.25
1763310,long,close,1332.2,-28441.0,1331.2911961926768,142208.0,654.3935431415232,0.014573790116883133,0.005337224140519441,0.019911014257402576,19.563673504182987,48.73057887694739,113.32692762080788,62.91407588599212,-19.150821769367703,63.32692762080751,1.0778514774745278,1611512407677.0,0.4619227173236609,1.0,0.4619227173236609,1.000377843202682,4430.0,0.215057789516538,1321.25
1763957,long,close,1332.2,-28441.0,1331.2911961926768,113767.0,578.9113558882729,0.014573790116883133,0.005337224140519441,0.019911014257402576,19.569010728323505,48.73914061307807,113.34683863506528,62.928649676109,-19.150821769367703,63.34683863506491,1.0778577441564832,1611512537000.0,0.5057077247967949,1.0,0.5057077247967949,1.0003777499086026,129323.0,0.2151366992883973,1322.5
1763986,long,close,1332.25,-113767.0,1331.2911961926768,0.0,0.0,0.06150172074539936,0.021348658284856444,0.0828503790302558,19.590359386608363,48.77476627606108,113.42968901409553,62.9901513968544,-19.150821769367703,63.42968901409517,1.077929396287266,1611512542813.0,0.5653329159527928,1.0,0.5653329159527928,1.00037791279303,5813.0,0.21514023620243736,
1764188,long,entry,1330.5,69606.0,1330.5,69606.0,423.5819757772131,0.0,0.013078917700112741,0.013078917700112741,19.603438304308476,48.780390210672124,113.44276793179564,62.9901513968544,-19.150821769367703,63.44276793179528,1.0779307128472382,1611512660209.0,1.0,1.0,1.0,1.0003777917035563,117396.0,0.21516487263816467,1322.5
1764268,long,close,1331.45,-69606.0,1330.5,0.0,0.0,0.03732764073786356,0.013069585789928274,0.05039722652779183,19.616507890098404,48.80206101807907,113.49316515832342,63.027479037592265,-19.150821769367703,63.49316515832307,1.0779712255912814,1611512699156.0,0.6812296991441804,1.0,0.6812296991441804,1.0003778223296074,38947.0,0.2151746296424131,
1764313,long,entry,1330.2,69630.0,1330.2,69630.0,423.4896191301061,0.0,0.013086377988272441,0.013086377988272441,19.629594268086677,48.80768816061403,113.5062515363117,63.027479037592265,-19.150821769367703,63.506251536311346,1.0779812466387408,1611512715040.0,1.0,1.0,1.0,1.0003777013939388,15884.0,0.21518011795730285,1322.5
1764357,long,close,1331.15,-69630.0,1330.2,0.0,0.0,0.03735734992708654,0.013077038650790669,0.05043438857787721,19.64267130673747,48.82937494770252,113.55668592488958,63.06483638751935,-19.150821769367703,63.55668592488922,1.0780237908829313,1611512730386.0,0.6813831252077598,1.0,0.6813831252077598,1.0003777320697036,15346.0,0.21518548430963952,
1764497,long,entry,1329.75,69645.0,1329.75,69645.0,423.344667508807,0.0,0.013093626621545404,0.013093626621545404,19.655764933359016,48.83500520714978,113.56977955151112,63.06483638751935,-19.150821769367703,63.56977955151077,1.0780248693995476,1611512850417.0,1.0,1.0,1.0,1.0003776112865839,120031.0,0.21520255906707428,1322.5
1765121,long,reentry,1322.5,129052.0,1325.0411870838514,198697.0,765.3809498451875,0.0,0.02439546313799622,0.02439546313799622,19.680160396497012,48.84549525629912,113.59417501464911,63.06483638751935,-19.150821769367703,63.59417501464877,1.0780309126000605,1611513027009.0,0.6798785076873931,1.0,0.6798785076873931,1.0003775363930278,176592.0,0.21527866370021215,1314.0
1765540,long,reentry,1314.0,368185.0,1317.870030711859,566882.0,1064.2483206320455,0.0,0.07005041856925419,0.07005041856925419,19.750210815066268,48.8756169362839,113.66422543321836,63.06483638751935,-19.150821769367703,63.66422543321802,1.07808731788167,1611513078777.0,0.41749613771818755,1.0,0.41749613771818755,1.0003776463275895,51768.0,0.21532976600996337,1296.0
1765908,long,close,1318.8,-29835.0,1317.870030711859,537047.0,1051.7445996668257,0.015964051794675697,0.00565570973612375,0.021619761530799447,19.755866524802393,48.88491343374214,113.68584519474916,63.080800439314025,-19.150821769367703,63.68584519474882,1.0781018879825122,1611513127696.0,0.18945291650263096,1.0,0.18945291650263096,1.0003775601802476,48919.0,0.2153746482295062,1296.0
1765916,long,close,1319.65,-29835.0,1317.870030711859,507212.0,1038.0821565099097,0.030535652675838867,0.005652066835903459,0.03618771951174233,19.761518591638296,48.90047415313219,113.72203291426091,63.11133609198986,-19.150821769367703,63.722032914260566,1.078133287940912,1611513127855.0,1.0,1.0,1.0,1.0003775329645344,159.0,0.21537562392993104,1297.2
1765921,long,close,1319.65,-29836.0,1317.870030711859,477376.0,1023.1296154622785,0.03053667616009145,0.005652256280074262,0.03618893244016571,19.767170847918372,48.91603539408146,113.75822184670108,63.14187276814995,-19.150821769367703,63.758221846700735,1.0781646288739306,1611513128607.0,1.0,1.0,1.0,1.0003775057322013,752.0,0.21537623374269657,1298.4
1765926,long,close,1319.75,-29836.0,1317.870030711859,447540.0,1006.6918951510913,0.03224980554977018,0.005651827997726843,0.037901633547497024,19.7728226759161,48.93233309650688,113.79612348024857,63.17412257369972,-19.150821769367703,63.796123480248234,1.0781974245805344,1611513129612.0,0.22449055145738003,1.0,0.22449055145738003,1.0003774853881802,1005.0,0.2153768435554621,1299.6
1765945,long,close,1320.8,-31967.0,1317.870030711859,415573.0,987.126856615177,0.05380904781119844,0.006050688976377953,0.05985973678757639,19.778873364892476,48.95807278332554,113.85598321703614,63.22793162151092,-19.150821769367703,63.85598321703581,1.0782490884383074,1611513132494.0,0.23772998512013685,1.0,0.23772998512013685,1.0003775535210888,2882.0,0.2153791608439711,1299.6
1765951,long,close,1320.95,-31967.0,1317.870030711859,383606.0,965.2341930341496,0.05655738301376394,0.006050001892577312,0.06260738490634125,19.784923366785055,48.98499395883527,113.91859060194248,63.28448900452468,-19.150821769367703,63.91859060194216,1.0783033553842791,1611513132507.0,1.0,1.0,1.0,1.0003776325279206,13.0,0.21537989261928975,1300.8
1765952,long,close,1321.1,-31967.0,1317.870030711859,351639.0,940.5741521475845,0.05930509411477404,0.0060493149648020595,0.0653544090795761,19.790972681749857,49.01309635473948,113.98394501102206,63.34379409863946,-19.150821769367703,63.98394501102173,1.0783599604153191,1611513132684.0,1.0,1.0,1.0,1.0003777223731294,177.0,0.21538001458184286,1302.0
1765992,long,close,1321.3,-31967.0,1317.870030711859,319672.0,912.5863786672717,0.06296773845886049,0.006048399303716037,0.06901613776257652,19.797021081053572,49.0427732939774,114.05296114878465,63.406761837098315,-19.150821769367703,64.0529611487843,1.0784191675382682,1611513139100.0,0.2876327093970655,1.0,0.2876327093970655,1.0003778266982344,6416.0,0.21538489308396708,1303.2
1765998,long,close,1321.8,-35519.0,1317.870030711859,284153.0,876.6883697751707,0.08013302862131437,0.006717922529883492,0.08685095115119787,19.803739003583456,49.08011920297242,114.13981209993585,63.48689486571963,-19.150821769367703,64.1398120999355,1.0784942443043326,1611513140023.0,1.0,1.0,1.0,1.000378002337639,923.0,0.2153856248592857,1304.4
1766035,long,close,1320.45,-31572.0,1317.870030711859,252581.0,839.6045346465389,0.04680821581267797,0.0059775076678405085,0.05278572348051848,19.809716511251295,49.102817064069036,114.19259782341636,63.5337030815323,-19.150821769367703,64.19259782341602,1.078539454859184,1611513145140.0,0.33611876129251395,1.0,0.33611876129251395,1.0003780409919103,5117.0,0.2153901374737506,1305.6
1766181,long,close,1318.8,-28064.0,1317.870030711859,224517.0,801.5410867984765,0.015016428676580484,0.005319987867758568,0.020336416544339053,19.815036499119053,49.1115617231831,114.2129342399607,63.54871951020888,-19.150821769367703,64.21293423996036,1.0785531897467198,1611513189668.0,0.3624386554434362,1.0,0.3624386554434362,1.000377949513309,44528.0,0.215407944006504,1305.6
1766207,long,close,1320.95,-32073.0,1317.870030711859,192444.0,750.3897307770086,0.05674492274534522,0.0060700632120822134,0.06281498595742743,19.821106562331135,49.138572167144794,114.27574922591813,63.60546443295423,-19.150821769367703,64.27574922591779,1.0786071723481807,1611513193221.0,0.3925648237668322,1.0,0.3925648237668322,1.000378028167663,3553.0,0.21541111503288476,1306.8
1766209,long,close,1321.3,-32074.0,1317.870030711859,160370.0,688.8257757855506,0.06317850418648892,0.006068644516763794,0.06924714870325271,19.827175206847897,49.1683484410872,114.34499637462139,63.66864293714072,-19.150821769367703,64.34499637462105,1.0786669320380255,1611513193888.0,1.0,1.0,1.0,1.0003781323318623,667.0,0.21541135895799096,1308.0
1766212,long,close,1321.8,-32074.0,1317.870030711859,128296.0,613.3182018343582,0.0723608986739502,0.006066348918141928,0.07842724759209212,19.83324155576604,49.2020721575518,114.42342362221348,63.741003835814666,-19.150821769367703,64.42342362221314,1.0787346226078454,1611513194085.0,1.0,1.0,1.0,1.000378272899701,197.0,0.2154117248456503,1309.2
1766246,long,close,1322.55,-32074.0,1317.870030711859,96222.0,518.5378015823073,0.08612147237961595,0.006062908774715512,0.09218438115433146,19.839304464540756,49.24171144144815,114.5156080033678,63.82712530819428,-19.150821769367703,64.51560800336746,1.0788131877338953,1611513205218.0,0.535540930076215,1.0,0.535540930076215,1.0003784680040164,11133.0,0.21541587157245587,1309.2
1766251,long,close,1322.8,-96222.0,1317.870030711859,0.0,0.0,0.27211458823359974,0.01818528878137285,0.2902998770149726,19.857489753322128,49.366540388564594,114.80590788038278,64.09923989642789,-19.150821769367703,64.80590788038243,1.079063142574754,1611513206527.0,0.6079702112479721,1.0,0.6079702112479721,1.0003794512246673,1309.0,0.2154164813852214,
1766288,long,entry,1323.15,70062.0,1323.15,70062.0,421.2447876572509,0.0,0.01323772814873597,0.01323772814873597,19.870727481470862,49.37223261166855,114.81914560853151,64.09923989642789,-19.150821769367703,64.81914560853117,1.0790739587271385,1611513213116.0,1.0,1.0,1.0,1.0003793307042288,6589.0,0.2154209939996863,1315.2
1766318,long,close,1324.05,-70062.0,1323.15,0.0,0.0,0.03599246352890203,0.013228730032853745,0.04922119356175578,19.883956211503715,49.393397724900105,114.86836680209326,64.13523235995679,-19.150821769367703,64.86836680209292,1.079115765169225,1611513219223.0,0.6814784214311902,1.0,0.6814784214311902,1.0003793532088467,6107.0,0.2154246528762795,
1766361,long,entry,1323.0,70092.0,1323.0,70092.0,421.1963302559299,0.0,0.013244897959183674,0.013244897959183674,19.897201109462898,49.39909303102255,114.88161170005245,64.13523235995679,-19.150821769367703,64.8816117000521,1.079126482834324,1611513226943.0,1.0,1.0,1.0,1.0003792328428311,7720.0,0.21542989726606301,1315.2
1766375,long,close,1323.9,-70092.0,1323.0,0.0,0.0,0.03601603795835919,0.013235893949694084,0.04925193190805328,19.910437003412593,49.42027136174302,114.9308636319605,64.17124839791515,-19.150821769367703,64.93086363196016,1.0791684847202294,1611513230858.0,0.6815391424044079,1.0,0.6815391424044079,1.0003792553872288,3915.0,0.2154316047418065,
1766414,long,entry,1322.85,70122.0,1322.85,70122.0,421.14781360591064,0.0,0.013252069395623086,0.013252069395623086,19.923689072808216,49.42596975158313,114.94411570135613,64.17124839791515,-19.150821769367703,64.94411570135578,1.079178743331737,1611513243846.0,1.0,1.0,1.0,1.0003791351752553,12988.0,0.2154363612813776,1315.2
1766435,long,close,1323.75,-70122.0,1322.85,0.0,0.0,0.03603962215241214,0.013243059490084986,0.04928268164249713,19.936932132298303,49.44716130468941,114.99339838299862,64.20728802006757,-19.150821769367703,64.99339838299828,1.0792207454944849,1611513247809.0,0.6815276666621971,1.0,0.6815276666621971,1.000379157759236,3963.0,0.21543892249499283,
1821280,long,entry,1450.1,76909.0,1450.1,76909.0,461.6591047508527,0.0,0.013259257982208126,0.013259257982208126,19.950191390280512,49.45286278562176,115.00665764098083,64.20728802006757,-19.150821769367703,65.00665764098049,1.0775589300861352,1611532852676.0,1.0,1.0,1.0,1.0003790377009871,19604867.0,0.22212795872006644,1441.8
1821947,long,reentry,1441.8,142512.0,1444.7092233651292,219421.0,834.5680688924936,0.0,0.024710778193924265,0.024710778193924265,19.974902168474436,49.46348842024514,115.03136841917475,64.20728802006757,-19.150821769367703,65.03136841917441,1.0775778181914206,1611532875086.0,0.6797814352841418,1.0,0.6797814352841418,1.0003789630364694,22410.0,0.22220930774298783,1432.35
1822184,long,close,1445.7,-31345.0,1444.7092233651292,188076.0,777.8232792504131,0.014869124708895926,0.005420384588780522,0.020289509297676447,19.980322553063218,49.47221290924314,115.05165792847242,64.22215714477646,-19.150821769367703,65.0516579284721,1.0775936677143372,1611532889363.0,0.4198949926024443,1.0,0.4198949926024443,1.0003788709450432,14277.0,0.22223821286807383,1433.7
1822192,long,close,1445.7,-31346.0,1444.7092233651292,156730.0,710.2158392672593,0.014869599078802096,0.005420557515390468,0.020290156594192563,19.985743110578607,49.48093767657865,115.07194808506662,64.23702674385527,-19.150821769367703,65.07194808506628,1.077610529335539,1611532891501.0,0.4617326187672308,1.0,0.4617326187672308,1.0003787789257284,2138.0,0.22223918856849867,1433.7
1822236,long,close,1445.7,-31346.0,1444.7092233651292,125384.0,628.2993345452727,0.014869599078802096,0.005420557515390468,0.020290156594192563,19.991163668093996,49.489662443914156,115.09223824166082,64.25189634293407,-19.150821769367703,65.09223824166047,1.0776270408783484,1611532897792.0,0.5085011492960143,1.0,0.5085011492960143,1.0003786869758753,6291.0,0.22224455492083534,1435.05
1822238,long,close,1446.25,-125384.0,1444.7092233651292,0.0,0.0,0.09246087246762902,0.021673984442523768,0.1141348569101528,20.01283765253652,49.53874043238552,115.20637309857098,64.3443572154017,-19.150821769367703,65.20637309857062,1.0777228232801166,1611532897848.0,1.0,1.0,1.0,1.0003789651451866,56.0,0.22224479884594153,
1822240,long,entry,1446.25,76847.0,1446.25,76847.0,460.43394465244563,0.0,0.013283837510803803,0.013283837510803803,20.026121490047323,49.54445248251516,115.21965693608178,64.3443572154017,-19.150821769367703,65.21965693608142,1.0777339189989785,1611532898410.0,1.0,1.0,1.0,1.00037884550128,562.0,0.22224504277104776,1437.75
1822263,long,close,1447.25,-76847.0,1446.25,0.0,0.0,0.03671470032352017,0.013274658835722923,0.049989359159243095,20.039396148883046,49.56594790695364,115.26964629524102,64.38107191572522,-19.150821769367703,65.26964629524066,1.0777756531757623,1611532900648.0,0.6815369036848488,1.0,0.6815369036848488,1.0003788704511054,2238.0,0.22224784790976918,
1822308,long,entry,1446.65,76911.0,1446.65,76911.0,460.56347348692907,0.0,0.013291224553278263,0.013291224553278263,20.052687373436324,49.57166313351155,115.2829375197943,64.38107191572522,-19.150821769367703,65.28293751979395,1.0777863143915396,1611532906402.0,1.0,1.0,1.0,1.0003787509589666,5754.0,0.22225333622465893,1439.1
1822469,long,close,1447.65,-76911.0,1446.65,0.0,0.0,0.03672496681733585,0.01328204331157393,0.050007010128909776,20.065969416747897,49.59316614786698,115.33294452992321,64.41779688254255,-19.150821769367703,65.33294452992286,1.0778268966719426,1611532922300.0,0.6812709526042013,1.0,0.6812709526042013,1.0003787758904858,15898.0,0.2222729721957089,
1822608,long,entry,1445.8,76908.0,1445.8,76908.0,460.2927831204496,0.0,0.013298519850601744,0.013298519850601744,20.079267936598498,49.598884511402744,115.34624304977382,64.41779688254255,-19.150821769367703,65.34624304977346,1.0778368297064351,1611532936738.0,1.0,1.0,1.0,1.0003786565494073,14438.0,0.22228992499059058,1437.75
1822750,long,close,1446.8,-76908.0,1445.8,0.0,0.0,0.03676671233232626,0.013289328172518662,0.05005604050484492,20.092557264771017,49.62040860881982,115.39629909027866,64.45456359487487,-19.150821769367703,65.3962990902783,1.077876196153997,1611532967342.0,0.6814582815775435,1.0,0.6814582815775435,1.00037868158574,30604.0,0.22230724367313157,
1822840,long,entry,1445.2,76918.0,1445.2,76918.0,460.100472307241,0.0,0.013305770827567119,0.013305770827567119,20.105863035598585,49.62613009027568,115.40960486110623,64.45456359487487,-19.150821769367703,65.40960486110588,1.0778847966927292,1611532997653.0,1.0,1.0,1.0,1.000378562395133,30311.0,0.22231822030291107,1436.4
1822890,long,close,1446.2,-76918.0,1445.2,0.0,0.0,0.03680202137343806,0.013296570322223759,0.05009859169566182,20.11915960592081,49.64767248470481,115.45970345280189,64.4913656162483,-19.150821769367703,65.45970345280153,1.0779244359539744,1611533025130.0,0.681591368645508,1.0,0.681591368645508,1.0003785875103952,27477.0,0.22232431843056635,
1823939,long,entry,1443.15,76851.0,1443.15,76851.0,459.4474322285296,0.0,0.013313065169940753,0.013313065169940753,20.132472671090753,49.65339710272789,115.47301651797183,64.4913656162483,-19.150821769367703,65.47301651797147,1.0779150268217617,1611533270013.0,1.0,1.0,1.0,1.0003784684700314,244883.0,0.22245225714877406,1435.05
1824319,long,close,1444.15,-76851.0,1443.15,0.0,0.0,0.036874466419528164,0.013303846553335871,0.050178312972864035,20.145776517644087,49.67497377730622,115.5231948309447,64.52824008266784,-19.150821769367703,65.52319483094433,1.0779505464505847,1611533346956.0,0.6802398077540943,1.0,0.6802398077540943,1.0003784938092755,76943.0,0.22249860291895418,
1826018,long,entry,1439.2,76683.0,1439.2,76683.0,458.1907244403554,0.0,0.013320421067259587,0.013320421067259587,20.159096938711347,49.68070155836514,115.53651525201197,64.52824008266784,-19.150821769367703,65.5365152520116,1.077903591177579,1611534039484.0,1.0,1.0,1.0,1.0003783749189161,692528.0,0.22270581729668049,1431.3
1826195,long,close,1440.2,-76683.0,1439.2,0.0,0.0,0.03699603129359729,0.013311172059436188,0.05030720335303348,20.17240811077078,49.702333655806946,115.586822455365,64.56523611396143,-19.150821769367703,65.58682245536463,1.0779433657471207,1611534066368.0,0.6810256365064183,1.0,0.6810256365064183,1.0003784006733174,26884.0,0.22272740466858018,
1826426,long,entry,1438.15,76669.0,1438.15,76669.0,457.85537563524844,0.0,0.013327712686437437,0.013327712686437437,20.185735823457218,49.70806457226211,115.60015016805143,64.56523611396143,-19.150821769367703,65.60015016805106,1.0779489318128292,1611534132723.0,1.0,1.0,1.0,1.0003782819321243,66355.0,0.22275557801834756,1430.0
1826739,long,reentry,1430.0,142067.0,1432.8566507113599,218736.0,827.7081430319372,0.0,0.02483688811188811,0.02483688811188811,20.210572711569107,49.718744434150224,115.62498705616332,64.56523611396143,-19.150821769367703,65.62498705616295,1.0779680947847465,1611534151517.0,0.67981022019284,1.0,0.67981022019284,1.0003782082092632,18794.0,0.2227937522974696,1420.9
1827102,long,close,1433.85,-31248.0,1432.8566507113599,187488.0,771.4265309030756,0.015108374679286348,0.005448268647348049,0.0205566433266344,20.216020980216456,49.72758379078068,115.64554369948995,64.58034448864072,-19.150821769367703,65.64554369948958,1.077982539064869,1611534183908.0,0.4200881783563811,1.0,0.4200881783563811,1.0003781178390765,32391.0,0.2228380247042469,1420.9
1827106,long,close,1433.85,-31248.0,1432.8566507113599,156240.0,704.3732276612394,0.015108374679286348,0.005448268647348049,0.0205566433266344,20.221469248863805,49.73642314741113,115.66610034281658,64.59545286332,-19.150821769367703,65.66610034281621,1.0779996673210255,1611534184270.0,1.0,1.0,1.0,1.0003780275361045,362.0,0.22283851255445933,1422.2
1827142,long,close,1433.85,-31248.0,1432.8566507113599,124992.0,623.1286169832804,0.015108374679286348,0.005448268647348049,0.0205566433266344,20.226917517511154,49.74526250404158,115.6866569861432,64.61056123799929,-19.150821769367703,65.68665698614284,1.0780163667114722,1611534189708.0,0.5083081025714709,1.0,0.5083081025714709,1.0003779373002613,5438.0,0.22284290320637112,1423.5
1827157,long,close,1433.85,-124992.0,1432.8566507113599,0.0,0.0,0.060433498717145394,0.021793074589392197,0.0822265733065376,20.248710592100547,49.78061993056339,115.76888355944975,64.67099473671644,-19.150821769367703,65.76888355944938,1.0780846769835029,1611534193100.0,0.5650213835584933,1.0,0.5650213835584933,1.000378087132361,3392.0,0.2228447326446677,
1827184,long,entry,1435.2,76632.0,1435.2,76632.0,456.91518637697243,0.0,0.01334866220735786,0.01334866220735786,20.262059254307903,49.786359855312554,115.78223222165711,64.67099473671644,-19.150821769367703,65.78223222165674,1.078095462991753,1611534197212.0,1.0,1.0,1.0,1.0003779688527785,4112.0,0.22284802563360157,1427.4
1827212,long,close,1436.2,-76632.0,1435.2,0.0,0.0,0.03717772512841623,0.013339367776075755,0.05051709290449199,20.27539862208398,49.808082205261485,115.8327493145616,64.70817246184485,-19.150821769367703,65.83274931456123,1.0781369050436718,1611534205225.0,0.6815700143724494,1.0,0.6815700143724494,1.000377995096916,8013.0,0.22285144058508852,
1828518,long,entry,1432.6,76536.0,1432.6,76536.0,456.0900203139669,0.0,0.01335613569733352,0.01335613569733352,20.288754757781312,49.81382534361134,115.84610545025893,64.70817246184485,-19.150821769367703,65.84610545025856,1.078114899237672,1611534599495.0,1.0,1.0,1.0,1.000377876965519,394270.0,0.22301072367944436,1424.8
1828528,long,close,1433.6,-76536.0,1432.6,0.0,0.0,0.03726600361979785,0.013346819196428572,0.05061282281622642,20.30210157697774,49.835588857422316,115.89671827307515,64.74543846546464,-19.150821769367703,65.89671827307478,1.0781566834717253,1611534603911.0,0.6816125512642465,1.0,0.6816125512642465,1.0003779034906217,4416.0,0.22301194330497542,
1829750,long,entry,1430.6,76471.0,1430.6,76471.0,455.4518145562979,0.0,0.013363448902558368,0.013363448902558368,20.3154650258803,49.84133514045041,115.9100817219777,64.74543846546464,-19.150821769367703,65.91008172197733,1.0781283913059443,1611535073031.0,1.0,1.0,1.0,1.0003777855062828,469120.0,0.22316098154487038,1422.2
1829855,long,close,1431.6,-76471.0,1430.6,0.0,0.0,0.03733849930863559,0.013354114277731212,0.05069261358636681,20.328819140158032,49.86313296429255,115.96077433556407,64.78277696477328,-19.150821769367703,65.9607743355637,1.0781687885040665,1611535094228.0,0.6810673193821659,1.0,0.6810673193821659,1.0003778122494447,21197.0,0.22317378761294648,
1833404,long,entry,1426.4,76289.0,1426.4,76289.0,454.1161816670789,0.0,0.013370898766124508,0.013370898766124508,20.342190038924155,49.86888245076198,115.9741452343302,64.78277696477328,-19.150821769367703,65.97414523432982,1.0780263215570378,1611536925345.0,1.0,1.0,1.0,1.0003776944122265,1831117.0,0.22360663271391806,1418.3
1833650,long,close,1427.4,-76289.0,1426.4,0.0,0.0,0.037469241323027876,0.013361531455793751,0.05083077277882163,20.355551570379948,49.89073968305688,116.02497600710902,64.8202462060963,-19.150821769367703,66.02497600710865,1.0780616955733031,1611537006669.0,0.6809861737498568,1.0,0.6809861737498568,1.0003777215983007,81324.0,0.223636635501982,
1843290,long,entry,1420.5,76015.0,1420.5,76015.0,452.2357360753815,0.0,0.01337821189721929,0.01337821189721929,20.368929782277167,49.89649231417268,116.03835421900624,64.8202462060963,-19.150821769367703,66.03835421900587,1.0774499707328202,1611544502508.0,1.0,1.0,1.0,1.0003776039070809,7495839.0,0.22481235451391945,1413.1
1843304,long,close,1421.5,-76015.0,1420.5,0.0,0.0,0.03764533773399708,0.01336880056278579,0.05101413829678287,20.382298582839955,49.9184283936403,116.08936835730302,64.85789154383029,-19.150821769367703,66.08936835730265,1.0774919284067945,1611544502567.0,0.6815689789639617,1.0,0.6815689789639617,1.000377631708903,59.0,0.22481406198966294,
1843313,long,entry,1420.45,76055.0,1420.45,76055.0,452.22182664397945,0.0,0.01338572283431307,0.01338572283431307,20.39568430567427,49.92418425445905,116.10275408013733,64.85789154383029,-19.150821769367703,66.10275408013696,1.0775028920627259,1611544503103.0,1.0,1.0,1.0,1.0003775141637574,536.0,0.2248151596526409,1411.8
1843694,long,reentry,1411.8,140929.0,1414.8319090347677,216984.0,817.3956192039323,0.0,0.024955553194503474,0.024955553194503474,20.42063985886877,49.934915142332684,116.12770963333183,64.85789154383029,-19.150821769367703,66.12770963333146,1.0775222675145286,1611544516967.0,0.6796728693862373,1.0,0.6796728693862373,1.0003774413542237,13864.0,0.2248616273853741,1402.7
1845648,long,reentry,1402.7,402071.0,1406.95233646445,619055.0,1136.3262182376177,0.0,0.07166019106009838,0.07166019106009838,20.49230004992887,49.96572902448853,116.19936982439194,64.85789154383029,-19.150821769367703,66.19936982439157,1.0775362834425084,1611545060848.0,0.41724905058002193,1.0,0.41724905058002193,1.0003775486106499,543881.0,0.22509994221414234,1383.2
1846391,long,close,1407.95,-32581.0,1406.95233646445,586474.0,1122.9813768793115,0.016408991566555314,0.0057851841329592665,0.02219417569951458,20.49808523406183,49.97527252003932,116.22156400009145,64.87430053539684,-19.150821769367703,66.22156400009108,1.0775447562973592,1611545179066.0,0.1859544249318593,1.0,0.1859544249318593,1.0003774651363,118218.0,0.22519056039109975,1384.5
1846406,long,close,1408.8,-32581.0,1406.95233646445,553893.0,1108.4017758764232,0.03037096349447866,0.0057816936399772865,0.036152657134455944,20.503866927701807,49.990818162607134,116.2577166572259,64.90467149889132,-19.150821769367703,66.25771665722553,1.0775741553395857,1611545182409.0,0.20262621018971735,1.0,0.20262621018971735,1.0003774354401238,3343.0,0.22519238982939635,1384.5
1846450,long,close,1408.9,-32581.0,1406.95233646445,521312.0,1092.4420222405147,0.0320124408569553,0.005781283270636667,0.037793724127591966,20.509648210972443,50.007069463982,116.2955103813535,64.93668393974828,-19.150821769367703,66.29551038135313,1.0776037446552984,1611545199655.0,0.21317400732844238,1.0,0.21317400732844238,1.0003774120377618,17246.0,0.225197756181733,1385.8
1846470,long,close,1409.95,-34754.0,1406.95233646445,486558.0,1073.625656927817,0.05251756540186159,0.006162275257987872,0.058679840659849464,20.515810486230432,50.032301795465735,116.35419022201334,64.98920150515013,-19.150821769367703,66.35419022201297,1.0776513026412917,1611545206610.0,0.2248060867550011,1.0,0.2248060867550011,1.0003774688541927,6955.0,0.2252001954327951,1387.1
1846517,long,close,1409.0,-32437.0,1406.95233646445,454121.0,1054.209499705651,0.03350494421588499,0.005755322924059617,0.03926026713994461,20.52156580915449,50.04918371033592,116.3934504891533,65.02270644936603,-19.150821769367703,66.39345048915293,1.077682489492519,1611545218761.0,0.23737345011520306,1.0,0.23737345011520306,1.000377450967036,12151.0,0.22520592767279105,1388.4
1846519,long,close,1409.1,-32437.0,1406.95233646445,421684.0,1032.6569391160801,0.03513870276362831,0.0057549144844226815,0.04089361724805099,20.527320723638915,50.06676796575258,116.43434410640135,65.05784515212966,-19.150821769367703,66.43434410640097,1.0777158187838014,1611545221057.0,0.25180305201870046,1.0,0.25180305201870046,1.0003774393099811,2296.0,0.22520617159789727,1388.4
1846537,long,close,1409.15,-32437.0,1406.95233646445,389247.0,1008.5980376255354,0.035955495083032404,0.005754710286342831,0.04171020536937524,20.53307543392526,50.08470335406141,116.47605431177072,65.09380064721269,-19.150821769367703,66.47605431177034,1.0777492823868993,1611545229687.0,0.2671514164246113,1.0,0.2671514164246113,1.0003774307378737,8630.0,0.22520836692385318,1389.7
1846562,long,close,1410.6,-35386.0,1406.95233646445,353861.0,978.8782124978551,0.06503737142784871,0.006271444775272934,0.07130881620312164,20.53934687870053,50.11536614502876,116.54736312797385,65.15883801864054,-19.150821769367703,66.54736312797347,1.077807492412849,1611545232030.0,0.2842761583696172,1.0,0.2842761583696172,1.000377535448135,2343.0,0.2252114159876808,1391.0
1846643,long,close,1407.95,-29488.0,1406.95233646445,324373.0,950.9696543468295,0.01485124285057497,0.005235981391384637,0.020087224241959606,20.544582860091914,50.124003651452796,116.5674503522158,65.1736892614911,-19.150821769367703,66.56745035221543,1.0778201243998087,1611545278109.0,0.30457643329223133,1.0,0.30457643329223133,1.0003774439617206,46079.0,0.22522129495448234,1392.3
1847034,long,close,1407.95,-29488.0,1406.95233646445,294885.0,919.5106117049095,0.01485124285057497,0.005235981391384637,0.020087224241959606,20.549818841483297,50.13264115787683,116.58753757645775,65.18854050434167,-19.150821769367703,66.5875375764574,1.077823411867302,1611545437040.0,0.3226229401333218,1.0,0.3226229401333218,1.0003773525436148,158931.0,0.2252689823127466,1392.3
1847057,long,close,1409.7,-32765.0,1406.95233646445,262120.0,879.419343969334,0.04539077916144294,0.005810633468113783,0.05120141262955673,20.55562947495141,50.15465776530754,116.6387389890873,65.23393128350311,-19.150821769367703,66.63873898908695,1.0778648390057894,1611545442661.0,0.3469152940765585,1.0,0.3469152940765585,1.0003773800770952,5621.0,0.22527178745146806,1393.6
1847083,long,close,1409.95,-32765.0,1406.95233646445,229355.0,832.7252932851248,0.04951194194602046,0.005809603177417639,0.0553215451234381,20.561439078128828,50.178446029710614,116.69406053421073,65.28344322544913,-19.150821769367703,66.69406053421038,1.0779085497701815,1611545461173.0,0.37581138195093056,1.0,0.37581138195093056,1.0003774232264453,18512.0,0.22527495847784879,1394.9
1847096,long,close,1410.2,-32765.0,1406.95233646445,196590.0,777.6572757457665,0.05363164353261664,0.00580857325202099,0.05944021678463763,20.56724765138085,50.20400532292801,116.75350075099537,65.33707486898174,-19.150821769367703,66.75350075099502,1.077956771374335,1611545465619.0,0.409393742129065,1.0,0.409393742129065,1.0003774819429774,4446.0,0.22527654399103916,1394.9
1847140,long,close,1411.15,-39318.0,1406.95233646445,157272.0,696.9379283943151,0.08312783655492427,0.006965595436346243,0.09009343199127051,20.574213246817195,50.24274549868425,116.84359418298664,65.42020270553667,-19.150821769367703,66.84359418298628,1.0780283117636908,1611545490496.0,0.4485482373097671,1.0,0.4485482373097671,1.000377657252379,24877.0,0.2252819103433758,1396.2
1847287,long,close,1411.95,-39318.0,1406.95233646445,117954.0,594.1043902595546,0.09891444755128079,0.006961648783597153,0.10587609633487793,20.581174895600792,50.288272220108254,116.94947027932152,65.51911715308795,-19.150821769367703,66.94947027932116,1.078106937474325,1611545584453.0,0.5054547252834379,1.0,0.5054547252834379,1.0003778921738955,93957.0,0.22529983883868232,1397.5
1847301,long,close,1412.6,-117954.0,1406.95233646445,0.0,0.0,0.3351837083002018,0.02087533625937987,0.35605904455958165,20.602050231860172,50.441377609268876,117.3055293238811,65.85430086138815,-19.150821769367703,67.30552932388075,1.078396962656228,1611545585487.0,0.5791716732710787,1.0,0.5791716732710787,1.000379075781041,1034.0,0.2253015463144258,
1858352,long,entry,1413.6,76481.0,1413.6,76481.0,450.04042928873145,0.0,0.013525926711941144,0.013525926711941144,20.615576158572114,50.447193757755,117.31905525059304,65.85430086138815,-19.150821769367703,67.31905525059268,1.0776208279917752,1611555120388.0,1.0,1.0,1.0,1.0003789585862661,9534901.0,0.22664935448879517,1405.3
1858599,long,close,1414.6,-76481.0,1413.6,0.0,0.0,0.038246647001110134,0.013516365050190868,0.051763012051301,20.629092523622305,50.46945185293707,117.37081826264435,65.89254750838927,-19.150821769367703,67.37081826264398,1.077648147475093,1611555295877.0,0.680833708528966,1.0,0.680833708528966,1.0003789862306722,175489.0,0.22667947923941226,
1858679,long,entry,1412.65,76472.0,1412.65,76472.0,449.7374147279538,0.0,0.01353343007822178,0.01353343007822178,20.642625953700527,50.47527122787071,117.38435169272257,65.89254750838927,-19.150821769367703,67.3843516927222,1.0776507619628608,1611555397101.0,1.0,1.0,1.0,1.0003788691795958,101224.0,0.2266892362436607,1405.3
1859327,long,close,1413.65,-76472.0,1412.65,0.0,0.0,0.03829358066911236,0.013523856683054504,0.051817437352166866,20.65614981038358,50.49755272593214,117.43616913007475,65.93084108905839,-19.150821769367703,67.43616913007438,1.0776558872773325,1611555844258.0,0.6800957323128685,1.0,0.6800957323128685,1.0003788969359442,447157.0,0.2267682679780731,
1864193,long,entry,1406.6,76187.0,1406.6,76187.0,447.8117665893675,0.0,0.013540985354756152,0.013540985354756152,20.669690795738337,50.50337534963468,117.4497101154295,65.93084108905839,-19.150821769367703,67.44971011542913,1.0773414888752353,1611559841663.0,1.0,1.0,1.0,1.0003787800283668,3997405.0,0.22736173776148466,1398.8
1864444,long,close,1407.6,-76187.0,1406.6,0.0,0.0,0.03847964011013661,0.013531365444728619,0.05201100555486523,20.683222161183064,50.525740082023276,117.50172112098437,65.96932072916853,-19.150821769367703,67.50172112098399,1.077376861054156,1611559918600.0,0.6807842844285793,1.0,0.6807842844285793,1.0003788084212353,76937.0,0.22739235036231414,
1868938,long,entry,1403.1,76040.0,1403.1,76040.0,446.6981085173217,0.0,0.013548571021309958,0.013548571021309958,20.696770732204374,50.531565967562436,117.51526969200567,65.96932072916853,-19.150821769367703,67.51526969200529,1.077043193145768,1611564186716.0,1.0,1.0,1.0,1.0003786916565842,4268116.0,0.22794045007597047,1394.9
1869382,long,reentry,1394.9,140902.0,1397.7741691327637,216942.0,807.4855267487237,0.0,0.025253064735823356,0.025253064735823356,20.7220237969402,50.54242478539884,117.5405227567415,65.96932072916853,-19.150821769367703,67.54052275674111,1.077053885186143,1611564303775.0,0.6797518668549867,1.0,0.6797518668549867,1.0003786191086266,117059.0,0.22799460144954933,1385.8
1869848,long,reentry,1385.8,401993.0,1389.9970484784349,618935.0,1122.5934780674895,0.0,0.07252002453456487,0.07252002453456487,20.794543821474765,50.57360839594871,117.61304278127606,65.96932072916853,-19.150821769367703,67.61304278127568,1.07710875772328,1611564338838.0,0.41727247835121334,1.0,0.41727247835121334,1.000378724611694,35063.0,0.22805143599929653,1366.3
1870071,long,close,1390.95,-32575.0,1389.9970484784349,586360.0,1109.4092784516045,0.01605572183104841,0.005854811459793666,0.021910533290842076,20.80039863293456,50.58302992526377,117.63495331456691,65.98537645099958,-19.150821769367703,67.63495331456652,1.0771252296735387,1611564350669.0,0.18887754474892376,1.0,0.18887754474892376,1.000378639456952,11831.0,0.22807863364863906,1367.6
1870119,long,close,1390.95,-30861.0,1389.9970484784349,555499.0,1095.8242827335823,0.015210917311680274,0.00554674862504044,0.020757665936720716,20.8059453815596,50.59195572161656,117.65571098050363,66.00058736831126,-19.150821769367703,67.65571098050324,1.0771415127504138,1611564353413.0,0.20056978673997158,1.0,0.20056978673997158,1.0003785500268043,2744.0,0.22808448785118812,1368.9
1870162,long,close,1390.95,-30861.0,1389.9970484784349,524638.0,1081.0294577141572,0.015210917311680274,0.00554674862504044,0.020757665936720716,20.81149213018464,50.60088151796935,117.67646864644034,66.01579828562294,-19.150821769367703,67.67646864643997,1.077157675430363,1611564357619.0,0.21030210591029275,1.0,0.21030210591029275,1.0003784606619706,4206.0,0.22808973224097165,1368.9
1870183,long,close,1390.95,-30861.0,1389.9970484784349,493777.0,1064.8556572688617,0.015210917311680274,0.00554674862504044,0.020757665936720716,20.81703887880968,50.60980731432213,117.69722631237705,66.03100920293461,-19.150821769367703,67.6972263123767,1.0771739013825106,1611564361004.0,0.22191711396397076,1.0,0.22191711396397076,1.0003783713623688,3385.0,0.22809229345458687,1370.2
1870193,long,close,1390.95,-30861.0,1389.9970484784349,462916.0,1047.1006629199844,0.015210917311680274,0.00554674862504044,0.020757665936720716,20.82258562743472,50.61873311067492,117.71798397831377,66.04622012024629,-19.150821769367703,67.71798397831343,1.0771901955608096,1611564363507.0,0.2341922637404806,1.0,0.2341922637404806,1.0003782821279177,2503.0,0.22809351308011794,1371.5
1870227,long,close,1392.1,-33065.0,1389.9970484784349,429851.0,1025.9970155798649,0.03593465475497871,0.005937971410099849,0.04187262616507856,20.828523598844818,50.636738339925905,117.75985660447886,66.08215477500127,-19.150821769367703,67.7598566044785,1.0772228926333116,1611564370585.0,0.24731289730080555,1.0,0.24731289730080555,1.0003782721590433,7078.0,0.2280976598069235,1371.5
1870240,long,close,1393.4,-35820.0,1389.9970484784349,394031.0,1000.2768271451622,0.06293491636923412,0.00642672599397158,0.0693616423632057,20.83495032483879,50.66656384614208,117.82921824684206,66.1450896913705,-19.150821769367703,67.8292182468417,1.0772779125060945,1611564371362.0,0.26327719414076417,1.0,0.26327719414076417,1.000378365148843,777.0,0.22809924532011389,1372.8
1870282,long,close,1393.6,-35821.0,1389.9970484784349,358210.0,971.0546455517347,0.06662605647552672,0.006425983065442021,0.07305203954096874,20.84137630790423,50.6979762231447,117.90227028638303,66.21171574784603,-19.150821769367703,67.90227028638267,1.0773353123259568,1611564378569.0,0.2814103253267513,1.0,0.2814103253267513,1.000378471716145,7207.0,0.22810436774734433,1374.1
1870289,long,close,1393.85,-35821.0,1389.9970484784349,322389.0,937.5648409267071,0.07123629650525774,0.006424830505434589,0.07766112701069233,20.847801138409665,50.7313705077593,117.97993141339373,66.28295204435129,-19.150821769367703,67.97993141339336,1.0773967358451622,1611564380791.0,0.3033041716517903,1.0,0.3033041716517903,1.000378595252188,2222.0,0.22810522148521606,1375.4
1870293,long,close,1394.15,-35821.0,1389.9970484784349,286568.0,898.8011925732914,0.076766402022261,0.006423447979055337,0.08318985000131633,20.85422458638872,50.76714214325987,118.06312126339505,66.35971844637355,-19.150821769367703,68.06312126339468,1.0774626802921818,1611564380825.0,1.0,1.0,1.0,1.0003787391350194,34.0,0.22810570933542848,1376.7
1870307,long,close,1394.95,-40938.0,1389.9970484784349,245630.0,846.2661711236858,0.10457266586178961,0.007336822108319295,0.1119094879701089,20.86156140849704,50.815263223087015,118.17503075136516,66.46429111223534,-19.150821769367703,68.17503075136479,1.0775512516601884,1611564381763.0,0.3555825828476133,1.0,0.3555825828476133,1.0003789897859205,938.0,0.22810741681117197,1376.7
1870316,long,close,1395.5,-40938.0,1389.9970484784349,204692.0,782.2198218627572,0.1161391356850103,0.00733393049086349,0.1234730661758738,20.8688953389879,50.86835664154264,118.29850381754102,66.58043024792035,-19.150821769367703,68.29850381754066,1.0776488720347848,1611564382970.0,0.3932705971295628,1.0,0.3932705971295628,1.0003792828818812,1207.0,0.22810851447414993,1378.0
1870346,long,close,1393.6,-34115.0,1389.9970484784349,170577.0,717.1957702487041,0.06345294426907663,0.006119941159586683,0.06957288542866331,20.875015280147487,50.89827298227696,118.36807670296967,66.64388319218942,-19.150821769367703,68.36807670296933,1.0777036770898476,1611564385619.0,0.4386250740184031,1.0,0.4386250740184031,1.000379374786948,2649.0,0.22811217335074307,1379.3
1870404,long,close,1397.3,-42644.0,1389.9970484784349,127933.0,614.716767980778,0.1603440375864931,0.00762971444929507,0.16797375203578818,20.88264499459678,50.97050169565235,118.53605045500547,66.80422722977592,-19.150821769367703,68.53605045500512,1.0778354177475236,1611564397623.0,0.48560461162007956,1.0,0.48560461162007956,1.000379831964855,12004.0,0.2281192471788232,1380.6
1870413,long,close,1397.35,-127933.0,1389.9970484784349,0.0,0.0,0.48431197719859626,0.022888503238272444,0.5072004804368687,20.905533497835055,51.188597902240204,119.04325093544234,67.28853920697452,-19.150821769367703,69.04325093544199,1.078234810853665,1611564401286.0,0.5600681543113305,1.0,0.5600681543113305,1.0003815432505985,3663.0,0.22812034484180116,
1870592,long,entry,1396.7,76686.0,1396.7,76686.0,444.6598076628521,0.0,0.013726283382258179,0.013726283382258179,20.919259781217313,51.194500204094574,119.0569772188246,67.28853920697452,-19.150821769367703,69.05697721882424,1.078241834579605,1611564447485.0,1.0,1.0,1.0,1.0003814262072324,46199.0,0.22814217613880705,1388.4
1871015,long,close,1397.65,-76686.0,1396.7,0.0,0.0,0.037319698674622384,0.013716953457589524,0.05103665213221191,20.932976734674902,51.21644596451143,119.10801387095681,67.32585890564914,-19.150821769367703,69.10801387095646,1.0782711728515793,1611564579589.0,0.6803308356126154,1.0,0.6803308356126154,1.0003814469659573,132104.0,0.2281937662987707,
1871657,long,entry,1394.1,76585.0,1394.1,76585.0,443.83250597667904,0.0,0.013733770891614663,0.013733770891614663,20.946710505566518,51.22235148599482,119.12174764184843,67.32585890564914,-19.150821769367703,69.12174764184807,1.0782551916635068,1611564907572.0,1.0,1.0,1.0,1.0003813300677669,327983.0,0.22827206625786445,1385.8
1872634,long,close,1395.05,-76585.0,1394.1,0.0,0.0,0.03740964796110413,0.013724418479624387,0.051134066440728515,20.960434924046144,51.244339134564335,119.17288170828915,67.36326855361024,-19.150821769367703,69.1728817082888,1.0782653170489584,1611565275593.0,0.6797745267123528,1.0,0.6797745267123528,1.0003813511071225,368021.0,0.22839122367224857,
1872736,long,entry,1390.9,76451.0,1390.9,76451.0,442.81445253862347,0.0,0.01374128262276224,0.01374128262276224,20.974176206668908,51.250247886092126,119.18662299091191,67.36326855361024,-19.150821769367703,69.18662299091156,1.0782729057185572,1611565314778.0,1.0,1.0,1.0,1.0003812343537104,39185.0,0.22840366385266533,1383.2
1872830,long,close,1391.85,-76451.0,1390.9,0.0,0.0,0.037516164792533176,0.013731903581564106,0.05124806837409728,20.987908110250473,51.27228455549298,119.23787105928601,67.40078471840278,-19.150821769367703,69.23787105928565,1.078311914533592,1611565329549.0,0.6808429474657656,1.0,0.6808429474657656,1.0003812557336107,14771.0,0.22841512833265726,
1873987,long,entry,1388.55,76363.0,1388.55,76363.0,442.06448484594847,0.0,0.013748694681502286,0.013748694681502286,21.001656804931976,51.27819649420603,119.2516197539675,67.40078471840278,-19.150821769367703,69.25161975396715,1.0782611431700166,1611566084103.0,1.0,1.0,1.0,1.0003811391240927,754554.0,0.22855623900660038,1380.6
1874637,long,close,1389.5,-76363.0,1388.55,0.0,0.0,0.037599884699330476,0.013739294710327457,0.05133917940965793,21.015396099642302,51.30027234135218,119.30295893337717,67.43838460310211,-19.150821769367703,69.3029589333768,1.0782914569896087,1611566205732.0,0.6798374181814604,1.0,0.6798374181814604,1.0003811607590787,121629.0,0.22863551466611898,
1896018,long,entry,1414.05,77808.0,1414.05,77808.0,450.18350271139644,0.0,0.013756232099289277,0.013756232099289277,21.029152331741592,51.306187521154875,119.31671516547645,67.43838460310211,-19.150821769367703,69.31671516547608,1.0773751522031738,1611577709966.0,1.0,1.0,1.0,1.0003810442934462,11504234.0,0.23124319601406862,1406.6
1896059,long,close,1415.05,-77808.0,1414.05,0.0,0.0,0.038885501146358144,0.013746510724002686,0.05263201187036083,21.042898842465593,51.328819286259126,119.36934717734681,67.47727010424846,-19.150821769367703,69.36934717734644,1.0774153755435725,1611577716128.0,0.681477692920086,1.0,0.681477692920086,1.0003810705919187,6162.0,0.23124819647874595,
1896545,long,entry,1412.9,77788.0,1412.9,77788.0,449.8174481662316,0.0,0.013763889871894683,0.013763889871894683,21.05666273233749,51.33473775890404,119.3831110672187,67.47727010424846,-19.150821769367703,69.38311106721834,1.0774151401080196,1611577852682.0,1.0,1.0,1.0,1.0003809542677071,136554.0,0.23130747027955526,1405.3
1896668,long,close,1413.9,-77788.0,1412.9,0.0,0.0,0.03893879304588524,0.013754155173633213,0.05269294821951845,21.070416887511122,51.35739572663844,119.43580401543822,67.51620889729435,-19.150821769367703,69.43580401543785,1.0774534755073895,1611577882782.0,0.6812743937035134,1.0,0.6812743937035134,1.0003809806985096,30100.0,0.23132247167358722,
1896876,long,entry,1412.0,77782.0,1412.0,77782.0,449.5319980759441,0.0,0.013771600566572237,0.013771600566572237,21.084188488077693,51.36331751488206,119.4495756160048,67.51620889729435,-19.150821769367703,69.44957561600442,1.0774581018647718,1611577958268.0,1.0,1.0,1.0,1.0003808645155163,75486.0,0.23134783988463317,1404.0
1896998,long,close,1413.0,-77782.0,1412.0,0.0,0.0,0.03898542269376507,0.013761854210898797,0.05274727690466387,21.09795034228859,51.385998843951064,119.50232289290946,67.55519431998812,-19.150821769367703,69.50232289290909,1.077496131691221,1611577992395.0,0.6812507990669048,1.0,0.6812507990669048,1.0003808910538825,34127.0,0.23136271931611205,
1904474,long,entry,1404.45,77409.0,1404.45,77409.0,447.1275974515502,0.0,0.013779237423902595,0.013779237423902595,21.111729579712495,51.391923916043346,119.51610213033337,67.55519431998812,-19.150821769367703,69.516102130333,1.077126624259774,1611582782630.0,1.0,1.0,1.0,1.000380775011456,4790235.0,0.2322745113631291,1396.2
1904895,long,close,1405.45,-77409.0,1404.45,0.0,0.0,0.03921658521868627,0.013769433277597923,0.05298601849628419,21.125499012990094,51.41470790399675,119.56908814882965,67.5944109052068,-19.150821769367703,69.56908814882928,1.0771602064082355,1611582872792.0,0.6808966618244717,1.0,0.6808966618244717,1.0003808023306435,90162.0,0.23232585759798655,
1905569,long,entry,1401.85,77309.0,1401.85,77309.0,446.3003909075527,0.0,0.013786960088454545,0.013786960088454545,21.139285973078547,51.420636296834786,119.5828751089181,67.5944109052068,-19.150821769367703,69.58287510891773,1.0771363341625981,1611583309135.0,1.0,1.0,1.0,1.0003806864283455,436343.0,0.23240806035877967,1393.6
1905609,long,close,1402.85,-77309.0,1401.85,0.0,0.0,0.039311287987890416,0.013777132266457569,0.053088420254347984,21.153063105345005,51.44346431754415,119.63596352917244,67.63372219319469,-19.150821769367703,69.63596352917209,1.0771767910402612,1611583312727.0,0.6813278179881809,1.0,0.6813278179881809,1.0003807140279315,3592.0,0.23241293886090392,
1917068,long,entry,1409.35,77766.0,1409.35,77766.0,448.6878150018559,0.0,0.013794657111434351,0.013794657111434351,21.166857762456438,51.449396020102064,119.64975818628388,67.63372219319469,-19.150821769367703,69.64975818628352,1.0767857824807348,1611588423175.0,1.0,1.0,1.0,1.0003805982651945,5110448.0,0.23381050775694034,1401.4
1917151,long,close,1410.35,-77766.0,1409.35,0.0,0.0,0.03912406739159727,0.013784876094586451,0.05290894348618372,21.180642638551024,51.47214686580113,119.70266712977006,67.67284626058628,-19.150821769367703,69.70266712976971,1.0768257130212187,1611588428709.0,0.6813862488891491,1.0,0.6813862488891491,1.0003806251171292,5534.0,0.2338206306488481,
1917222,long,entry,1408.95,77787.0,1408.95,77787.0,448.55937499469593,0.0,0.013802299584797189,0.013802299584797189,21.19444493813582,51.47808185462259,119.71646942935486,67.67284626058628,-19.150821769367703,69.7164694293545,1.0768355483894212,1611588437548.0,1.0,1.0,1.0,1.0003805094938485,8839.0,0.2338292899901186,1401.4
1917229,long,close,1409.95,-77787.0,1408.95,0.0,0.0,0.039156848355750014,0.013792510372708252,0.05294935872845827,21.20823744850853,51.50085007887582,119.76941878808331,67.71200310894203,-19.150821769367703,69.76941878808296,1.0768756931663765,1611588440464.0,0.6816018065057525,1.0,0.6816018065057525,1.0003805364007639,2916.0,0.23383014372799032,
1917278,long,entry,1408.8,77822.0,1408.8,77822.0,448.51125631592276,0.0,0.013809980124929018,0.013809980124929018,21.22204742863346,51.506788370329545,119.78322876820825,67.71200310894203,-19.150821769367703,69.78322876820789,1.076884597964396,1611588461190.0,1.0,1.0,1.0,1.0003804209167302,20726.0,0.2338361198930925,1401.4
1917369,long,close,1409.8,-77822.0,1408.8,0.0,0.0,0.039182806426244284,0.013800184423322459,0.052982990849566744,21.23584761305678,51.52957105639486,119.8362117590578,67.75118591536827,-19.150821769367703,69.83621175905746,1.0769232649716196,1611588483025.0,0.6812513280392845,1.0,0.6812513280392845,1.0003804478536833,21835.0,0.2338472184854251,
1917737,long,entry,1407.75,77807.0,1407.75,77807.0,448.17552199734365,0.0,0.01381761676434026,0.01381761676434026,21.24966522982112,51.535512631603524,119.85002937582215,67.75118591536827,-19.150821769367703,69.8500293758218,1.0769273258053127,1611588565589.0,1.0,1.0,1.0,1.0003803325084044,82564.0,0.23389210070496794,1400.1
1917948,long,close,1408.75,-77807.0,1407.75,0.0,0.0,0.03923369445065311,0.013807808340727595,0.05304150279138071,21.263473038161848,51.55832047780382,119.90307087861353,67.79041960981893,-19.150821769367703,69.90307087861319,1.0769637649479111,1611588616098.0,0.6810252147629311,1.0,0.6810252147629311,1.0003803595654386,50509.0,0.23391783480367323,
1918118,long,entry,1406.75,77796.0,1406.75,77796.0,447.86069759432314,0.0,0.013825484272258753,0.013825484272258753,21.27729852243411,51.56426543604089,119.9168963628858,67.79041960981893,-19.150821769367703,69.91689636288545,1.0769705148056907,1611588664295.0,1.0,1.0,1.0,1.00038024435937,48197.0,0.23393856843770117,1398.8
1918456,long,reentry,1398.8,144155.0,1401.5865528877996,221951.0,809.6426774983038,0.0,0.025764047755218757,0.025764047755218757,21.303062570189326,51.57534397657563,119.94266041064101,67.79041960981893,-19.150821769367703,69.94266041064067,1.0769868963031393,1611588705517.0,0.6798021751667097,1.0,0.6798021751667097,1.000380172504965,41222.0,0.23397979178065084,1389.7
1918731,long,close,1402.55,-31707.0,1401.5865528877996,190244.0,754.590243471157,0.015539776106679821,0.005651670172186375,0.021191446278866197,21.30871424036151,51.584456298475544,119.96385185691987,67.8059593859256,-19.150821769367703,69.96385185691953,1.0769980254323552,1611588769293.0,0.4206077876783285,1.0,0.4206077876783285,1.0003800841361474,63776.0,0.23401333148275485,1391.0
1918872,long,close,1405.75,-38048.0,1401.5865528877996,152196.0,674.164600557219,0.08040015219588512,0.006766494753690201,0.08716664694957532,21.3154807351152,51.62193795666386,120.05101850386944,67.88635953812148,-19.150821769367703,70.0510185038691,1.0770616903554329,1611588802962.0,0.4620828033424886,1.0,0.4620828033424886,1.0003802345109267,33669.0,0.23403052820274275,1391.0
1918896,long,close,1406.55,-38049.0,1401.5865528877996,114147.0,572.4266291467261,0.09579692054253382,0.006762823930894743,0.10255974447342855,21.322243559046097,51.66603864678744,120.15357824834288,67.98215645866402,-19.150821769367703,70.15357824834253,1.0771393199394987,1611588807118.0,0.520406487474412,1.0,0.520406487474412,1.0003804401311323,4156.0,0.23403345530401728,1392.3
1918900,long,close,1406.65,-114147.0,1401.5865528877996,0.0,0.0,0.2931600636693943,0.02028702946717378,0.31344709313656804,21.34253058851327,51.80082089683616,120.46702534147944,68.27531652233341,-19.150821769367703,70.4670253414791,1.077377179666398,1611588807298.0,1.0,1.0,1.0,1.0003814053537556,180.0,0.2340339431542297,
1919000,long,entry,1403.8,77998.0,1403.8,77998.0,446.9215224533153,0.0,0.013890511468870211,0.013890511468870211,21.35642109998214,51.80679381676777,120.48091585294831,68.27531652233341,-19.150821769367703,70.48091585294797,1.0773848429357802,1611588843668.0,1.0,1.0,1.0,1.000381289993882,36370.0,0.23404613940954025,1396.2
1919526,long,close,1404.8,-77998.0,1403.8,0.0,0.0,0.03955157024165272,0.013880623576309797,0.05343219381796252,21.37030172355845,51.8297696601095,120.53434804676628,68.31486809257507,-19.150821769367703,70.53434804676594,1.0774146120213695,1611588979676.0,0.6802564675705132,1.0,0.6802564675705132,1.0003813169431917,136008.0,0.23411029171247377,
1920127,long,entry,1400.85,77877.0,1400.85,77877.0,445.9800161948586,0.0,0.013898168968840349,0.013898168968840349,21.38419989252729,51.835745872766104,120.54824621573512,68.31486809257507,-19.150821769367703,70.54824621573478,1.0774000714413587,1611589297874.0,1.0,1.0,1.0,1.0003812017211615,318198.0,0.2341835912068902,1392.3
1920358,long,reentry,1392.3,144306.0,1395.2968465184103,222183.0,806.1119736527057,0.0,0.025911441499676793,0.025911441499676793,21.410111334026965,51.84688779261096,120.57415765723479,68.31486809257507,-19.150821769367703,70.57415765723445,1.0774165468427612,1611589337750.0,0.6796695879368946,1.0,0.6796695879368946,1.00038112974329,39876.0,0.23421176455665757,1383.2
1921097,long,close,1396.25,-31740.0,1395.2968465184103,190443.0,751.3085227141394,0.015528873857847528,0.005683079677708147,0.021211953535555675,21.415794413704674,51.85600893263125,120.59536961077035,68.33039696643291,-19.150821769367703,70.59536961077,1.0774226942293406,1611589463523.0,0.41922768468825233,1.0,0.41922768468825233,1.0003810409392047,125773.0,0.23430189488340258,1384.5
1921228,long,close,1396.25,-31740.0,1395.2968465184103,158703.0,686.0147616571777,0.015528873857847528,0.005683079677708147,0.021211953535555675,21.421477493382383,51.86513007265154,120.6165815643059,68.34592584029076,-19.150821769367703,70.61658156430556,1.0774363771906548,1611589493575.0,0.4610412319123821,1.0,0.4610412319123821,1.0003809521985607,30052.0,0.23431787197785942,1384.5
1921302,long,close,1396.25,-31740.0,1395.2968465184103,126963.0,606.8998675259231,0.015528873857847528,0.005683079677708147,0.021211953535555675,21.427160573060092,51.87425121267183,120.63779351784146,68.3614547141486,-19.150821769367703,70.63779351784112,1.077449760530217,1611589527386.0,0.5078803718384665,1.0,0.5078803718384665,1.0003808635212803,33811.0,0.2343268972067892,1385.8
1921303,long,close,1396.55,-126963.0,1395.2968465184103,0.0,0.0,0.08165040419468386,0.022727972503669758,0.10437837669835362,21.449888545563763,51.91913391465212,120.74217189453982,68.4431051183433,-19.150821769367703,70.74217189453947,1.077528656058169,1611589527751.0,1.0,1.0,1.0,1.0003810727868432,365.0,0.23432701916934232,
1922246,long,entry,1394.4,77652.0,1394.4,77652.0,443.92623977364724,0.0,0.013922117039586918,0.013922117039586918,21.46381066260335,51.92512042497914,120.7560940115794,68.4431051183433,-19.150821769367703,70.75609401157905,1.0775005228081518,1611590018034.0,1.0,1.0,1.0,1.0003809579688863,490283.0,0.23444202985692086,1387.1
1922410,long,close,1395.35,-77652.0,1394.4,0.0,0.0,0.037914533809017464,0.013912638406134664,0.05182717221515213,21.477723301009487,51.94740610903166,120.80792118379456,68.48101965215231,-19.150821769367703,70.8079211837942,1.0775362155248471,1611590061769.0,0.6808696741499966,1.0,0.6808696741499966,1.0003809787934737,43735.0,0.23446203171563015,
1926629,long,entry,1391.1,77511.0,1391.1,77511.0,442.87795389010796,0.0,0.01392980375242614,0.01392980375242614,21.491653104761912,51.95339592464521,120.821850987547,68.48101965215231,-19.150821769367703,70.82185098754664,1.077373764147057,1611592260327.0,1.0,1.0,1.0,1.0003808641155807,2198558.0,0.23497659172718247,1383.2
1927259,long,close,1392.05,-77511.0,1391.1,0.0,0.0,0.03802539726246749,0.01392029740311052,0.05194569466557801,21.505573402165023,51.97573257335141,120.87379668221257,68.51904504941479,-19.150821769367703,70.87379668221222,1.0774022440356952,1611592395801.0,0.6802209798981134,1.0,0.6802209798981134,1.000380885285098,135474.0,0.23505342813563895,
1931579,long,entry,1385.5,77241.0,1385.5,77241.0,441.0948391743077,0.0,0.013937387224828582,0.013937387224828582,21.51951078938985,51.981725649858085,120.8877340694374,68.51904504941479,-19.150821769367703,70.88773406943704,1.0771187897575647,1611596153229.0,1.0,1.0,1.0,1.0003807707463972,3757428.0,0.2355803063650549,1378.0
1932207,long,close,1386.45,-77241.0,1385.5,0.0,0.0,0.03819977024367869,0.013927837282267663,0.05212760752594635,21.53343862667212,52.004140521094236,120.93986167696335,68.55724481965846,-19.150821769367703,70.93986167696299,1.0771467216977841,1611596296169.0,0.6805396783093914,1.0,0.6805396783093914,1.0003807924855082,142940.0,0.23565689884840518,
1932761,long,entry,1382.5,77116.0,1382.5,77116.0,440.14022843039794,0.0,0.01394502712477396,0.01394502712477396,21.547383653796892,52.01013688275789,120.95380670408812,68.55724481965846,-19.150821769367703,70.95380670408777,1.0771314705809116,1611596625928.0,1.0,1.0,1.0,1.0003806780855777,329759.0,0.23572446610282566,1375.0
1933076,long,reentry,1375.0,142895.0,1377.6288231042995,220011.0,795.751824794324,0.0,0.025980909090909093,0.025980909090909093,21.5733645628878,52.02130867366698,120.97978761317903,68.55724481965846,-19.150821769367703,70.97978761317867,1.0771489421995948,1611596651423.0,0.6798863751915358,1.0,0.6798863751915358,1.000380606642178,25495.0,0.2357628843070539,1366.25
1933491,long,reentry,1366.25,407680.0,1370.2383736583765,627691.0,1106.523778680745,0.0,0.07459835315645014,0.07459835315645014,21.64796291604425,52.05338596552425,121.05438596633547,68.55724481965846,-19.150821769367703,71.05438596633512,1.0772043222073626,1611596657421.0,0.41752236226305756,1.0,0.41752236226305756,1.0003807082279947,5998.0,0.2358134987665927,1347.5
1933669,long,close,1371.2,-33036.0,1370.2383736583765,594655.0,1093.5226736057941,0.01690818061671373,0.006023191365227538,0.02293137198194127,21.653986107409477,52.06324645547649,121.07731733831741,68.57415300027517,-19.150821769367703,71.07731733831706,1.0772210941710827,1611596662409.0,0.1887060791254895,1.0,0.1887060791254895,1.0003806259146635,4988.0,0.2358352081010455,1347.5
1933674,long,close,1371.2,-31297.0,1370.2383736583765,563358.0,1080.1268028637332,0.016018141686683907,0.005706133313885648,0.021724275000569556,21.659692240723363,52.07258789372673,121.09904161331798,68.59017114196186,-19.150821769367703,71.09904161331762,1.0772373242991864,1611596662726.0,1.0,1.0,1.0,1.0003805393678553,317.0,0.235835817913811,1348.75
1933794,long,close,1371.2,-31297.0,1370.2383736583765,532061.0,1065.5381295296556,0.016018141686683907,0.005706133313885648,0.021724275000569556,21.66539837403725,52.08192933197697,121.12076588831854,68.60618928364855,-19.150821769367703,71.12076588831819,1.0772531975424016,1611596667582.0,0.20991383010479606,1.0,0.20991383010479606,1.0003804528816307,4856.0,0.23585045342018368,1350.0
1933797,long,close,1371.2,-31297.0,1370.2383736583765,500764.0,1049.589914892689,0.016018141686683907,0.005706133313885648,0.021724275000569556,21.671104507351135,52.09127077022722,121.14249016331911,68.62220742533523,-19.150821769367703,71.14249016331875,1.0772694415108306,1611596667652.0,0.22186575416828735,1.0,0.22186575416828735,1.000380366455916,70.0,0.235850819307843,1351.25
1933800,long,close,1371.2,-31297.0,1370.2383736583765,469467.0,1032.082824117106,0.016018141686683907,0.005706133313885648,0.021724275000569556,21.67681064066502,52.10061220847746,121.16421443831968,68.63822556702192,-19.150821769367703,71.16421443831932,1.077285679295088,1611596667767.0,1.0,1.0,1.0,1.0003802800906387,115.0,0.23585118519550233,1351.25
1933809,long,close,1371.2,-31297.0,1370.2383736583765,438170.0,1012.7765515851753,0.016018141686683907,0.005706133313885648,0.021724275000569556,21.682516773978907,52.1099536467277,121.18593871332024,68.6542437087086,-19.150821769367703,71.18593871331989,1.0773018515483572,1611596668687.0,0.24709452573890722,1.0,0.24709452573890722,1.000380193785726,920.0,0.23585228285848026,1352.5
1933849,long,close,1371.2,-31297.0,1370.2383736583765,406873.0,991.3787244220783,0.016018141686683907,0.005706133313885648,0.021724275000569556,21.688222907292793,52.11929508497794,121.2076629883208,68.67026185039529,-19.150821769367703,71.20766298832045,1.0773179800215582,1611596670133.0,0.2603421204417197,1.0,0.2603421204417197,1.0003801075411045,1446.0,0.23585716136060447,1353.75
1933857,long,close,1371.2,-31297.0,1370.2383736583765,375576.0,967.529993054597,0.016018141686683907,0.005706133313885648,0.021724275000569556,21.69392904060668,52.12863652322819,121.22938726332137,68.68627999208198,-19.150821769367703,71.22938726332102,1.0773341460116377,1611596671064.0,0.2769464485288612,1.0,0.2769464485288612,1.0003800213567022,931.0,0.23585813706102932,1353.75
1934144,long,close,1371.2,-31298.0,1370.2383736583765,344278.0,940.7827808516024,0.016018653497454485,0.005706315635939324,0.021724969133393807,21.69963535624262,52.137978259955545,121.25111223245476,68.70229864557943,-19.150821769367703,71.2511122324544,1.0773489372247078,1611596689562.0,0.2923532689306294,1.0,0.2923532689306294,1.0003799352349019,18498.0,0.23589314031377062,1355.0
1934160,long,close,1371.2,-31298.0,1370.2383736583765,312980.0,910.5755228906779,0.016018653497454485,0.005706315635939324,0.021724969133393807,21.70534167187856,52.1473199966829,121.27283720158815,68.71831729907689,-19.150821769367703,71.27283720158779,1.0773650692861847,1611596690861.0,0.31367296673237105,1.0,0.31367296673237105,1.0003798491731726,1299.0,0.2358950917146203,1356.25
1934176,long,close,1371.2,-31298.0,1370.2383736583765,281682.0,876.1903977276214,0.016018653497454485,0.005706315635939324,0.021724969133393807,21.7110479875145,52.15666173341026,121.29456217072153,68.73433595257434,-19.150821769367703,71.29456217072118,1.0773811611202553,1611596692640.0,0.33580690551028275,1.0,0.33580690551028275,1.0003797631714422,1779.0,0.23589704311547,1356.25
1934191,long,close,1371.2,-31298.0,1370.2383736583765,250384.0,836.6962737202022,0.016018653497454485,0.005706315635939324,0.021724969133393807,21.71675430315044,52.16600347013762,121.31628713985492,68.7503546060718,-19.150821769367703,71.31628713985457,1.0773972221640458,1611596694778.0,0.3609114531527196,1.0,0.3609114531527196,1.000379677229638,2138.0,0.23589887255376657,1357.5
1934210,long,close,1371.2,-31298.0,1370.2383736583765,219086.0,790.8631152383862,0.016018653497454485,0.005706315635939324,0.021724969133393807,21.722460618786382,52.175345206864975,121.33801210898831,68.76637325956925,-19.150821769367703,71.33801210898795,1.0774133496037832,1611596696032.0,0.3897182540334047,1.0,0.3897182540334047,1.0003795913476885,1254.0,0.2359011898422756,1358.75
1934240,long,close,1371.2,-31298.0,1370.2383736583765,187788.0,737.031577764484,0.016018653497454485,0.005706315635939324,0.021724969133393807,21.728166934422322,52.184686943592325,121.3597370781217,68.7823919130667,-19.150821769367703,71.35973707812134,1.0774294048054884,1611596698175.0,0.423001411565034,1.0,0.423001411565034,1.0003795055255214,2143.0,0.23590484871886874,1360.0
1934317,long,close,1371.2,-31298.0,1370.2383736583765,156490.0,672.907805322645,0.016018653497454485,0.005706315635939324,0.021724969133393807,21.733873250058263,52.19402868031968,121.38146204725508,68.79841056656416,-19.150821769367703,71.38146204725473,1.0774451850227207,1611596703798.0,0.46170641413636865,1.0,0.46170641413636865,1.000379419763065,5623.0,0.23591423983545787,1360.0
1934634,long,close,1375.1,-39122.0,1370.2383736583765,117368.0,572.9478799172394,0.1009420725210801,0.007112573631008655,0.10805464615208876,21.74098582368927,52.240492178165084,121.48951669340717,68.89935263908524,-19.150821769367703,71.48951669340681,1.0775228152033378,1611596742166.0,0.509148876415023,1.0,0.509148876415023,1.0003796380858916,38368.0,0.23595290196479235,1361.25
1934636,long,close,1375.15,-117368.0,1370.2383736583765,0.0,0.0,0.3059347607684689,0.02133730865723739,0.3272720694257063,21.76232313234651,52.381219168018134,121.81678876283287,69.2052873998537,-19.150821769367703,71.81678876283252,1.0777666125988226,1611596742382.0,0.5834015269997531,1.0,0.5834015269997531,1.0003806259150199,216.0,0.23595314588989855,
1934684,long,entry,1374.8,77242.0,1374.8,77242.0,437.68669634346026,0.0,0.014046043060808845,0.014046043060808845,21.776369175407318,52.38725896653428,121.83083480589369,69.2052873998537,-19.150821769367703,71.83083480589333,1.0777756168160795,1611596760791.0,1.0,1.0,1.0,1.0003805125632754,18409.0,0.2359590000924476,1367.5
1934984,long,reentry,1367.5,143129.0,1370.0587150759402,220371.0,791.3515955969283,0.0,0.02616617915904936,0.02616617915904936,21.802535354566366,52.398510423572674,121.85700098505274,69.2052873998537,-19.150821769367703,71.85700098505238,1.077792242632332,1611596796919.0,0.6799248993795312,1.0,0.6799248993795312,1.0003804417897473,36128.0,0.2359955888583793,1358.75
1935280,long,reentry,1358.75,408347.0,1362.7138007023818,628718.0,1100.427827084425,0.0,0.07513284268629256,0.07513284268629256,21.87766819725266,52.43081754592778,121.93213382773902,69.2052873998537,-19.150821769367703,71.93213382773867,1.0778476232176533,1611596803122.0,0.41756708942597465,1.0,0.41756708942597465,1.000380542556296,6203.0,0.23603168977409852,1340.0
1935358,long,close,1363.65,-33090.0,1362.7138007023818,595628.0,1087.4982450198665,0.016670840912042757,0.006066439335606644,0.0227372802476494,21.883734636588265,52.44059457643427,121.95487110798668,69.22195824076574,-19.150821769367703,71.95487110798632,1.0778642854051224,1611596806158.0,0.1899684747262238,1.0,0.1899684747262238,1.000380459754891,3036.0,0.23604120285324076,1340.0
1935362,long,close,1363.65,-31348.0,1362.7138007023818,564280.0,1074.1761436689258,0.015793216104887167,0.005747075862574708,0.021540291967461874,21.88948171245084,52.449856901980276,121.97641139995413,69.23775145687063,-19.150821769367703,71.97641139995379,1.0778802835764014,1611596806290.0,0.20139655221599667,1.0,0.20139655221599667,1.0003803728229466,132.0,0.23604169070345318,1341.25
1935383,long,close,1363.65,-31348.0,1362.7138007023818,532932.0,1059.66782046985,0.015793216104887167,0.005747075862574708,0.021540291967461874,21.895228788313418,52.45911922752628,121.99795169192159,69.25354467297551,-19.150821769367703,71.99795169192126,1.0778961614230773,1611596807918.0,0.21178739090921206,1.0,0.21178739090921206,1.0003802859518225,1628.0,0.2360442519170684,1342.5
1935416,long,close,1363.65,-31348.0,1362.7138007023818,501584.0,1043.8074583909115,0.015793216104887167,0.005747075862574708,0.021540291967461874,21.900975864175994,52.468381553072284,122.01949198388904,69.26933788908039,-19.150821769367703,72.01949198388873,1.0779120654366652,1611596809180.0,0.2220623129098484,1.0,0.2220623129098484,1.0003801991414454,1262.0,0.23604827668132086,1343.75
1935454,long,close,1363.65,-31349.0,1362.7138007023818,470235.0,1026.3962422773084,0.015793719907876348,0.005747259194074726,0.021540979101951074,21.906723123370067,52.47764417408613,122.041032962991,69.28513160898827,-19.150821769367703,72.04103296299068,1.0779279099370165,1611596811171.0,0.23257915789367978,1.0,0.23257915789367978,1.0003801123941414,1991.0,0.23605291125833888,1343.75
1935458,long,close,1363.65,-31349.0,1362.7138007023818,438886.0,1007.1956554963349,0.015793719907876348,0.005747259194074726,0.021540979101951074,21.91247038256414,52.48690679509997,122.06257394209295,69.30092532889614,-19.150821769367703,72.06257394209264,1.0779438853391126,1611596811466.0,0.24681985523587718,1.0,0.24681985523587718,1.0003800257074362,295.0,0.2360533991085513,1345.0
1935613,long,close,1363.65,-31349.0,1362.7138007023818,407537.0,985.9149123411227,0.015793719907876348,0.005747259194074726,0.021540979101951074,21.918217641758215,52.49616941611381,122.08411492119491,69.31671904880402,-19.150821769367703,72.0841149211946,1.0779589235490437,1611596823627.0,0.25952385274493833,1.0,0.25952385274493833,1.0003799390812567,12161.0,0.23607230330428267,1346.25
1935618,long,close,1363.65,-31349.0,1362.7138007023818,376188.0,962.1966122587962,0.015793719907876348,0.005747259194074726,0.021540979101951074,21.92396490095229,52.505432037127655,122.10565590029687,69.3325127687119,-19.150821769367703,72.10565590029655,1.077974909003384,1611596823726.0,0.2769234232921726,1.0,0.2769234232921726,1.0003798525155305,99.0,0.2360729131170482,1346.25
1935636,long,close,1363.65,-31349.0,1362.7138007023818,344839.0,935.5965053567676,0.015793719907876348,0.005747259194074726,0.021540979101951074,21.929712160146362,52.514694658141494,122.12719687939882,69.34830648861977,-19.150821769367703,72.12719687939851,1.07799085144863,1611596824338.0,0.29444794701463156,1.0,0.29444794701463156,1.0003797660101852,612.0,0.23607510844300408,1347.5
1935667,long,close,1365.2,-34483.0,1362.7138007023818,310356.0,902.2618581672482,0.046082926136257335,0.006314642543217111,0.05239756867947445,21.93602680268958,52.537225612673666,122.17959444807829,69.39438941475602,-19.150821769367703,72.17959444807799,1.0780293542402184,1611596829197.0,0.3140033688772463,1.0,0.3140033688772463,1.000379786950996,4859.0,0.23607888928215037,1348.75
1935674,long,close,1365.4,-34484.0,1362.7138007023818,275872.0,863.780543506066,0.04978417503597576,0.006313900688442947,0.0560980757244187,21.942340703378022,52.561347785235164,122.23569252380271,69.444173589792,-19.150821769367703,72.23569252380241,1.078070953044598,1611596829402.0,0.33897808845214245,1.0,0.33897808845214245,1.000379820661402,205.0,0.2360797430200221,1350.0
1935707,long,close,1367.55,-39410.0,1362.7138007023818,236462.0,811.7171671631266,0.10227341471286784,0.007204489780995211,0.10947790449386305,21.949545193159018,52.60842328416752,122.34517042829657,69.54644700450487,-19.150821769367703,72.34517042829627,1.0781519204866499,1611596831880.0,0.36756439924874357,1.0,0.36756439924874357,1.0003800396321292,2478.0,0.2360837677842746,1350.0
1935716,long,close,1368.1,-39410.0,1362.7138007023818,197052.0,748.5190890063919,0.11385873560914192,0.0072015934507711436,0.12106032905991307,21.956746786609788,52.66047922566329,122.46623075735648,69.66030574011401,-19.150821769367703,72.46623075735619,1.0782415224014446,1611596832770.0,0.40644424908549837,1.0,0.40644424908549837,1.0003802982370098,890.0,0.23608486544725255,1351.25
1935756,long,close,1366.75,-39410.0,1362.7138007023818,157642.0,670.3253457907533,0.08540539400741227,0.007208706786171575,0.09261410079358386,21.96395549339596,52.70030328900453,122.55884485815007,69.74571113412142,-19.150821769367703,72.55884485814977,1.0783097677746905,1611596836577.0,0.45187530096192735,1.0,0.45187530096192735,1.0003804577079973,3807.0,0.23608974394937676,1352.5
1936414,long,reentry,1352.5,292110.0,1356.0800262596383,449752.0,1009.2228563925789,0.0,0.05399445471349353,0.05399445471349353,22.017949948109454,52.72352090453133,122.61283931286356,69.74571113412142,-19.150821769367703,72.61283931286326,1.0783473443946279,1611596866442.0,0.5043438732691857,1.0,0.5043438732691857,1.0003804831956633,29865.0,0.2361699953093202,1337.5
1936784,long,close,1357.05,-29983.0,1356.0800262596383,419769.0,989.7360757254376,0.015803522281324485,0.005523562138462106,0.02132708441978659,22.023473510247914,52.73269155083184,122.63416639728335,69.76151465640275,-19.150821769367703,72.63416639728304,1.0783616746073195,1611596884641.0,0.2529808612934279,1.0,0.2529808612934279,1.0003803956305575,18199.0,0.23621512145396925,1338.75
1936792,long,close,1358.2,-32289.0,1356.0800262596383,387480.0,966.3627468613674,0.037165162072026366,0.005943344131939332,0.043108506203965696,22.029416854379853,52.75122820849955,122.67727490348732,69.79867981847478,-19.150821769367703,72.677274903487,1.078393524604515,1611596884895.0,1.0,1.0,1.0,1.0003803833954419,254.0,0.2362160971543941,1340.0
1936796,long,close,1358.3,-32290.0,1356.0800262596383,355190.0,940.1192786773245,0.03891659747284888,0.005943090627990872,0.044859688100839755,22.035359945007844,52.77051787438291,122.72213459158816,69.83759641594763,-19.150821769367703,72.72213459158785,1.0784266489134786,1611596885268.0,0.28826164841733204,1.0,0.28826164841733204,1.000380377164545,373.0,0.23621658500460652,1341.25
1936801,long,close,1358.45,-32290.0,1356.0800262596383,322900.0,910.4425135722305,0.04154154088393969,0.005942434392138099,0.04748397527607778,22.041302379399983,52.79093598375162,122.76961856686424,69.87913795683157,-19.150821769367703,72.76961856686393,1.0784616975101464,1611596885680.0,0.3074372693820587,1.0,0.3074372693820587,1.0003803799357043,412.0,0.23621719481737205,1341.25
1936814,long,close,1358.75,-35877.0,1356.0800262596383,287023.0,872.5543926197873,0.05198741631231994,0.006601103955841766,0.058588520268161706,22.047903483355825,52.81612904746693,122.8282070871324,69.93112537314389,-19.150821769367703,72.82820708713209,1.078504843843197,1611596887216.0,0.3294229111201072,1.0,0.3294229111201072,1.0003804209169402,1536.0,0.23621878033056243,1342.5
1936817,long,close,1358.95,-35877.0,1356.0800262596383,251146.0,828.2290364602694,0.05587341886184049,0.006600132455204385,0.06247355131704487,22.05450361581103,52.84299267453326,122.89068063844944,69.98699879200572,-19.150821769367703,72.89068063844913,1.0785509358147332,1611596887524.0,0.3577783883856863,1.0,0.3577783883856863,1.0003804751455003,308.0,0.23621914621822174,1343.75
1936852,long,close,1359.25,-35878.0,1356.0800262596383,215268.0,775.6720139550273,0.06170199826006535,0.006598859665256575,0.06830085792532192,22.061102475476286,52.87236204344115,122.95898149637476,70.04870079026578,-19.150821769367703,72.95898149637445,1.0786010887160782,1611596890552.0,0.390402946704251,1.0,0.390402946704251,1.0003805492660067,3028.0,0.23622341490758045,1345.0
1936919,long,close,1357.05,-30752.0,1356.0800262596383,184516.0,722.3094796785133,0.016208848920898196,0.005665229726244427,0.021874078647142622,22.06676770520253,52.881767897259415,122.9808555750219,70.06490963918668,-19.150821769367703,72.9808555750216,1.078616887411375,1611596894767.0,0.4279704911836082,1.0,0.4279704911836082,1.0003804636056424,4215.0,0.2362315863986385,1345.0
1936986,long,close,1360.1,-36903.0,1356.0800262596383,147613.0,644.5214329174072,0.08043197436767179,0.006783140945518713,0.0872151153131905,22.07355084614805,52.91927039684409,123.06807069033509,70.14534161355435,-19.150821769367703,73.06807069033478,1.0786805740814922,1611596902486.0,0.4679903662970367,1.0,0.4679903662970367,1.0003806024559938,7719.0,0.2362397578896966,1346.25
1936993,long,close,1360.9,-36903.0,1356.0800262596383,110710.0,546.398480569465,0.09638175100494471,0.0067791535013593945,0.10316090450630411,22.080329999649408,52.963629585781796,123.17123159484139,70.24172336455929,-19.150821769367703,73.17123159484109,1.0787565190326915,1611596903205.0,1.0,1.0,1.0,1.0003807956720339,719.0,0.23624061162756832,1347.5
1936994,long,close,1361.0,-110710.0,1356.0800262596383,0.0,0.0,0.2951251297868616,0.020336149889786923,0.31546127967664855,22.100666149539194,53.09927793604276,123.48669287451804,70.53684849434616,-19.150821769367703,73.48669287451774,1.0789885656074947,1611596903245.0,1.0,1.0,1.0,1.000381715044375,40.0,0.23624073359012143,
1937004,long,entry,1361.7,77555.0,1361.7,77555.0,433.51706890455273,0.0,0.014238635529118015,0.014238635529118015,22.114904785068312,53.10540054932028,123.50093151004717,70.53684849434616,-19.150821769367703,73.50093151004687,1.0789989524005597,1611596904174.0,1.0,1.0,1.0,1.0003816026201178,929.0,0.23624195321565247,1353.75
1937061,long,close,1362.65,-77555.0,1361.7,0.0,0.0,0.03970705244241311,0.014228708766007412,0.05393576120842052,22.12913349383432,53.128592926639904,123.55486727125559,70.57655554678857,-19.150821769367703,73.55486727125529,1.0790380596472369,1611596910542.0,0.6812140091885045,1.0,0.6812140091885045,1.000381625867431,6368.0,0.2362489050811795,
1937077,long,entry,1363.5,77700.0,1363.5,77700.0,434.0886175082875,0.0,0.014246424642464247,0.014246424642464247,22.143379918476786,53.13471888923616,123.56911369589805,70.57655554678857,-19.150821769367703,73.56911369589776,1.0790484000866913,1611596912055.0,1.0,1.0,1.0,1.0003815135753271,1513.0,0.23625085648202918,1356.25
1937180,long,close,1364.45,-77700.0,1363.5,0.0,0.0,0.03967636310701424,0.014236505551687494,0.053912868658701735,22.157616424028472,53.15790142275941,123.62302656455677,70.61623190989559,-19.150821769367703,73.62302656455645,1.0790874547533758,1611596918612.0,0.681157135768271,1.0,0.681157135768271,1.000381536660961,6557.0,0.23626341862499906,
1937255,long,entry,1363.8,77760.0,1363.8,77760.0,434.18424785942494,0.0,0.014254289485261768,0.014254289485261768,22.171870713513734,53.164030767238074,123.63728085404203,70.61623190989559,-19.150821769367703,73.63728085404172,1.0790972658752425,1611596926750.0,1.0,1.0,1.0,1.000381424501065,8138.0,0.23627256581648198,1356.25
1937332,long,close,1364.75,-77760.0,1363.8,0.0,0.0,0.03968954024106786,0.014244367100201502,0.05393390734126936,22.186115080613934,53.18722234739482,123.6912147613833,70.65592145013666,-19.150821769367703,73.691214761383,1.0791360566231478,1611596936538.0,0.6813677409023411,1.0,0.6813677409023411,1.0003814475751263,9788.0,0.2362819569330711,
1937448,long,entry,1363.3,77775.0,1363.3,77775.0,434.0275038065488,0.0,0.01426226802611311,0.01426226802611311,22.200377348640046,53.193355122646054,123.70547702940942,70.65592145013666,-19.150821769367703,73.70547702940911,1.0791445057476738,1611596961702.0,1.0,1.0,1.0,1.0003813355475402,25164.0,0.23629610458923134,1355.0
1937540,long,close,1364.25,-77775.0,1363.3,0.0,0.0,0.039726310059907184,0.014252336448598132,0.05397864650850531,22.214629685088646,53.216565940644706,123.75945567591792,70.69564776019656,-19.150821769367703,73.75945567591762,1.0791831170193529,1611596973869.0,0.6812839596074689,1.0,0.6812839596074689,1.0003813586905832,12167.0,0.23630732514411706,
1948867,long,entry,1366.15,77980.0,1366.15,77980.0,434.9325817936219,0.0,0.014270028913369688,0.014270028913369688,22.228899714002015,53.222702053077455,123.77372570483129,70.69564776019656,-19.150821769367703,73.773725704831,1.0788159668735013,1611601714107.0,1.0,1.0,1.0,1.0003812467942392,4740238.0,0.23768879498314355,1358.75
1948954,long,close,1367.1,-77980.0,1366.15,0.0,0.0,0.039665064641059955,0.014260112647209422,0.05392517728826938,22.243159826649226,53.245889879311406,123.82765088211956,70.73531282483762,-19.150821769367703,73.82765088211926,1.0788547659018073,1611601720802.0,0.681204587118946,1.0,0.681204587118946,1.0003812696724255,6695.0,0.23769940572526374,
1949309,long,entry,1365.15,77966.0,1365.15,77966.0,434.6147649441154,0.0,0.014277918177489654,0.014277918177489654,22.257437744826717,53.252029384127724,123.84192880029704,70.73531282483762,-19.150821769367703,73.84192880029674,1.0788557847718867,1611601839204.0,1.0,1.0,1.0,1.0003811579076127,118402.0,0.23774270243161622,1357.5
1949328,long,close,1366.1,-77966.0,1365.15,0.0,0.0,0.03971604499996064,0.014267989166239663,0.053984034166200304,22.271705733992956,53.2752425188192,123.89591283446325,70.77502886983758,-19.150821769367703,73.89591283446295,1.0788945396936,1611601846678.0,0.6816009048028459,1.0,0.6816009048028459,1.0003811809027383,7474.0,0.2377450197201252,
1949414,long,entry,1364.9,77995.0,1364.9,77995.0,434.5363490434504,0.0,0.014285845116858377,0.014285845116858377,22.285991579109815,53.281385432219444,123.9101986795801,70.77502886983758,-19.150821769367703,73.9101986795798,1.0789018646916673,1611601885551.0,1.0,1.0,1.0,1.0003810692692334,38873.0,0.2377555084996923,1357.5
1949584,long,close,1365.85,-77995.0,1364.9,0.0,0.0,0.03974536841091997,0.014275908774755647,0.05402127718567561,22.30026748788457,53.30461458140928,123.96421995676577,70.8147742382485,-19.150821769367703,73.96421995676548,1.0789383413183034,1611601921784.0,0.6809337329881413,1.0,0.6809337329881413,1.0003810923075962,36233.0,0.23777624213372023,
1949620,long,entry,1364.3,78003.0,1364.3,78003.0,434.3426577179721,0.0,0.01429359378435828,0.01429359378435828,22.31456108166893,53.310760826736555,123.97851355055013,70.8147742382485,-19.150821769367703,73.97851355054983,1.0789472323929201,1611601940908.0,1.0,1.0,1.0,1.0003809808044843,19124.0,0.23778063278563202,1356.25
1949737,long,close,1365.25,-78003.0,1364.3,0.0,0.0,0.03978440313536704,0.014283647683574437,0.05406805081894148,22.328844729352504,53.3340100885887,124.03258160136907,70.85455864138387,-19.150821769367703,74.03258160136878,1.0789848684308572,1611601962676.0,0.6809353869698288,1.0,0.6809353869698288,1.0003810039180747,21768.0,0.2377949024043454,
1949977,long,entry,1363.45,77998.0,1363.45,77998.0,434.07438791254896,0.0,0.014301587883677434,0.014301587883677434,22.343146317236183,53.34015977137868,124.04688318925275,70.85455864138387,-19.150821769367703,74.04688318925245,1.0789898783242189,1611602030646.0,1.0,1.0,1.0,1.0003808925458597,67970.0,0.23782417341709072,1356.25
1949991,long,close,1364.4,-77998.0,1363.45,0.0,0.0,0.0398314526223817,0.01429163002052184,0.05412308264290354,22.357437947256706,53.36343269691513,124.10100627189566,70.89439009400625,-19.150821769367703,74.10100627189536,1.0790286761608496,1611602037993.0,0.6815885656243911,1.0,0.6815885656243911,1.0003809157622099,7347.0,0.23782588089283418,
1952571,long,entry,1360.3,77861.0,1360.3,77861.0,433.0725767942177,0.0,0.014309527310152174,0.014309527310152174,22.37174747456686,53.369585793658494,124.1153157992058,70.89439009400625,-19.150821769367703,74.1153157992055,1.0789075618587711,1611603695365.0,1.0,1.0,1.0,1.0003808045203653,1657372.0,0.2381405442798465,1352.5
1953092,long,close,1361.25,-77861.0,1360.3,0.0,0.0,0.03994578789978794,0.014299540863177227,0.05424532876296517,22.386047015430037,53.392911285026564,124.16956112796876,70.93433588190604,-19.150821769367703,74.16956112796846,1.0789381060490133,1611603806879.0,0.6806367192992754,1.0,0.6806367192992754,1.0003808280656898,111514.0,0.23820408677001448,
1953915,long,entry,1357.25,77729.0,1357.25,77729.0,432.10026350143136,0.0,0.014317369681340947,0.014317369681340947,22.400364385111377,53.39906775398954,124.1838784976501,70.93433588190604,-19.150821769367703,74.1838784976498,1.078921541589723,1611604147085.0,1.0,1.0,1.0,1.0003807169534271,340206.0,0.23830446195122035,1350.0
1953965,long,close,1358.2,-77729.0,1357.25,0.0,0.0,0.040057432476146404,0.014307355323221912,0.05436478779936832,22.4146717404346,53.42244461274327,124.23824328544947,70.97439331438218,-19.150821769367703,74.23824328544917,1.0789598394432722,1611604161380.0,0.681494664429712,1.0,0.681494664429712,1.000380740817063,14295.0,0.23831056007887563,
1954137,long,entry,1356.7,77740.0,1356.7,77740.0,431.92332827849657,0.0,0.014325200855015848,0.014325200855015848,22.428996941289615,53.42860444911093,124.25256848630448,70.97439331438218,-19.150821769367703,74.25256848630418,1.0789601913657885,1611604288018.0,1.0,1.0,1.0,1.0003806298338915,126638.0,0.23833153763800977,1348.75
1954628,long,close,1357.65,-77740.0,1356.7,0.0,0.0,0.04009557930914601,0.014315176960188561,0.054410756269334566,22.443312118249803,53.45200107430674,124.30697924257382,71.01448889369134,-19.150821769367703,74.30697924257352,1.0789932892713205,1611604368003.0,0.6805537103183962,1.0,0.6805537103183962,1.0003806537674504,79985.0,0.2383914212515846,
1954693,long,entry,1355.05,77689.0,1355.05,77689.0,431.4002821383581,0.0,0.014333234935980222,0.014333234935980222,22.457645353185782,53.45816436532921,124.32131247750979,71.01448889369134,-19.150821769367703,74.3213124775095,1.0790024344779678,1611604383650.0,1.0,1.0,1.0,1.0003805429137327,15647.0,0.23839934881753647,1347.5
1954865,long,close,1356.0,-77689.0,1355.05,0.0,0.0,0.04016688256395975,0.014323193215339232,0.05449007577929898,22.471968546401122,53.48159509791431,124.37580255328909,71.0546557762553,-19.150821769367703,74.37580255328879,1.07903619113066,1611604455714.0,0.6810820713104472,1.0,0.6810820713104472,1.00038056702888,72064.0,0.2384203263766706,
1956307,long,entry,1352.85,77606.0,1352.85,77606.0,430.70060418433275,0.0,0.014341205602986289,0.014341205602986289,22.486309752004107,53.48776181632359,124.39014375889208,71.0546557762553,-19.150821769367703,74.39014375889178,1.0789900332523035,1611605169151.0,1.0,1.0,1.0,1.000380456304023,713437.0,0.2385961963782488,1345.0
1957150,long,reentry,1345.0,143803.0,1347.7515010681589,221409.0,778.5776709248041,0.0,0.02672918215613383,0.02672918215613383,22.513038934160242,53.49925536465073,124.41687294104821,71.0546557762553,-19.150821769367703,74.41687294104791,1.078996258380915,1611605334715.0,0.6797645978033884,1.0,0.6797645978033884,1.0003803872226011,165564.0,0.23869901081051678,1336.25
1957792,long,reentry,1336.25,410270.0,1340.2813764586126,631679.0,1082.4300847929662,0.0,0.0767577174929841,0.0767577174929841,22.589796651653227,53.532261183172714,124.49363065854119,71.0546557762553,-19.150821769367703,74.4936306585409,1.0790491569872682,1611605367586.0,0.4173195098601975,1.0,0.4173195098601975,1.0003804858567127,32871.0,0.23877731076961053,1317.5
1958720,long,close,1341.2,-33246.0,1340.2813764586126,598433.0,1069.7169733514716,0.016989767807958436,0.006197062332239785,0.02318683014019822,22.595993713985468,53.542231520132994,124.51681748868138,71.07164554406326,-19.150821769367703,74.5168174886811,1.079061977474413,1611605417287.0,0.18497847692721459,1.0,0.18497847692721459,1.0003804048831486,49701.0,0.23889049201889248,1318.75
1958741,long,close,1342.05,-33246.0,1340.2813764586126,565187.0,1055.8260958179192,0.032689638848241956,0.006193137364479714,0.03888277621272167,22.60218685134995,53.55895111390446,124.5557002648941,71.1043351829115,-19.150821769367703,74.55570026489382,1.079089998490326,1611605418245.0,0.20277465095284575,1.0,0.20277465095284575,1.0003803764923451,958.0,0.2388930532325077,1320.0
1958744,long,close,1342.1,-33246.0,1340.2813764586126,531941.0,1040.6220114143462,0.03361254136884166,0.006192906638849564,0.03980544800769122,22.608379757988796,53.57606745654777,124.59550571290178,71.13794772428034,-19.150821769367703,74.59550571290151,1.0791187501050088,1611605418292.0,0.21327365163897083,1.0,0.21327365163897083,1.000380351170045,47.0,0.238893419120167,1320.0
1958767,long,close,1342.15,-33246.0,1340.2813764586126,498695.0,1023.9096486082638,0.03453537512644899,0.006192675930410163,0.04072805105685915,22.614572433919207,53.593580518502215,124.63623376395864,71.17248309940679,-19.150821769367703,74.63623376395837,1.0791480117521561,1611605420201.0,0.2246604243830078,1.0,0.2246604243830078,1.0003803289092565,1909.0,0.23889622425888846,1321.25
1958782,long,close,1341.2,-31168.0,1340.2813764586126,467527.0,1006.7005499314515,0.015927843440968793,0.005809722636444975,0.02173756607741377,22.620382156555653,53.6029276719155,124.65797133003605,71.18841094284775,-19.150821769367703,74.65797133003579,1.0791636332919023,1611605421125.0,0.23651506330007918,1.0,0.23651506330007918,1.0003802432072098,924.0,0.23889805369718503,1322.5
1958854,long,close,1341.2,-31168.0,1340.2813764586126,436359.0,987.728033164703,0.015927843440968793,0.005809722636444975,0.02173756607741377,22.6261918791921,53.61227482532878,124.67970889611345,71.20433878628872,-19.150821769367703,74.67970889611321,1.0791788685967174,1611605426883.0,0.24920718206253378,1.0,0.24920718206253378,1.0003801575638165,5758.0,0.23890683500100862,1322.5
1958933,long,close,1341.2,-31168.0,1340.2813764586126,405191.0,966.7064148555469,0.015927843440968793,0.005809722636444975,0.02173756607741377,22.632001601828545,53.62162197874207,124.70144646219086,71.22026662972968,-19.150821769367703,74.70144646219063,1.0791939135351292,1611605435005.0,0.26299952755954115,1.0,0.26299952755954115,1.0003800719790077,8122.0,0.23891647004270397,1323.75
1958958,long,close,1341.2,-31168.0,1340.2813764586126,374023.0,943.2847791565717,0.015927843440968793,0.005809722636444975,0.02173756607741377,22.63781132446499,53.63096913215535,124.72318402826826,71.23619447317064,-19.150821769367703,74.72318402826805,1.079209131196233,1611605440917.0,0.2789539681841226,1.0,0.2789539681841226,1.0003799864527148,5912.0,0.2389195191065316,1325.0
1958962,long,close,1341.2,-31168.0,1340.2813764586126,342855.0,917.0272318404512,0.015927843440968793,0.005809722636444975,0.02173756607741377,22.643621047101437,53.64031628556864,124.74492159434567,71.2521223166116,-19.150821769367703,74.74492159434547,1.0792247882973063,1611605441262.0,0.2966597478607377,1.0,0.2966597478607377,1.0003799009848693,345.0,0.23892000695674404,1325.0
1958981,long,close,1342.75,-34285.0,1340.2813764586126,308570.0,884.134977375138,0.04702923084183485,0.0063833550549245955,0.05341258589675944,22.650004402156362,53.66328369750424,124.79833418024242,71.29915154745343,-19.150821769367703,74.79833418024224,1.0792630150379041,1611605445061.0,0.31626362075719416,1.0,0.31626362075719416,1.000379921031498,3799.0,0.23892232424525303,1326.25
1958983,long,close,1342.9,-34285.0,1340.2813764586126,274285.0,846.1881283655459,0.049881277184049104,0.006382642043339042,0.056263919227388146,22.6563870441997,53.687477182772014,124.8545980994698,71.34903282463748,-19.150821769367703,74.85459809946963,1.0793035626185148,1611605445329.0,1.0,1.0,1.0,1.0003799504690905,268.0,0.23892256817035926,1327.5
1958987,long,close,1343.15,-34285.0,1340.2813764586126,240000.0,801.9227819984349,0.054633272153588354,0.006381454044596657,0.06101472619818501,22.662768498244297,53.713713515037234,124.91561282566799,71.40366609679107,-19.150821769367703,74.91561282566781,1.0793475325416562,1611605445399.0,1.0,1.0,1.0,1.0003799955852237,70.0,0.23892305602057168,1328.75
1959002,long,close,1343.4,-34285.0,1340.2813764586126,205715.0,749.6239870983637,0.059383498478285925,0.006380266488015483,0.0657637649663014,22.669148764732313,53.74199193397274,124.98137659063428,71.46304959526935,-19.150821769367703,74.98137659063411,1.0793947322440864,1611605447617.0,0.40293144069806053,1.0,0.40293144069806053,1.0003800563314837,2218.0,0.23892488545886825,1328.75
1959064,long,close,1343.75,-34285.0,1340.2813764586126,171430.0,686.8892120445774,0.06603084588905389,0.006378604651162791,0.07240945054021668,22.675527369383477,53.77312799770504,125.0537860411745,71.52908044115841,-19.150821769367703,75.05378604117433,1.079446080330541,1611605457525.0,0.4415792706359031,1.0,0.4415792706359031,1.0003801389540987,9908.0,0.2389324471371608,1330.0
1959078,long,close,1344.25,-34286.0,1340.2813764586126,137144.0,610.251929943561,0.075523254548095,0.006376418076994607,0.0818996726250896,22.68190378746047,53.80834485693382,125.13568571379959,71.6046036957065,-19.150821769367703,75.13568571379942,1.0795049514056472,1611605458347.0,0.48886467087504,1.0,0.48886467087504,1.0003802528119148,822.0,0.23893415461290426,1331.25
1959080,long,close,1344.4,-137144.0,1340.2813764586126,0.0,0.0,0.3134760912248034,0.02550282653972032,0.3389789177645237,22.707406614000192,53.954105791572566,125.47466463156411,71.9180797869313,-19.150821769367703,75.47466463156394,1.0797485087313254,1611605458383.0,1.0,1.0,1.0,1.0003812163301995,36.0,0.2389343985380105,
1960167,long,entry,1340.05,77550.0,1340.05,77550.0,426.6221382404038,0.0,0.01446774374090519,0.01446774374090519,22.721874357741097,53.96032692138116,125.48913237530502,71.9180797869313,-19.150821769367703,75.48913237530485,1.0797414787203534,1611605676148.0,1.0,1.0,1.0,1.0003811062069867,217765.0,0.23906697183323622,1332.5
1960491,long,close,1341.0,-77550.0,1340.05,0.0,0.0,0.04099733498542348,0.014457494407158837,0.05545482939258232,22.736331852148254,53.984172498019966,125.54458720469759,71.95907712191672,-19.150821769367703,75.54458720469744,1.079777914682635,1611605717889.0,0.6803131223376517,1.0,0.6803131223376517,1.000381131373114,41741.0,0.2391064877004424,
1961545,long,entry,1337.25,77432.0,1337.25,77432.0,425.7341853251077,0.0,0.014475976818096842,0.014475976818096842,22.75080782896635,53.99039716805174,125.55906318151568,71.95907712191672,-19.150821769367703,75.55906318151553,1.0797558954077544,1611606123116.0,1.0,1.0,1.0,1.0003810213767468,405227.0,0.23923503623141565,1330.0
1961748,long,reentry,1330.0,143481.0,1332.5411904233792,220913.0,769.7080610957262,0.0,0.02697011278195489,0.02697011278195489,22.777777941748308,54.001994316547986,125.58603329429764,71.95907712191672,-19.150821769367703,75.58603329429748,1.0797741345836789,1611606136726.0,0.6798870744576053,1.0,0.6798870744576053,1.0003809526277911,13610.0,0.23925979462969607,1321.25
1961804,long,close,1333.45,-31559.0,1332.5411904233792,189354.0,717.3668023098164,0.01614130894571633,0.00591679478045671,0.02205810372617304,22.783694736528766,54.01147930115024,125.60809139802382,71.97521843086244,-19.150821769367703,75.60809139802365,1.0797895158697353,1611606142014.0,0.4210109364407055,1.0,0.4210109364407055,1.0003808677446517,5288.0,0.23926662453266997,1322.5
1961829,long,close,1333.45,-31559.0,1332.5411904233792,157795.0,655.0086551585421,0.01614130894571633,0.00591679478045671,0.02205810372617304,22.789611531309223,54.0209642857525,125.63014950175,71.99135973980816,-19.150821769367703,75.63014950174981,1.0798050718145344,1611606145084.0,0.46159801687945334,1.0,0.46159801687945334,1.0003807829189226,3070.0,0.23926967359649762,1322.5
1962078,long,close,1337.25,-39448.0,1332.5411904233792,118347.0,557.7801575451416,0.10424203199350557,0.00737483641802206,0.11161686841152763,22.796986367727246,54.068959539169455,125.74176637016153,72.09560177180167,-19.150821769367703,75.74176637016134,1.079881219773471,1611606192183.0,0.5087864898132348,1.0,0.5087864898132348,1.0003809925613956,47099.0,0.2393000422722209,1323.75
1962082,long,close,1337.45,-118347.0,1332.5411904233792,0.0,0.0,0.3259682050616107,0.022121761561179856,0.34808996662279057,22.819108129288427,54.218638224817255,126.08985633678432,72.42156997686328,-19.150821769367703,76.08985633678414,1.0801300194515941,1611606192247.0,1.0,1.0,1.0,1.0003819770605469,64.0,0.23930053012243332,
1962358,long,entry,1335.05,77640.0,1335.05,77640.0,425.03240999677826,0.0,0.014538781319051723,0.014538781319051723,22.833646910607477,54.22488990078445,126.10439511810337,72.42156997686328,-19.150821769367703,76.10439511810318,1.080135840653464,1611606248990.0,1.0,1.0,1.0,1.00038186698722,56743.0,0.23933419178709045,1327.5
1962370,long,close,1336.0,-77640.0,1335.05,0.0,0.0,0.041352821117058305,0.014528443113772455,0.05588126423083076,22.84817535372125,54.248918844403704,126.1602763823342,72.46292279798034,-19.150821769367703,76.16027638233402,1.0801756465740349,1611606249876.0,0.6815998127224674,1.0,0.6815998127224674,1.0003818922620065,886.0,0.23933565533772772,
1962666,long,entry,1334.4,77645.0,1334.4,77645.0,424.82343790052016,0.0,0.014546800059952037,0.014546800059952037,22.862722153781203,54.25517396842948,126.17482318239415,72.46292279798034,-19.150821769367703,76.17482318239396,1.0801772317438494,1611606359310.0,1.0,1.0,1.0,1.000381782314109,109434.0,0.23937175625344698,1326.25
1962899,long,close,1335.35,-77645.0,1334.4,0.0,0.0,0.04139576907013908,0.014536451117684503,0.05593222018782358,22.877258604898888,54.27922482311024,126.23075540258196,72.50431856705048,-19.150821769367703,76.23075540258179,1.0802110489505259,1611606434847.0,0.6810634850596695,1.0,0.6810634850596695,1.0003818076674662,75537.0,0.23940017352832055,
1962938,long,entry,1333.65,77645.0,1333.65,77645.0,424.5857544822553,0.0,0.014554980692085629,0.014554980692085629,22.891813585590974,54.28548346480784,126.24531038327405,72.50431856705048,-19.150821769367703,76.24531038327387,1.0802201206927706,1611606451080.0,1.0,1.0,1.0,1.0003816978452142,16233.0,0.23940493006789168,1326.25
1963190,long,reentry,1326.25,143876.0,1328.8437631195238,221521.0,767.5979556681758,0.0,0.02712082940622055,0.02712082940622055,22.918934414997196,54.29714542145251,126.27243121268026,72.50431856705048,-19.150821769367703,76.27243121268009,1.08023730858617,1611606477746.0,0.6798478702441145,1.0,0.6798478702441145,1.0003816291115535,26666.0,0.23943566463127428,1317.6
1963514,long,close,1329.75,-31645.0,1328.8437631195238,189876.0,715.4038119747856,0.016229416693495462,0.005949426583944351,0.022178843277439814,22.92488384158114,54.3066823240618,126.29461005595769,72.52054798374397,-19.150821769367703,76.29461005595753,1.0802521932214573,1611606489202.0,0.41936614548549483,1.0,0.41936614548549483,1.0003815442998971,11456.0,0.23947518049848046,1318.8
1963517,long,close,1329.75,-31646.0,1328.8437631195238,158230.0,653.2187059267436,0.016229929552294436,0.005949614589208498,0.022179544141502933,22.930833456170348,54.31621952804265,126.3167896000992,72.53677791329626,-19.150821769367703,76.31678960009904,1.0802679917122353,1611606489265.0,1.0,1.0,1.0,1.0003814595476397,63.0,0.2394755463861398,1318.8
1963540,long,close,1329.75,-31646.0,1328.8437631195238,126584.0,577.8729561693598,0.016229929552294436,0.005949614589208498,0.022179544141502933,22.936783070759557,54.3257567320235,126.3389691442407,72.55300784284856,-19.150821769367703,76.33896914424055,1.080283672226232,1611606490763.0,0.5085994839940242,1.0,0.5085994839940242,1.0003813748524286,1498.0,0.23947835152486122,1320.0
1963545,long,close,1329.95,-126584.0,1328.8437631195238,0.0,0.0,0.07923511855165807,0.023794879506748374,0.10302999805840644,22.960577950266305,54.370059631188624,126.44199914229912,72.63224296140022,-19.150821769367703,76.44199914229895,1.0803570233986037,1611606490954.0,0.5652148399899483,1.0,0.5652148399899483,1.0003815533209799,191.0,0.23947896133762675,
1963548,long,entry,1329.5,77533.0,1329.5,77533.0,423.2648471495338,0.0,0.014579353140278301,0.014579353140278301,22.975157303406583,54.37632875303894,126.4565784954394,72.63224296140022,-19.150821769367703,76.45657849543923,1.080367398274048,1611606490985.0,1.0,1.0,1.0,1.0003814438741767,31.0,0.23947932722528606,1322.4
1963912,long,close,1330.45,-77533.0,1329.5,0.0,0.0,0.04164120555680757,0.014568942838889097,0.05621014839569667,22.98972624624547,54.4004991168491,126.51278864383511,72.67388416695704,-19.150821769367703,76.51278864383492,1.0804022277641172,1611606555156.0,0.6806753322146105,1.0,0.6806753322146105,1.0003814697803868,64171.0,0.23952372159461646,
1964281,long,entry,1329.5,77577.0,1329.5,77577.0,423.26707718310945,0.0,0.014587626927416322,0.014587626927416322,23.004313873172887,54.40677179642789,126.52737627076253,72.67388416695704,-19.150821769367703,76.52737627076235,1.080408475752146,1611606606410.0,1.0,1.0,1.0,1.0003813604581575,51254.0,0.23956872577671243,1322.4
1964319,long,close,1330.45,-77577.0,1329.5,0.0,0.0,0.04166483695304529,0.01457721071817806,0.05624204767122335,23.018891083891063,54.43095587692651,126.58361831843375,72.71554900391008,-19.150821769367703,76.58361831843357,1.0804481561489512,1611606610334.0,0.681274791277779,1.0,0.681274791277779,1.0003813863787323,3924.0,0.23957336035373042,
1964330,long,entry,1329.35,77611.0,1329.35,77611.0,423.2167838096857,0.0,0.014595667055327792,0.014595667055327792,23.03348675094639,54.4372320137603,126.59821398548908,72.71554900391008,-19.150821769367703,76.5982139854889,1.0804584265409556,1611606611657.0,1.0,1.0,1.0,1.0003812771800424,1323.0,0.2395747019418146,1322.4
1964569,long,reentry,1322.4,143813.0,1324.8360342600622,221424.0,765.2130255100939,0.0,0.027187878100423474,0.027187878100423474,23.060674629046815,54.448922801343485,126.6254018635895,72.71554900391008,-19.150821769367703,76.62540186358932,1.08047471582984,1611606649329.0,0.6799268036984794,1.0,0.6799268036984794,1.0003812088724813,37672.0,0.23960385099200682,1314.0
1964727,long,close,1325.75,-31632.0,1324.8360342600622,189792.0,713.1733243829324,0.016460112557232273,0.005964925513860079,0.022425038071092352,23.066639554560677,54.458565567714054,126.6478269016606,72.73200911646731,-19.150821769367703,76.64782690166041,1.080489950182532,1611606658049.0,0.4202931624923531,1.0,0.4202931624923531,1.0003811251774335,8720.0,0.2396231210753975,1314.0
1964752,long,close,1325.75,-31632.0,1324.8360342600622,158160.0,651.1752291501518,0.016460112557232273,0.005964925513860079,0.022425038071092352,23.07260448007454,54.46820833408462,126.67025193973168,72.74846922902454,-19.150821769367703,76.6702519397315,1.0805057740153152,1611606659425.0,0.46175598159778686,1.0,0.46175598159778686,1.0003810415381411,1376.0,0.23962617013922513,1315.2
1965986,long,close,1325.75,-31632.0,1324.8360342600622,126528.0,576.0578212735829,0.016460112557232273,0.005964925513860079,0.022425038071092352,23.0785694055884,54.47785110045519,126.69267697780278,72.76492934158176,-19.150821769367703,76.69267697780259,1.0805110459342167,1611606791583.0,0.5055241634519312,1.0,0.5055241634519312,1.00038095795454,132158.0,0.23977667192975738,1316.4
1965987,long,close,1325.8,-126528.0,1324.8360342600622,0.0,0.0,0.06943974153311172,0.02385880223261427,0.093298543765726,23.102428207821013,54.51796947427446,126.7859755215685,72.83436908311488,-19.150821769367703,76.78597552156832,1.0805772917228729,1611606791617.0,1.0,1.0,1.0,1.0003811034890062,34.0,0.2397767938923105,
1966090,long,entry,1323.4,77387.0,1323.4,77387.0,421.32200481558226,0.0,0.0146189738552214,0.0146189738552214,23.117047181676234,54.5242556330322,126.80059449542372,72.83436908311488,-19.150821769367703,76.80059449542354,1.0805858062907778,1611606814680.0,1.0,1.0,1.0,1.000380994674251,23063.0,0.23978935603528034,1316.4
1966110,long,close,1324.3,-77387.0,1323.4,0.0,0.0,0.03974047110079862,0.014609038737446199,0.05434950983824482,23.13165622041368,54.54762592226265,126.85494400526197,72.87410955421568,-19.150821769367703,76.85494400526179,1.080623934100415,1611606820110.0,0.681528398793921,1.0,0.681528398793921,1.0003810141611893,5430.0,0.23979179528634245,
1966139,long,entry,1323.25,77421.0,1323.25,77421.0,421.2768006563103,0.0,0.014627054600415645,0.014627054600415645,23.146283275014095,54.55391555574082,126.86957105986238,72.87410955421568,-19.150821769367703,76.8695710598622,1.0806338682221375,1611606825589.0,1.0,1.0,1.0,1.0003809054724029,5479.0,0.23979533220038252,1316.4
1966532,long,close,1324.15,-77421.0,1323.25,0.0,0.0,0.03976694223578126,0.0146171128648567,0.054384055100637964,23.160900387878954,54.5773006994341,126.92395511496302,72.91387649645146,-19.150821769367703,76.92395511496284,1.080665588880312,1611606910362.0,0.6805968378965765,1.0,0.6805968378965765,1.0003809249959226,84773.0,0.239843263483753,
1966584,long,entry,1322.05,77393.0,1322.05,77393.0,420.89524927039184,0.0,0.014635036496350366,0.014635036496350366,23.175535424375305,54.583593765127524,126.93859015145937,72.91387649645146,-19.150821769367703,76.93859015145918,1.0806750239431606,1611606922008.0,1.0,1.0,1.0,1.0003808164324977,11646.0,0.2398496055365145,1315.2
1966844,long,reentry,1315.2,143409.0,1317.600983913189,220802.0,761.026805342289,0.0,0.027259922445255474,0.027259922445255474,23.20279534682056,54.595315531778986,126.96585007390462,72.91387649645146,-19.150821769367703,76.96585007390443,1.0806908758452418,1611606964965.0,0.679964073094026,1.0,0.679964073094026,1.0003807485888239,42957.0,0.23988131580032193,1306.8
1967632,long,reentry,1306.8,409146.0,1310.5858344657017,629948.0,1058.3079409970233,0.0,0.0782724977043159,0.0782724977043159,23.281067844524877,54.628972705791845,127.04412257160894,72.91387649645146,-19.150821769367703,77.04412257160875,1.0807422460036746,1611607015562.0,0.41761866819032795,1.0,0.41761866819032795,1.0003808448355784,50597.0,0.2399774222921691,1288.8
1967823,long,close,1311.5,-33155.0,1310.5858344657017,596793.0,1045.8715880352431,0.01763356452510563,0.006320053373999238,0.023953617899104867,23.287387897898878,54.639272761488456,127.06807618950803,72.93151006097656,-19.150821769367703,77.06807618950786,1.0807585896282625,1611607023255.0,0.1896570130191246,1.0,0.1896570130191246,1.000380766338577,7693.0,0.24000071713981225,1288.8
1967844,long,close,1312.35,-33155.0,1310.5858344657017,563638.0,1032.2826176689657,0.034007383606598635,0.006315959919228865,0.0403233435258275,23.293703857818105,54.65661179920456,127.10839953303386,72.96551744458316,-19.150821769367703,77.10839953303369,1.0807871269946407,1611607023454.0,0.2008927353031455,1.0,0.2008927353031455,1.0003807404586058,199.0,0.24000327835342747,1290.0
1967862,long,close,1313.25,-35227.0,1310.5858344657017,528411.0,1016.3989868559106,0.05452855461187869,0.006706072720350276,0.061234627332228966,23.300409930538457,54.68294268895742,127.16963416036609,73.02004599919503,-19.150821769367703,77.16963416036592,1.0808303857330368,1611607024521.0,0.21178741062958376,1.0,0.21178741062958376,1.000380781651783,1067.0,0.24000547367938338,1291.2
1967884,long,close,1314.3,-37743.0,1310.5858344657017,490668.0,997.4620761043873,0.08138374959823398,0.007179296964163434,0.08856304656239741,23.30758922750262,54.72102479897925,127.25819720692849,73.10142974879327,-19.150821769367703,77.25819720692832,1.0808928911547675,1611607026376.0,0.22580722332641912,1.0,0.22580722332641912,1.0003809103045362,1855.0,0.24000815685555169,1292.4
1967905,long,close,1315.5,-40889.0,1310.5858344657017,449779.0,974.2972468731517,0.11654669141449284,0.0077706195362979855,0.12431731095079082,23.31535984703892,54.77448124268809,127.38251451787929,73.21797644020776,-19.150821769367703,77.3825145178791,1.0809806129666855,1611607028366.0,0.2413583236200279,1.0,0.2413583236200279,1.0003811530929256,1990.0,0.2400107180691669,1293.6
1967927,long,close,1315.75,-40889.0,1310.5858344657017,408890.0,947.8682335275334,0.12245253943751791,0.007769143074292229,0.13022168251181013,23.32312899011321,54.83047656616817,127.5127362003911,73.34042897964528,-19.150821769367703,77.51273620039092,1.081072383959722,1611607030850.0,0.2592022149687107,1.0,0.2592022149687107,1.0003814141642706,2484.0,0.24001340124533524,1294.8
1967931,long,close,1316.5,-45432.0,1310.5858344657017,363458.0,913.7403834723563,0.15572882210401828,0.00862742119255602,0.1643562432965743,23.33175641130577,54.901149750785706,127.67709244368768,73.4961578017493,-19.150821769367703,77.6770924436875,1.0811882673843747,1611607031768.0,1.0,1.0,1.0,1.000381783510536,918.0,0.24001388909554766,1296.0
1967938,long,close,1316.95,-45432.0,1310.5858344657017,318026.0,873.2848290910902,0.1675207338292931,0.0086244732146247,0.1761452070439178,23.340380884520393,54.976892189814585,127.8532376507316,73.6636785355786,-19.150821769367703,77.85323765073142,1.0813123751099984,1611607031963.0,0.30595846456848863,1.0,0.30595846456848863,1.0003821894259548,195.0,0.2400147428334194,1297.2
1967958,long,close,1318.15,-53004.0,1310.5858344657017,265022.0,815.4224965339706,0.23208088192934198,0.01005272541061336,0.24213360733995534,23.350433609931006,55.08100964097077,128.09537125807157,73.89575941750795,-19.150821769367703,78.09537125807137,1.0814826934041952,1611607032569.0,0.33673730369415555,1.0,0.33673730369415555,1.0003828039541598,606.0,0.2400171820844815,1298.4
1967994,long,close,1318.95,-53004.0,1310.5858344657017,212018.0,741.6432442126908,0.2564705262024086,0.010046627999545093,0.2665171542019537,23.360480237930553,55.19561201727761,128.36188841227352,74.15222994371035,-19.150821769367703,78.36188841227332,1.081669716442412,1611607034526.0,0.3809895266575794,1.0,0.3809895266575794,1.0003834938169314,1957.0,0.2400215727363933,1299.6
1968115,long,close,1318.95,-53004.0,1310.5858344657017,159014.0,644.459475043287,0.2564705262024086,0.010046627999545093,0.2665171542019537,23.3705268659301,55.31021439358445,128.62840556647546,74.40870046991276,-19.150821769367703,78.62840556647527,1.081855484540998,1611607047433.0,0.4375311939534407,1.0,0.4375311939534407,1.0003841813661973,12907.0,0.2400363302053191,1300.8
1968136,long,close,1318.95,-53004.0,1310.5858344657017,106010.0,510.6350920153005,0.2564705262024086,0.010046627999545093,0.2665171542019537,23.380573493929646,55.42481676989129,128.8949227206774,74.66517099611517,-19.150821769367703,78.89492272067722,1.0820416800743609,1611607050769.0,0.5113474049032968,1.0,0.5113474049032968,1.0003848666120285,3336.0,0.2400388914189343,1302.0
1968152,long,close,1318.5,-106010.0,1310.5858344657017,0.0,0.0,0.48551914606892504,0.020100492984452028,0.505619639053377,23.400673986914097,55.64223321468424,129.4005423597308,75.15069014218409,-19.150821769367703,79.4005423597306,1.0823942748403972,1611607053113.0,0.6127151368863857,1.0,0.6127151368863857,1.000386301064572,2344.0,0.240040842819784,
1968210,long,entry,1316.25,78556.0,1316.25,78556.0,419.0451856940957,0.0,0.014920417853751188,0.014920417853751188,23.415594404767848,55.64864899436135,129.41546277758454,75.15069014218409,-19.150821769367703,79.41546277758434,1.082404195530489,1611607058810.0,1.0,1.0,1.0,1.0003861910224991,5697.0,0.2400479166478641,1309.2
1968401,long,close,1317.15,-78556.0,1316.25,0.0,0.0,0.04078009662795374,0.0149102228295942,0.05569031945754794,23.430504627597443,55.672595831728096,129.47115309704208,75.19147023881204,-19.150821769367703,79.47115309704189,1.082441278379709,1611607079291.0,0.6804962176858711,1.0,0.6804962176858711,1.0003862089323996,20481.0,0.24007121149550725,
1968488,long,entry,1315.45,78552.0,1315.45,78552.0,418.79382441960973,0.0,0.014928731612756091,0.014928731612756091,23.4454333592102,55.679015186321585,129.48608182865485,75.19147023881204,-19.150821769367703,79.48608182865465,1.0824492397898329,1611607108696.0,1.0,1.0,1.0,1.0003860990175362,29405.0,0.24008182223762745,1308.0
1968553,long,close,1316.35,-78552.0,1315.45,0.0,0.0,0.04082761712760074,0.014918524708474191,0.05574614183607493,23.460351883918673,55.70298602731109,129.5418279704909,75.23229785593965,-19.150821769367703,79.54182797049073,1.0824872295014412,1611607118409.0,0.6811133599180615,1.0,0.6811133599180615,1.0003861170298658,9713.0,0.2400897498035793,
1974558,long,entry,1318.7,78789.0,1318.7,78789.0,419.8282956128885,0.0,0.014936869644346705,0.014936869644346705,23.47528875356302,55.70940888125816,129.55676484013526,75.23229785593965,-19.150821769367703,79.55676484013507,1.0823578204001074,1611608811907.0,1.0,1.0,1.0,1.0003860072413382,1693498.0,0.24082213493497812,1311.6
1974577,long,close,1319.6,-78789.0,1318.7,0.0,0.0,0.04074926547411675,0.014926682327978176,0.05567594780209493,23.490215435891,55.73334953881306,129.61244078793735,75.27304712141377,-19.150821769367703,79.61244078793717,1.0823964718906425,1611608811963.0,0.6814293769299324,1.0,0.6814293769299324,1.000386024961569,56.0,0.2408244522234871,
1974588,long,entry,1318.65,78829.0,1318.65,78829.0,419.8125293577818,0.0,0.014945019527547112,0.014945019527547112,23.505160455418547,55.7397758972099,129.6273858074649,75.27304712141377,-19.150821769367703,79.62738580746472,1.0824066998290627,1611608813732.0,1.0,1.0,1.0,1.0003859152992993,1769.0,0.24082579381157126,1311.6
1974613,long,close,1319.55,-78829.0,1318.65,0.0,0.0,0.04077304406741901,0.014934826266530256,0.055707870333949264,23.520095281685077,55.7637302814535,129.68309367779884,75.31382016548119,-19.150821769367703,79.68309367779867,1.0824452625914909,1611608814897.0,0.6812841410888386,1.0,0.6812841410888386,1.0003859330473188,1165.0,0.2408288428753989,
1974615,long,entry,1318.55,78866.0,1318.55,78866.0,419.78073276273966,0.0,0.014953168253005196,0.014953168253005196,23.53504844993808,55.77016014380229,129.69804684605185,75.31382016548119,-19.150821769367703,79.69804684605167,1.0824556128343559,1611608815188.0,1.0,1.0,1.0,1.0003858235110221,291.0,0.24082908680050513,1311.6
1974711,long,close,1319.45,-78866.0,1318.55,0.0,0.0,0.04079836728244793,0.014942968661184584,0.05574133594363251,23.549991418599266,55.79412891825805,129.75378818199547,75.35461853276364,-19.150821769367703,79.7537881819953,1.0824939850504982,1611608818707.0,0.6809206956804957,1.0,0.6809206956804957,1.0003858412914766,3519.0,0.24084079520560325,
1974720,long,entry,1318.3,78894.0,1318.3,78894.0,419.7010272115805,0.0,0.014961313813244332,0.014961313813244332,23.56495273241251,55.80056228319775,129.76874949580872,75.35461853276364,-19.150821769367703,79.76874949580855,1.082504326951872,1611608819104.0,1.0,1.0,1.0,1.0003857318808604,397.0,0.2408418928685812,1310.4
1974728,long,close,1319.2,-78894.0,1318.3,0.0,0.0,0.04082832756797939,0.014951106731352335,0.05577943429933173,23.579903839143864,55.82454743994647,129.82452893010807,75.39544686033162,-19.150821769367703,79.82452893010787,1.0825429793466654,1611608819313.0,0.6809449031041998,1.0,0.6809449031041998,1.0003857497079967,209.0,0.24084286856900605,
1974730,long,entry,1317.85,78910.0,1317.85,78910.0,419.55751583894636,0.0,0.014969457829039724,0.014969457829039724,23.594873296972903,55.83098430681296,129.8394983879371,75.39544686033162,-19.150821769367703,79.83949838793691,1.082553288471709,1611608820112.0,1.0,1.0,1.0,1.000385640422767,799.0,0.24084311249411225,1310.4
1974840,long,close,1318.75,-78910.0,1317.85,0.0,0.0,0.04086449151435458,0.014959241706161138,0.05582373322051572,23.609832538679065,55.854988512097776,129.89532212115762,75.43631135184597,-19.150821769367703,79.89532212115743,1.082591185910278,1611608829592.0,0.6809084566004134,1.0,0.6809084566004134,1.0003856583156383,9480.0,0.24085652837495386,
1974892,long,entry,1317.8,78950.0,1317.8,78950.0,419.5414728751839,0.0,0.014977614205494006,0.014977614205494006,23.62481015288456,55.861428886206134,129.9102997353631,75.43631135184597,-19.150821769367703,79.91029973536293,1.0826011551107042,1611608834507.0,1.0,1.0,1.0,1.000385549155535,4915.0,0.24086287042771537,1310.4
1974928,long,close,1318.7,-78950.0,1317.8,0.0,0.0,0.04088830752998236,0.014967392128611512,0.055855699658593876,23.63977754501317,55.885446837059334,129.9661554350217,75.47719965937596,-19.150821769367703,79.96615543502152,1.08263828553781,1611608853283.0,0.681429459831289,1.0,0.681429459831289,1.0003855670755342,18776.0,0.24086726107962717,
1974942,long,entry,1317.7,78987.0,1317.7,78987.0,419.5094240056875,0.0,0.014985770661000227,0.014985770661000227,23.65476331567417,55.89189071844357,129.98114120568272,75.47719965937596,-19.150821769367703,79.98114120568252,1.0826486201266594,1611608853780.0,1.0,1.0,1.0,1.0003854580402793,497.0,0.24086896855537063,1310.4
1975261,long,reentry,1310.4,146362.0,1312.9587204735767,225349.0,758.4209125744096,0.0,0.027923153235653236,0.027923153235653236,23.682686468909825,55.9038976743349,130.00906435891838,75.47719965937596,-19.150821769367703,80.00906435891817,1.0826630490252291,1611608913028.0,0.6798493349061796,1.0,0.6798493349061796,1.0003853892306271,59248.0,0.2409078746098113,1302.0
1975706,long,close,1313.9,-32192.0,1312.9587204735767,193157.0,706.8481986401304,0.017565203550939983,0.0061252758961869245,0.023690479447126905,23.688811744806014,55.91408458049716,130.0327548383655,75.4947648629269,-19.150821769367703,80.03275483836529,1.082674211800388,1611608976284.0,0.4192128402386111,1.0,0.4192128402386111,1.0003853073329632,63256.0,0.24096214794594326,1302.0
1976529,long,reentry,1302.0,357919.0,1305.8411282119248,551076.0,1018.3381306404649,0.0,0.06872484639016897,0.06872484639016897,23.75753659119618,55.94363626444494,130.10147968475567,75.4947648629269,-19.150821769367703,80.10147968475546,1.0827023415965396,1611609210896.0,0.4570849889472481,1.0,0.4570849889472481,1.0003853650291437,234612.0,0.24106252312714913,1286.4
1976923,long,close,1306.75,-30615.0,1305.8411282119248,520461.0,1004.1052714885324,0.016306247694360024,0.005857088195905873,0.022163335890265895,23.763393679392088,55.953166498877756,130.12364302064594,75.51107111062126,-19.150821769367703,80.12364302064573,1.0827147275530293,1611609246407.0,0.2172650802148617,1.0,0.2172650802148617,1.0003852784266827,35511.0,0.2411105763730727,1286.4
1976934,long,close,1307.7,-32528.0,1305.8411282119248,487933.0,987.506493786865,0.0354085653622251,0.006218551655578496,0.0416271170178036,23.769612231047667,55.9710661591954,130.16527013766373,75.54647967598349,-19.150821769367703,80.16527013766354,1.0827434798834976,1611609246680.0,1.0,1.0,1.0,1.0003852521077492,273.0,0.24111191796115689,1287.6
1976946,long,close,1308.75,-34852.0,1305.8411282119248,453081.0,967.7711429057605,0.059320560717511336,0.006657497612225406,0.06597805832973674,23.77626972865989,55.99943672427719,130.23124819599346,75.605800236701,-19.150821769367703,80.23124819599327,1.0827889387718914,1611609248267.0,0.24459246985131763,1.0,0.24459246985131763,1.0003853010492494,1587.0,0.24111338151179415,1288.8
1976966,long,close,1310.2,-41189.0,1305.8411282119248,411892.0,941.355802267567,0.1049367005994518,0.00785929629064265,0.11279599689009445,23.784129024950534,56.04793900293992,130.34404419288353,75.71073693730045,-19.150821769367703,80.34404419288337,1.0828667395855347,1611609249367.0,0.26070727404930255,1.0,0.26070727404930255,1.0003854944138173,1100.0,0.24111582076285626,1290.0
1976973,long,close,1310.45,-41189.0,1305.8411282119248,370703.0,910.9520737640975,0.11093410324025506,0.00785779693998245,0.11879190018023751,23.791986821890518,56.09901952001742,130.46283609306377,75.8216710405407,-19.150821769367703,80.46283609306361,1.0829486679570186,1611609249816.0,0.28135292597330563,1.0,0.28135292597330563,1.0003857058088224,449.0,0.241116674500728,1291.2
1976998,long,close,1310.8,-41189.0,1305.8411282119248,329514.0,875.5825753862218,0.11932662362168298,0.007855698809887093,0.12718232243157007,23.799842520700405,56.153707918662995,130.59001841549534,75.9409976641624,-19.150821769367703,80.59001841549518,1.0830360503033554,1611609253388.0,0.30480247738077804,1.0,0.30480247738077804,1.00038594253537,3572.0,0.24111972356455563,1292.4
1977030,long,close,1311.7,-47073.0,1305.8411282119248,282441.0,827.3353223208229,0.16101302526668543,0.00897175421209118,0.1699847794787766,23.808814274912496,56.226801373838875,130.76000319497413,76.10201068942908,-19.150821769367703,80.76000319497396,1.0831527606670532,1611609257643.0,0.33207523427704494,1.0,0.33207523427704494,1.000386310275928,4255.0,0.241123626366255,1293.6
1977072,long,close,1310.45,-40348.0,1305.8411282119248,242093.0,777.4349195330832,0.10866904264579891,0.0076973558701209505,0.11636639851591986,23.816511630782617,56.276838925200714,130.87636959349004,76.21067973207488,-19.150821769367703,80.87636959348988,1.0832321927981563,1611609265157.0,0.3684463188390665,1.0,0.3684463188390665,1.0003865124793594,7514.0,0.24112874879348545,1294.8
1977207,long,close,1306.75,-30261.0,1305.8411282119248,211832.0,733.3776078843218,0.016117699215385552,0.005789362923282954,0.021907062138668505,23.822300993705902,56.286258961920346,130.8982766556287,76.22679743129027,-19.150821769367703,80.89827665562855,1.0832446911671116,1611609295961.0,0.4046294076174887,1.0,0.4046294076174887,1.0003864245030372,30804.0,0.2411452137381547,1294.8
1977221,long,close,1309.25,-35305.0,1305.8411282119248,176527.0,672.276351518121,0.07039372668234754,0.006741455031506588,0.07713518171385413,23.829042448737408,56.3194270900573,130.97541183734256,76.29719115797262,-19.150821769367703,80.9754118373424,1.0832973838080133,1611609299905.0,0.43909934387432364,1.0,0.43909934387432364,1.0003865058957753,3944.0,0.24114692121389816,1296.0
1977492,long,close,1306.75,-29421.0,1305.8411282119248,147106.0,611.2815606032925,0.01567029604493765,0.005628658886550603,0.021298954931488253,23.834671107623958,56.328585640677844,130.99671079227406,76.31286145401755,-19.150821769367703,80.99671079227389,1.0833065008450955,1611609366106.0,0.4836983706949381,1.0,0.4836983706949381,1.0003864160790974,66201.0,0.24117997306578978,1297.2
1977640,long,close,1306.75,-29421.0,1305.8411282119248,117685.0,538.0560423213254,0.01567029604493765,0.005628658886550603,0.021298954931488253,23.84029976651051,56.337744191298384,131.01800974720555,76.32853175006248,-19.150821769367703,81.01800974720537,1.0833160467091176,1611609427121.0,0.5309560248583982,1.0,0.5309560248583982,1.00038632632385,61015.0,0.24119802352364939,1297.2
1977641,long,close,1306.8,-117685.0,1305.8411282119248,0.0,0.0,0.06612751215924628,0.022513965411692684,0.08864147757093896,23.862813731922202,56.375860026653896,131.1066512247765,76.39465926222172,-19.150821769367703,81.10665122477631,1.0833768894072908,1611609427434.0,1.0,1.0,1.0,1.0003864426329032,313.0,0.2411981454862025,
1979384,long,entry,1306.2,78985.0,1306.2,78985.0,415.8491637493937,0.0,0.01511732506507426,0.01511732506507426,23.877931056987276,56.38236047643187,131.12176854984156,76.39465926222172,-19.150821769367703,81.12176854984139,1.0833331621528965,1611610076343.0,1.0,1.0,1.0,1.0003863339895482,648909.0,0.24141072621626547,1298.4
1979464,long,close,1307.1,-78985.0,1306.2,0.0,0.0,0.04163596529283813,0.015106916073751054,0.056742881366589185,23.893037973061027,56.40675991541951,131.17851143120816,76.43629522751456,-19.150821769367703,81.17851143120798,1.0833708101426713,1611610091534.0,0.6813416369736447,1.0,0.6813416369736447,1.0003863525776324,15191.0,0.2414204832205139,
1979568,long,entry,1305.75,79001.0,1305.75,79001.0,415.70565978376135,0.0,0.015125598315144553,0.015125598315144553,23.90816357137617,56.413263922695016,131.1936370295233,76.43629522751456,-19.150821769367703,81.19363702952313,1.083377807355153,1611610131995.0,1.0,1.0,1.0,1.0003862440572837,40461.0,0.2414331673260369,1298.4
1979990,long,reentry,1298.4,146388.0,1300.9762452914738,225389.0,751.5192610442717,0.0,0.028186229205175602,0.028186229205175602,23.936349800581347,56.42538400125324,131.22182325872848,76.43629522751456,-19.150821769367703,81.2218232587283,1.083393240458919,1611610178626.0,0.6798200332855074,1.0,0.6798200332855074,1.0003861754641454,46631.0,0.24148463552344743,1290.0
1980404,long,close,1301.9,-32198.0,1300.9762452914738,193191.0,700.4174202389656,0.01756056833139185,0.0061828865504263,0.02374345488181815,23.942532687131774,56.43559368685242,131.2455667136103,76.45385579584595,-19.150821769367703,81.24556671361013,1.083406713064909,1611610212196.0,0.4197658577484005,1.0,0.4197658577484005,1.000386093362084,33570.0,0.24153512802043312,1291.2
1980546,long,close,1301.9,-32198.0,1300.9762452914738,160993.0,639.5356961863693,0.01756056833139185,0.0061828865504263,0.02374345488181815,23.9487155736822,56.4458033724516,131.2693101684921,76.47141636417734,-19.150821769367703,81.26931016849196,1.0834208711662794,1611610237503.0,0.4615280259550524,1.0,0.4615280259550524,1.000386011312594,25307.0,0.2415524467029741,1291.2
1980918,long,reentry,1291.2,298320.0,1294.6266547173936,459313.0,963.15736655373,0.0,0.05776022304832713,0.05776022304832713,24.006475796730527,56.47064026836238,131.32707039154042,76.47141636417734,-19.150821769367703,81.32707039154029,1.0834548996732267,1611610303852.0,0.5046774610336761,1.0,0.5046774610336761,1.000386032895481,66349.0,0.24159781677272937,1278.0
1981471,long,close,1295.55,-30620.0,1294.6266547173936,428693.0,944.5439555644502,0.01685662393880594,0.005908687430049014,0.022765311368854953,24.012384484160577,56.48042935225097,131.34983570290925,76.48827298811615,-19.150821769367703,81.34983570290915,1.0834667856247049,1611610348221.0,0.25168412201559315,1.0,0.25168412201559315,1.0003859479145392,44369.0,0.24166526206459674,1278.0
1981484,long,close,1296.65,-32976.0,1294.6266547173936,395717.0,922.2183133801171,0.03974666247931737,0.006357922338333397,0.04610458481765077,24.018742406498912,56.50025432372257,131.39594028772692,76.52801965059547,-19.150821769367703,81.3959402877268,1.083498276277704,1611610349058.0,0.2712414508414086,1.0,0.2712414508414086,1.0003859339598702,837.0,0.24166684757778711,1279.2
1981491,long,close,1296.75,-32976.0,1294.6266547173936,362741.0,897.1528684671143,0.04170784924263553,0.0063574320416425675,0.048065281284278095,24.025099838540555,56.52092239467482,131.4440055690112,76.56972749983811,-19.150821769367703,81.44400556901108,1.0835311528560192,1611610349241.0,0.2884941454460386,1.0,0.2884941454460386,1.000385925924244,183.0,0.24166770131565884,1280.4
1981505,long,close,1296.85,-32976.0,1294.6266547173936,329765.0,868.8116562574058,0.04366873355204208,0.006356941820565216,0.0500256753726073,24.031456780361122,56.542433435085044,131.49403124438382,76.61339623339015,-19.150821769367703,81.49403124438369,1.0835652446199964,1611610350796.0,0.3078592281537461,1.0,0.3078592281537461,1.0003859237931614,1555.0,0.24166940879140233,1280.4
1981531,long,close,1298.8,-41220.0,1294.6266547173936,288545.0,827.6090834883864,0.10230703085329024,0.00793424699722821,0.11024127785051845,24.03939102735835,56.589837184560764,131.60427252223434,76.71570326424344,-19.150821769367703,81.60427252223421,1.0836405165402823,1611610351991.0,0.330085853760964,1.0,0.330085853760964,1.0003861042274371,1195.0,0.24167257981778306,1281.6
1981539,long,close,1299.2,-41220.0,1294.6266547173936,247325.0,778.3661977966467,0.11207827099766356,0.007931804187192118,0.12001007518485568,24.04732283154554,56.641441516890254,131.7242825974192,76.8277815352411,-19.150821769367703,81.72428259741906,1.0837224083305073,1611610353103.0,0.3627403684543109,1.0,0.3627403684543109,1.0003863138202422,1112.0,0.2416735555182079,1282.8
1981549,long,close,1299.75,-41220.0,1294.6266547173936,206105.0,718.4806089621453,0.12550390609042725,0.007928447778418926,0.13343235386884617,24.055251279323958,56.69881742905386,131.85771495128805,76.95328544133153,-19.150821769367703,81.8577149512879,1.0838134301097109,1611610353724.0,0.400795844652312,1.0,0.400795844652312,1.0003865635042148,621.0,0.24167477514373897,1284.0
1981563,long,close,1300.45,-41221.0,1294.6266547173936,164884.0,644.098230785026,0.14257811260977282,0.007924372332654082,0.1505024849424269,24.06317565165661,56.76353349757911,132.0082174362305,77.0958635539413,-19.150821769367703,82.00821743623032,1.0839159936662295,1611610354439.0,0.4470674088331959,1.0,0.4470674088331959,1.0003868641228,715.0,0.24167648261948244,1285.2
1981671,long,close,1302.9,-54961.0,1294.6266547173936,109923.0,511.48087057070904,0.2695753310796854,0.010545897613017115,0.2801212286927025,24.073721549269628,56.88398562591698,132.2883386649232,77.36543888502098,-19.150821769367703,82.28833866492303,1.084105728937784,1611610366166.0,0.504539822473057,1.0,0.504539822473057,1.0003875545377219,11727.0,0.24168965457521785,1286.4
1981673,long,close,1302.05,-109923.0,1294.6266547173936,0.0,0.0,0.48407876031037783,0.021105756307361473,0.5051845166177393,24.094827305576988,57.1012149680626,132.79352318154093,77.84951764533136,-19.150821769367703,82.79352318154078,1.0844487316563378,1611610366350.0,1.0,1.0,1.0,1.000388918148551,184.0,0.24168989850032405,
1996468,long,entry,1308.8,80160.0,1308.8,80160.0,416.6751343983485,0.0,0.015311735941320294,0.015311735941320294,24.11013904151831,57.10779901451736,132.80883491748224,77.84951764533136,-19.150821769367703,82.8088349174821,1.0840175659537123,1611615621101.0,1.0,1.0,1.0,1.0003888092545128,5254751.0,0.2434943344735206,1302.0
1996590,long,close,1309.7,-80160.0,1308.8,0.0,0.0,0.04208769137112828,0.015301214018477513,0.05738890538960579,24.125440255536788,57.1324762438349,132.86622382287186,77.89160533670248,-19.150821769367703,82.8662238228717,1.084055295468538,1611615632418.0,0.6810752894004221,1.0,0.6810752894004221,1.0003888264806196,11317.0,0.24350921390499947,
1996691,long,entry,1308.25,80170.0,1308.25,80170.0,416.4993853320131,0.0,0.015320084081788648,0.015320084081788648,24.140760339618577,57.13906387999007,132.88154390695365,77.89160533670248,-19.150821769367703,82.8815439069535,1.0840636813004203,1611615655567.0,1.0,1.0,1.0,1.0003887177095319,23149.0,0.24352153212286312,1300.8
1997318,long,close,1309.15,-80170.0,1308.25,0.0,0.0,0.04212832959893443,0.015309551999388916,0.057437881598323345,24.156069891617967,57.16376216907735,132.93898178855198,77.93373366630142,-19.150821769367703,82.93898178855181,1.0840956389464118,1611615736011.0,0.6798375083926411,1.0,0.6798375083926411,1.000388735010842,80444.0,0.2435980026436603,
2017314,long,entry,1344.35,82428.0,1344.35,82428.0,427.99470610739604,0.0,0.015328597463458177,0.015328597463458177,24.171398489081426,57.170353465986636,132.95431038601544,77.93373366630142,-19.150821769367703,82.95431038601527,1.0832802536062187,1611625702349.0,1.0,1.0,1.0,1.0003886263629052,9966338.0,0.24603676585555878,1336.25
2017591,long,close,1345.3,-82428.0,1344.35,0.0,0.0,0.0432979040817248,0.015317772987437748,0.05861567706916255,24.186716262068863,57.195558207126375,133.0129260630846,77.97703157038315,-19.150821769367703,83.01292606308442,1.0833101744552867,1611625813663.0,0.6811126132642432,1.0,0.6811126132642432,1.0003886471107617,111314.0,0.24607054948276902,
2019669,long,entry,1341.7,82311.0,1341.7,82311.0,427.1500524448175,0.0,0.015337072370872774,0.015337072370872774,24.202053334439736,57.20215314824585,133.02826313545546,77.97703157038315,-19.150821769367703,83.02826313545529,1.0831865524020217,1611627447078.0,1.0,1.0,1.0,1.0003885385838387,1633415.0,0.24632398766812233,1333.75
2019692,long,close,1342.65,-82311.0,1341.7,0.0,0.0,0.043407347416916583,0.015326220534018544,0.05873356795093513,24.217379554973753,57.22740858246475,133.08699670340638,78.02043891780006,-19.150821769367703,83.08699670340623,1.0832253781619992,1611627449757.0,0.6815165132382811,1.0,0.6815165132382811,1.0003885596044597,2679.0,0.24632679280684375,
2019752,long,entry,1341.5,82344.0,1341.5,82344.0,427.08437658121244,0.0,0.01534550875885203,0.01534550875885203,24.232725063732605,57.234007151231054,133.10234221216524,78.02043891780006,-19.150821769367703,83.10234221216508,1.0832331544207399,1611627479353.0,1.0,1.0,1.0,1.0003884511980443,29596.0,0.2463341105600301,1333.75
2020632,long,reentry,1333.75,152583.0,1336.466443831488,234927.0,772.0504440743317,0.0,0.02860037488284911,0.02860037488284911,24.261325438615454,57.24630531243067,133.13094258704808,78.02043891780006,-19.150821769367703,83.13094258704793,1.0832279268274323,1611627775423.0,0.6797747794997283,1.0,0.6797747794997283,1.0003883823672814,296070.0,0.24644143760676296,1325.0
2021333,long,reentry,1325.0,435319.0,1329.0190873947774,670246.0,1073.3359901115502,0.0,0.08213566037735849,0.08213566037735849,24.34346109899281,57.28162364639294,133.21307824742544,78.02043891780006,-19.150821769367703,83.21307824742529,1.0832658654724276,1611627978232.0,0.4172984308280828,1.0,0.4172984308280828,1.0003884729520935,202809.0,0.24652693335648995,1306.8
2022494,long,close,1329.95,-35276.0,1329.0190873947774,634970.0,1060.7289807980974,0.0185789733940737,0.006631076356253995,0.025210049750327694,24.350092175349065,57.29246396778559,133.23828829717579,78.03901789119413,-19.150821769367703,83.23828829717561,1.0832509082415651,1611628365466.0,0.1849834920752115,1.0,0.1849834920752115,1.0003883940112346,387234.0,0.2466685318806455,1308.0
2024521,long,reentry,1308.0,189353.0,1324.1908498526207,824323.0,1114.4539912378646,0.0,0.03619132262996942,0.03619132262996942,24.386283497979033,57.308026236516476,133.27447961980576,78.03901789119413,-19.150821769367703,83.27447961980559,1.0832260731708974,1611628962688.0,0.18901412072472393,1.0,0.18901412072472393,1.0003883477647884,597222.0,0.24691574997579044,0.05
2028475,long,close,1325.1,-43385.0,1324.1908498526207,780938.0,1103.3692773556122,0.02247894779383036,0.008185231303297865,0.03066417909712823,24.39446872928233,57.32121183352824,133.3051437989029,78.06149683898796,-19.150821769367703,83.30514379890272,1.0831513937370871,1611630126104.0,0.13865286452226716,1.0,0.13865286452226716,1.000388285105494,1163416.0,0.24739798991076975,1298.4
2028520,long,close,1325.1,-41102.0,1324.1908498526207,739836.0,1091.9053702993463,0.021296063437179106,0.00775450909365331,0.029050572530832416,24.402223238375985,57.33370357971649,133.3341943714337,78.08279290242514,-19.150821769367703,83.33419437143355,1.0831688200619864,1611630148150.0,0.16726846992029268,1.0,0.16726846992029268,1.0003882176839511,22046.0,0.2474034782256595,1299.6
2028531,long,close,1325.1,-38938.0,1324.1908498526207,700898.0,1080.060447015509,0.02017483621519342,0.007346238019772093,0.027521074234965512,24.409569476395756,57.345537641637534,133.3617154456687,78.10296773864033,-19.150821769367703,83.36171544566852,1.0831867203479257,1611630151930.0,0.17592047524577642,1.0,0.17592047524577642,1.000388145758525,3780.0,0.24740481981374365,1300.8
2028855,long,close,1325.1,-36889.0,1324.1908498526207,664009.0,1067.8330129577425,0.019113193619145055,0.006959663421628557,0.02607285704077361,24.416529139817385,57.35674897016508,133.38778830270948,78.12208093225948,-19.150821769367703,83.3877883027093,1.0831902365000714,1611630320201.0,0.18202026127271362,1.0,0.18202026127271362,1.0003880695784182,168271.0,0.24744433568094987,1302.0
2028874,long,close,1325.95,-36889.0,1324.1908498526207,627120.0,1054.4589967217908,0.03695915736856282,0.006955201930691202,0.043914359299254024,24.423484341748075,57.37563214466375,133.43170266200872,78.15904008962804,-19.150821769367703,83.43170266200855,1.0832191178249646,1611630322115.0,0.19424032223524426,1.0,0.19424032223524426,1.0003880463183106,1914.0,0.24744665296945886,1303.2
2028897,long,close,1325.1,-33006.0,1324.1908498526207,594114.0,1041.444955286562,0.017101305771192,0.006227077201720626,0.023328382972912627,24.429711418949797,57.3856633493421,133.45503104498164,78.17614139539923,-19.150821769367703,83.45503104498145,1.083232927623178,1611630341863.0,0.20439204985717674,1.0,0.20439204985717674,1.0003879620689433,19748.0,0.2474494581081803,1303.2
2028914,long,close,1326.0,-34947.0,1324.1908498526207,559167.0,1026.3685507797895,0.03600728740761048,0.006588800904977376,0.042596088312587856,24.436300219854775,57.40397966731652,133.49762713329423,78.21214868280684,-19.150821769367703,83.49762713329405,1.0832597283677854,1611630358415.0,0.2143595690354843,1.0,0.2143595690354843,1.0003879349026337,16552.0,0.24745153147158308,1304.4
2028915,long,close,1326.05,-34947.0,1324.1908498526207,524220.0,1009.7992510656212,0.03700103589446551,0.0065885524678556615,0.04358958836232117,24.442888772322632,57.42272319031232,133.54121672165655,78.2491497187013,-19.150821769367703,83.54121672165637,1.083288521674287,1611630358496.0,1.0,1.0,1.0,1.0003879106558067,81.0,0.2474516534341362,1305.6
2028971,long,close,1327.15,-37444.0,1324.1908498526207,486776.0,990.0789201998278,0.06304906411858131,0.007053460422710319,0.07010252454129164,24.449942232745343,57.45286727586507,133.61131924619784,78.31219878281989,-19.150821769367703,83.61131924619767,1.0833321899638664,1611630390685.0,0.2385482403456463,1.0,0.2385482403456463,1.0003879647325362,32189.0,0.2474584833371101,1306.8
2028990,long,close,1327.25,-37444.0,1324.1908498526207,449332.0,968.0192721588159,0.06517480091954343,0.007052928988510077,0.07222772990805351,24.456995161733854,57.48392519972554,133.6835469761059,78.37737358373944,-19.150821769367703,83.68354697610572,1.0833790467205535,1611630400725.0,0.2538968197439127,1.0,0.2538968197439127,1.0003880249315706,10040.0,0.24746080062561912,1306.8
2028992,long,close,1327.45,-37444.0,1324.1908498526207,411888.0,943.1744788416643,0.06942531370029799,0.007051866360314889,0.07647718006061288,24.464047028094168,57.5168103871516,133.7600241561665,78.44679889743973,-19.150821769367703,83.76002415616632,1.083429493616538,1611630400843.0,1.0,1.0,1.0,1.0003880975003325,118.0,0.24746104455072532,1308.0
2028996,long,close,1327.65,-37444.0,1324.1908498526207,374444.0,914.984399566257,0.0736745458686047,0.007050804052272812,0.08072534992087751,24.47109783214644,57.55152228761759,133.8407495060874,78.52047344330833,-19.150821769367703,83.8407495060872,1.0834827233734052,1611630400853.0,1.0,1.0,1.0,1.000388182399074,10.0,0.24746153240093774,1309.2
2029005,long,close,1328.15,-41604.0,1324.1908498526207,332840.0,878.8390587674797,0.09365680771872015,0.007831193765764409,0.10148800148448456,24.478929025912205,57.595162128255915,133.9422375075719,78.61413025102705,-19.150821769367703,83.94223750757169,1.0835493092212483,1611630404439.0,1.0,1.0,1.0,1.0003883281924126,3586.0,0.2474626300639157,1310.4
2029049,long,close,1328.45,-41605.0,1324.1908498526207,291235.0,836.3420256357,0.10073321175052682,0.007829613459294667,0.1085628252098215,24.486758639371498,57.641844143096144,134.05080033278173,78.71486346277757,-19.150821769367703,84.0508003327815,1.083619098354577,1611630425179.0,0.33812392019319193,1.0,0.33812392019319193,1.000388494439952,20740.0,0.24746799641625233,1311.6
2029127,long,close,1327.0,-36404.0,1324.1908498526207,254831.0,792.6172671409288,0.05819726198914995,0.006858327053504145,0.0650555890426541,24.493616966425,57.66981804638448,134.11585592182436,78.77306072476672,-19.150821769367703,84.11585592182416,1.083656227122121,1611630494461.0,0.3694171562725628,1.0,0.3694171562725628,1.0003885325526942,69282.0,0.24747750949539457,1312.8
2029132,long,close,1327.25,-36404.0,1324.1908498526207,218427.0,740.9532422139544,0.06336458318222035,0.0068570352232058766,0.07022161840542623,24.500474001648207,57.70001334229882,134.1860775402298,78.83642530794894,-19.150821769367703,84.18607754022959,1.0837024021391877,1611630494629.0,1.0,1.0,1.0,1.0003885857001047,168.0,0.2474781193081601,1312.8
2029136,long,close,1327.65,-36404.0,1324.1908498526207,182023.0,678.9717135277855,0.07162824932701328,0.006854969306669679,0.07848321863368296,24.507328970954877,57.73376112631129,134.26456075886347,78.90805355727596,-19.150821769367703,84.26456075886327,1.083753997324118,1611630494647.0,1.0,1.0,1.0,1.0003886629143144,18.0,0.24747860715837253,1314.0
2029147,long,close,1328.15,-36404.0,1324.1908498526207,145619.0,603.2495282388759,0.08195083232843689,0.006852388660919324,0.08880322098935621,24.514181359615797,57.77194651133671,134.35336397985282,78.9900043896044,-19.150821769367703,84.35336397985263,1.0838122212252326,1611630496155.0,0.48864910865507943,1.0,0.48864910865507943,1.0003887701517105,1508.0,0.24747994874645668,1315.2
2029149,long,close,1328.55,-145619.0,1324.1908498526207,0.0,0.0,0.3608206513827249,0.02740186669677468,0.3882225180794996,24.54158322631257,57.9388821941109,134.74158649793233,79.35082504098712,-19.150821769367703,84.74158649793213,1.0840668764598187,1611630496270.0,1.0,1.0,1.0,1.0003897519416356,115.0,0.2474801926715629,
2039865,long,entry,1319.95,82029.0,1319.95,82029.0,420.2253973669106,0.0,0.015536383953937648,0.015536383953937648,24.557119610266508,57.94556283921109,134.75712288188626,79.35082504098712,-19.150821769367703,84.75712288188608,1.0834983517383692,1611637561382.0,1.0,1.0,1.0,1.0003896440891642,7065112.0,0.24878714339064192,1312.8
2040149,long,close,1320.85,-82029.0,1319.95,0.0,0.0,0.042344688824738824,0.015525797781731463,0.05787048660647029,24.57264540804824,57.97044714845186,134.8149933684927,79.39316972981186,-19.150821769367703,84.81499336849255,1.0835295911275016,1611637639901.0,0.6808010654258181,1.0,0.6808010654258181,1.0003896597207418,78519.0,0.2488217807557239,
2040457,long,entry,1318.55,81987.0,1318.55,81987.0,419.78096517332375,0.0,0.015544916764627811,0.015544916764627811,24.588190324812867,57.97713146266066,134.83053828525735,79.39316972981186,-19.150821769367703,84.83053828525718,1.083525821720331,1611637810407.0,1.0,1.0,1.0,1.0003895519893777,170506.0,0.2488593452220804,1311.6
2040602,long,close,1319.45,-81987.0,1318.55,0.0,0.0,0.04241289958139196,0.015534313539732465,0.05794721312112443,24.6037246383526,58.00204876430275,134.8884854983785,79.43558262939325,-19.150821769367703,84.8884854983783,1.0835603091592099,1611637849272.0,0.680811340779893,1.0,0.680811340779893,1.0003895677763894,38865.0,0.24887702979228069,
2040895,long,entry,1317.55,81969.0,1317.55,81969.0,419.46090437271397,0.0,0.015553299685021442,0.015553299685021442,24.61927793803762,58.00873668316731,134.9040387980635,79.43558262939325,-19.150821769367703,84.90403879806333,1.0835548982855474,1611638039898.0,1.0,1.0,1.0,1.0003894601653691,190626.0,0.2489127648203406,1310.4
2040904,long,close,1318.45,-81969.0,1317.55,0.0,0.0,0.042467957727703017,0.015542682695589519,0.058010640423292535,24.63482062073321,58.033681258549315,134.9620494384868,79.47805058712096,-19.150821769367703,84.96204943848662,1.083592168219686,1611638044742.0,0.6815631775496573,1.0,0.6815631775496573,1.0003894760685554,4844.0,0.24891386248331857,
2040930,long,entry,1317.45,82007.0,1317.45,82007.0,419.4273795514284,0.0,0.015561691145774032,0.015561691145774032,24.65038231187898,58.040372785741994,134.97761112963255,79.47805058712096,-19.150821769367703,84.9776111296324,1.0836008214429873,1611638062526.0,1.0,1.0,1.0,1.0003893685775984,17784.0,0.24891703350969932,1310.4
2040955,long,close,1318.35,-82007.0,1317.45,0.0,0.0,0.04249409346894371,0.015551067622406798,0.05804516109135051,24.66593337950139,58.06533220501127,135.0356562907239,79.52054468058991,-19.150821769367703,85.03565629072375,1.0836374873646413,1611638074816.0,0.6814435274739464,1.0,0.6814435274739464,1.0003893845125793,12290.0,0.24892008257352696,
2040998,long,entry,1317.3,82043.0,1317.3,82043.0,419.3817983049837,0.0,0.01557029530099446,0.01557029530099446,24.681503674802382,58.0720274319907,135.05122658602488,79.52054468058991,-19.150821769367703,85.05122658602474,1.083646121048958,1611638092833.0,1.0,1.0,1.0,1.0003892771420413,18017.0,0.2489253269633105,1310.4
2041052,long,close,1318.2,-82043.0,1317.3,0.0,0.0,0.042522426857521424,0.015559664694280079,0.0580820915518015,24.697063339496662,58.09700273135797,135.10930867757668,79.56306710744742,-19.150821769367703,85.10930867757654,1.0836808973597338,1611638128353.0,0.6813208219566993,1.0,0.6813208219566993,1.0003892931156306,35520.0,0.2489319129411782,
2041702,long,entry,1315.7,81988.0,1315.7,81988.0,418.8722583354839,0.0,0.015578779356996275,0.015578779356996275,24.71264211885366,58.10370160648147,135.12488745693366,79.56306710744742,-19.150821769367703,85.12488745693354,1.0836503531837496,1611638627324.0,1.0,1.0,1.0,1.000389185864897,498971.0,0.2490111886006968,1308.0
2042154,long,close,1316.6,-81988.0,1315.7,0.0,0.0,0.0425973003836962,0.015568130031900352,0.05816543041559655,24.72821024888556,58.128712741560186,135.18305288734928,79.60566440783111,-19.150821769367703,85.18305288734913,1.0836711434238748,1611638834781.0,0.6805793584203426,1.0,0.6805793584203426,1.0003892020112632,207457.0,0.2490663156747005,
2042241,long,entry,1314.25,81942.0,1314.25,81942.0,418.4094190300818,0.0,0.015587217043941412,0.015587217043941412,24.7437974659295,58.135415244889074,135.1986401043932,79.60566440783111,-19.150821769367703,85.19864010439308,1.083675803396368,1611638901519.0,1.0,1.0,1.0,1.0003890948798675,66738.0,0.2490769264168207,1306.8
2042343,long,close,1315.15,-81942.0,1314.25,0.0,0.0,0.04266736217024182,0.015576550203398851,0.05824391237364067,24.7593740161329,58.16046012720975,135.25688401676686,79.64833177000135,-19.150821769367703,85.25688401676672,1.0837107122225236,1611638935871.0,0.6813211325411617,1.0,0.6813211325411617,1.0003891111843057,34352.0,0.24908936659723746,
2042392,long,entry,1313.9,81965.0,1313.9,81965.0,418.2982763517785,0.0,0.015595745490524391,0.015595745490524391,24.774969761623424,58.16716629777067,135.27247976225738,79.64833177000135,-19.150821769367703,85.27247976225725,1.0837181503817626,1611638968470.0,1.0,1.0,1.0,1.0003890041721866,32599.0,0.24909534276233963,1306.8
2042419,long,close,1314.8,-81965.0,1313.9,0.0,0.0,0.04270207161993084,0.01558506997261941,0.058287141592550246,24.790554831596044,58.19222976865547,135.33076690384993,79.69103384162128,-19.150821769367703,85.33076690384979,1.0837543296265695,1611638987297.0,0.6815876711945053,1.0,0.6815876711945053,1.000389020532291,18827.0,0.24909863575127347,
2042453,long,entry,1313.75,82001.0,1313.75,82001.0,418.2525970990806,0.0,0.015604376784015224,0.015604376784015224,24.80615920838006,58.19893965067259,135.34637128063395,79.69103384162128,-19.150821769367703,85.3463712806338,1.0837623089480826,1611639013240.0,1.0,1.0,1.0,1.000388913639473,25943.0,0.24910278247807907,1306.8
2042562,long,close,1314.65,-82001.0,1313.75,0.0,0.0,0.042730579562967705,0.015593694139124481,0.058324273702092186,24.821752902519183,58.22401908836449,135.40469555433603,79.73376442118425,-19.150821769367703,85.4046955543359,1.0837945039598167,1611639080965.0,0.6812706442376981,1.0,0.6812706442376981,1.0003889300374056,67725.0,0.24911607639636757,
2043632,long,entry,1311.65,81914.0,1311.65,81914.0,417.58175387276714,0.0,0.015612777798955512,0.015612777798955512,24.83736568031814,58.23073258281805,135.420308332135,79.73376442118425,-19.150821769367703,85.42030833213485,1.0837370992585602,1611639909420.0,1.0,1.0,1.0,1.0003888232629623,828455.0,0.2492465763281905,1304.4
2043648,long,close,1312.55,-81914.0,1311.65,0.0,0.0,0.04282198779187877,0.015602072302007542,0.058424060093886315,24.85296775262015,58.25585492865842,135.4787323922289,79.77658640897613,-19.150821769367703,85.47873239222874,1.0837747160663591,1611639910790.0,0.6814905961841522,1.0,0.6814905961841522,1.0003888398789689,1370.0,0.2492485277290402,
2043652,long,entry,1311.6,81956.0,1311.6,81956.0,417.5670135690353,0.0,0.015621378469045443,0.015621378469045443,24.868589131089195,58.262572121400105,135.49435377069793,79.77658640897613,-19.150821769367703,85.49435377069778,1.0837845922870435,1611639913356.0,1.0,1.0,1.0,1.0003887332231236,2566.0,0.2492490155792526,1304.4
2043656,long,close,1312.5,-81956.0,1311.6,0.0,0.0,0.042847209515095894,0.015610666666666667,0.05845787618176256,24.884199797755862,58.28770900815827,135.5528116468797,79.81943361849123,-19.150821769367703,85.55281164687955,1.0838219050893942,1611639918489.0,0.6816596679354767,1.0,0.6816596679354767,1.0003887498666482,5133.0,0.24924950342946503,
2043741,long,entry,1311.4,81988.0,1311.4,81988.0,417.50225430106144,0.0,0.015629861217019977,0.015629861217019977,24.89982965897288,58.29442984848158,135.5684415080967,79.81943361849123,-19.150821769367703,85.56844150809657,1.0838289315993686,1611639956023.0,1.0,1.0,1.0,1.0003886433288056,37534.0,0.249259870246479,1304.4
2043865,long,close,1312.3,-81988.0,1311.4,0.0,0.0,0.042877010120596554,0.015619141964489828,0.05849615208508638,24.91544880093737,58.319583193878174,135.6269376601818,79.86231062861182,-19.150821769367703,85.62693766018165,1.0838644127358215,1611639983669.0,0.6811012417498767,1.0,0.6811012417498767,1.0003886600125,27646.0,0.2492749936030641,
2045435,long,entry,1309.6,81920.0,1309.6,81920.0,416.9283641311314,0.0,0.01563836285888821,0.01563836285888821,24.931087163796256,58.32630768990749,135.64257602304068,79.86231062861182,-19.150821769367703,85.64257602304055,1.0838062244905036,1611640821633.0,1.0,1.0,1.0,1.0003885535924542,837964.0,0.2494664748114398,1302.0
2045518,long,close,1310.5,-81920.0,1309.6,0.0,0.0,0.042959256995036554,0.015627623044639452,0.058586880039676006,24.946714786840896,58.35150004832455,135.70116290308036,79.90526988560686,-19.150821769367703,85.70116290308022,1.0838436815297192,1611640825129.0,0.6812596122998881,1.0,0.6812596122998881,1.0003885704665747,3496.0,0.24947659770334754,
2045549,long,entry,1309.3,81946.0,1309.3,81946.0,416.8326570673415,0.0,0.015646910562896205,0.015646910562896205,24.962361697403793,58.358228219866604,135.71680981364327,79.90526988560686,-19.150821769367703,85.71680981364311,1.083853626198438,1611640826756.0,1.0,1.0,1.0,1.0003884641641214,1627.0,0.24948037854249383,1302.0
2045559,long,close,1310.2,-81946.0,1309.3,0.0,0.0,0.04299257977899484,0.015636162417951457,0.05862874219694629,24.977997859821745,58.3834385790113,135.77543855584022,79.94826246538585,-19.150821769367703,85.77543855584005,1.0838909790403024,1611640831624.0,0.6818435621361361,1.0,0.6818435621361361,1.0003884810879602,4868.0,0.24948159816802487,
2046171,long,entry,1308.35,81932.0,1308.35,81932.0,416.5324490614952,0.0,0.015655596743990523,0.015655596743990523,24.993653456565735,58.39017048561121,135.7910941525842,79.94826246538585,-19.150821769367703,85.79109415258405,1.0838795081372796,1611641096078.0,1.0,1.0,1.0,1.0003883749032318,264454.0,0.24955623925052547,1300.8
2046196,long,close,1309.25,-81932.0,1308.35,0.0,0.0,0.043047659559568206,0.015644834829100628,0.05869249438866883,25.009298291394835,58.415408258198326,135.84978664697286,79.99131012494541,-19.150821769367703,85.84978664697272,1.0839169585517723,1611641099893.0,0.6816231376125543,1.0,0.6816231376125543,1.000388391939178,3815.0,0.24955928831435312,
2046310,long,entry,1308.05,81958.0,1308.05,81958.0,416.4367033402617,0.0,0.015664156568938496,0.015664156568938496,25.024962447963773,58.42214384552297,135.8654508035418,79.99131012494541,-19.150821769367703,85.86545080354166,1.0839224608905755,1611641156000.0,1.0,1.0,1.0,1.0003882858715167,56107.0,0.24957319204540715,1300.8
2047216,long,close,1308.95,-81958.0,1308.05,0.0,0.0,0.043081067762853927,0.015653386301997786,0.05873445406485171,25.040615834265772,58.447399660770856,135.92418525760664,80.03439119270827,-19.150821769367703,85.92418525760651,1.0839282807425208,1611641547951.0,0.6801438585657962,1.0,0.6801438585657962,1.0003883029568559,391951.0,0.24968369011852076,
2048001,long,entry,1304.25,81765.0,1304.25,81765.0,415.2281125845679,0.0,0.015672800460034504,0.015672800460034504,25.056288634725806,58.45413896496867,135.93985805806668,80.03439119270827,-19.150821769367703,85.93985805806655,1.0839005098798278,1611642012554.0,1.0,1.0,1.0,1.0003881970062387,464603.0,0.2497794307227086,1297.2
2048084,long,close,1305.15,-81765.0,1304.25,0.0,0.0,0.04323034260899071,0.015661992874382254,0.058892335483372964,25.071950627600188,58.479462669226514,135.99875039355004,80.07762153531726,-19.150821769367703,85.99875039354993,1.0839378844199288,1611642017984.0,0.6809005859100342,1.0,0.6809005859100342,1.0003882144714986,5430.0,0.24978955361461638,
2048106,long,entry,1304.0,81794.0,1304.0,81794.0,415.14791504633,0.0,0.015681365030674847,0.015681365030674847,25.08763199263086,58.4862056561897,136.0144317585807,80.07762153531726,-19.150821769367703,86.0144317585806,1.0839477430003575,1611642020542.0,1.0,1.0,1.0,1.0003881086372701,2558.0,0.24979223679078472,1297.2
2048174,long,close,1304.9,-81794.0,1304.0,0.0,0.0,0.043262253130838604,0.015670549467392138,0.05893280259823074,25.103302542098252,58.511546761306946,136.07336456117895,80.1208837884481,-19.150821769367703,86.07336456117883,1.0839839989850162,1611642039775.0,0.6814518204133282,1.0,0.6814518204133282,1.0003881261464933,19233.0,0.24980053024439589,
2048280,long,entry,1303.55,81810.0,1303.55,81810.0,415.0024345747176,0.0,0.015689846956388323,0.015689846956388323,25.11899238905464,58.51829339549819,136.08905440813533,80.1208837884481,-19.150821769367703,86.08905440813523,1.0839890168491804,1611642101728.0,1.0,1.0,1.0,1.0003880204281597,61953.0,0.24981345827502507,1296.0
2048347,long,close,1304.45,-81810.0,1303.55,0.0,0.0,0.04330058572042218,0.01567902180995822,0.0589796075303804,25.1346714108646,58.54365462673625,136.1480340156657,80.16418437416851,-19.150821769367703,86.1480340156656,1.0840243618156118,1611642132223.0,0.6813189214246744,1.0,0.6813189214246744,1.0003880379991665,30495.0,0.24982162976608313,
2048401,long,entry,1303.25,81836.0,1303.25,81836.0,414.9067346371914,0.0,0.01569844619221178,0.01569844619221178,25.15036985705681,58.5504049585989,136.1637324618579,80.16418437416851,-19.150821769367703,86.16373246185782,1.084032044104499,1611642161465.0,1.0,1.0,1.0,1.0003879323967955,29242.0,0.24982821574395084,1296.0
2048524,long,close,1304.15,-81836.0,1303.25,0.0,0.0,0.04333428385689719,0.015687612621247553,0.05902189647814475,25.166057469678055,58.57578437408449,136.22275435833603,80.2075186580254,-19.150821769367703,86.22275435833596,1.0840661908537617,1611642206706.0,0.6811353099929361,1.0,0.6811353099929361,1.0003879500164734,45241.0,0.24984321713798283,
2059139,long,entry,1305.0,81991.0,1305.0,81991.0,415.4643509767071,0.0,0.015707088122605364,0.015707088122605364,25.181764557800662,58.58253842197722,136.23846144645864,80.2075186580254,-19.150821769367703,86.23846144645857,1.083380100391388,1611650811748.0,1.0,1.0,1.0,1.0003878445299264,8605042.0,0.25113784963919816,1297.2
2059486,long,reentry,1297.2,151929.0,1299.9339680232558,233920.0,750.9895421226583,0.0,0.02928018038852914,0.02928018038852914,25.21104473818919,58.595128899544285,136.26774162684717,80.2075186580254,-19.150821769367703,86.2677416268471,1.0833920160273236,1611650895060.0,0.6797098631795034,1.0,0.6797098631795034,1.0003877776541088,83312.0,0.2511801706451258,1288.8
2059537,long,close,1300.85,-33417.0,1299.9339680232558,200503.0,699.9294465050527,0.018102125827653276,0.006422147057693048,0.024524272885346324,25.217466885246886,58.60567433688498,136.2922658997325,80.22562078385306,-19.150821769367703,86.29226589973244,1.083407312782461,1611650898533.0,0.4210241753737889,1.0,0.4210241753737889,1.0003876973185837,3473.0,0.25118639073533416,1290.0
2059565,long,close,1300.85,-33417.0,1299.9339680232558,167086.0,639.0961656481062,0.018102125827653276,0.006422147057693048,0.024524272885346324,25.22388903230458,58.61621977422568,136.31679017261786,80.24372290968071,-19.150821769367703,86.31679017261779,1.0834214646653562,1611650916236.0,0.46190317393422814,1.0,0.46190317393422814,1.0003876170326322,17703.0,0.25118980568682114,1290.0
2059583,long,close,1300.85,-33417.0,1299.9339680232558,133669.0,565.3867787145119,0.018102125827653276,0.006422147057693048,0.024524272885346324,25.230311179362275,58.62676521156637,136.3413144455032,80.26182503550837,-19.150821769367703,86.34131444550313,1.083436517487502,1611650922678.0,0.5083875648860722,1.0,0.5083875648860722,1.000387536796202,6442.0,0.25119200101277706,1291.2
2059585,long,close,1300.95,-133669.0,1299.9339680232558,0.0,0.0,0.08030751318423841,0.025686805795764635,0.10599431898000305,25.25599798515804,58.67234276872778,136.4473087644832,80.3421325486926,-19.150821769367703,86.44730876448314,1.0835036633872774,1611650924144.0,0.565387978542154,1.0,0.565387978542154,1.00038768730053,1466.0,0.2511922449378832,
2059615,long,entry,1302.65,81979.0,1302.65,81979.0,414.7187549878115,0.0,0.0157331209457644,0.0157331209457644,25.271731106103804,58.67910801073445,136.46304188542896,80.3421325486926,-19.150821769367703,86.46304188542891,1.0835130372622628,1611650931688.0,1.0,1.0,1.0,1.0003875821600803,7544.0,0.25119590381447643,1294.8
2059863,long,reentry,1294.8,151907.0,1297.5514906834956,233886.0,749.6269150986333,0.0,0.02933020543713315,0.02933020543713315,25.301061311540938,58.69171999907242,136.4923720908661,80.3421325486926,-19.150821769367703,86.49237209086604,1.0835257163515293,1611651005388.0,0.6796920216352103,1.0,0.6796920216352103,1.0003875155452806,73700.0,0.2512261505276466,1286.4
2060004,long,close,1298.45,-33412.0,1297.5514906834956,200474.0,698.6615861546912,0.017818667573148032,0.006433054796103046,0.024251722369251077,25.30749436633704,58.702148239691205,136.51662381323536,80.35995121626576,-19.150821769367703,86.5166238132353,1.0835397739378896,1611651021808.0,0.4205782298754525,1.0,0.4205782298754525,1.00038743461226,16420.0,0.2512433472476345,1287.6
2060119,long,close,1301.4,-40094.0,1297.5514906834956,160380.0,624.2057339801771,0.09137692200492749,0.007702090056861841,0.09907901206178933,25.315196456393902,58.74475221487777,136.61570282529715,80.45132813827068,-19.150821769367703,86.61570282529709,1.083600662704672,1611651045522.0,0.4619264614311747,1.0,0.4619264614311747,1.0003875650183476,23714.0,0.2512573729412416,1288.8
2060311,long,close,1298.45,-32076.0,1297.5514906834956,128304.0,550.9599681549033,0.0171061768549113,0.006175825022141784,0.023282001877053083,25.321372281416043,58.75476347568492,136.63898482717423,80.46843431512559,-19.150821769367703,86.63898482717414,1.083608402081044,1611651132669.0,0.5191574671800816,1.0,0.5191574671800816,1.0003874813309035,87147.0,0.25128078975143786,1288.8
2060316,long,close,1298.7,-128304.0,1297.5514906834956,0.0,0.0,0.08744626750939473,0.024698544698544697,0.11214481220793943,25.346070826114588,58.802985744934325,136.75112963938216,80.55588058263498,-19.150821769367703,86.75112963938209,1.0836793306616848,1611651133653.0,0.5757440664113477,1.0,0.5757440664113477,1.0003876481887424,984.0,0.2512813995642034,
2060320,long,entry,1299.5,81962.0,1299.5,81962.0,413.71290931990103,0.0,0.015767987687572142,0.015767987687572142,25.36183881380216,58.809765979639984,136.76689762706974,80.55588058263498,-19.150821769367703,86.76689762706965,1.083688948241389,1611651138150.0,1.0,1.0,1.0,1.0003875433058032,4497.0,0.2512818874144158,1292.4
2060408,long,close,1300.4,-81962.0,1299.5,0.0,0.0,0.043651765360869794,0.015757074746231926,0.05940884010710172,25.37759588854839,58.83531178088604,136.82630646717683,80.59953234799585,-19.150821769367703,86.82630646717675,1.083723218769945,1611651179367.0,0.6812321074701229,1.0,0.6812321074701229,1.000387561333461,41217.0,0.2512926201190891,
2060410,long,entry,1300.75,82086.0,1300.75,82086.0,414.1110698529409,0.0,0.0157766673073227,0.0157766673073227,25.393372555855713,58.84209574782819,136.84208313448417,80.59953234799585,-19.150821769367703,86.84208313448407,1.0837327580180967,1611651184834.0,1.0,1.0,1.0,1.0003874565646917,5467.0,0.2512928640441953,1293.6
2060423,long,close,1301.65,-82086.0,1300.75,0.0,0.0,0.04363385111693963,0.015765758844543464,0.059399609961483094,25.409138314700257,58.86763758011163,136.90148274444564,80.64316619911278,-19.150821769367703,86.90148274444556,1.0837695041359547,1611651194982.0,0.6815387627539194,1.0,0.6815387627539194,1.0003874744941121,10148.0,0.2512944495573857,
2073275,long,entry,1308.15,82599.0,1308.15,82599.0,416.46923165715384,0.0,0.0157854603829836,0.0157854603829836,25.42492377508324,58.874425328076306,136.91726820482862,80.64316619911278,-19.150821769367703,86.91726820482855,1.083166437500418,1611658856876.0,1.0,1.0,1.0,1.0003873698396502,7661894.0,0.2528619122898982,1300.8
2073528,long,close,1309.05,-82599.0,1308.15,0.0,0.0,0.04341137265858956,0.015774607539818953,0.05918598019840851,25.440698382623058,58.89987529956162,136.97645418502702,80.68657757177138,-19.150821769367703,86.97645418502695,1.083199549470647,1611658907386.0,0.6809398363156716,1.0,0.6809398363156716,1.0003873870973943,50510.0,0.25289276881583383,
2076407,long,entry,1304.25,82398.0,1304.25,82398.0,415.2281443044613,0.0,0.015794134560092005,0.015794134560092005,25.45649251718315,58.90666677742245,136.9922483195871,80.68657757177138,-19.150821769367703,86.99224831958705,1.083073342519099,1611660623009.0,1.0,1.0,1.0,1.0003872825570106,1715623.0,0.25324389900622474,1297.2
2076680,long,close,1305.15,-82398.0,1304.25,0.0,0.0,0.04356501889923092,0.0157832433053672,0.05934826220459812,25.472275760488518,58.93218653017044,137.05159658179173,80.73014259067061,-19.150821769367703,87.05159658179164,1.0831035470185777,1611660710582.0,0.6808882997967559,1.0,0.6808882997967559,1.0003873001990595,87573.0,0.2532771947832225,
2077798,long,entry,1301.55,82272.0,1301.55,82272.0,414.3667109002339,0.0,0.015802696784602974,0.015802696784602974,25.488078457273122,58.938981689787816,137.06739927857632,80.73014259067061,-19.150821769367703,87.06739927857625,1.0830520201976854,1611661486190.0,1.0,1.0,1.0,1.0003871957720183,775608.0,0.25341354891759454,1294.8
2077821,long,close,1302.45,-82272.0,1301.55,0.0,0.0,0.043678996064779096,0.015791777035586776,0.05947077310036587,25.50387023430871,58.964554122220974,137.1268700516767,80.7738215867354,-19.150821769367703,87.12687005167662,1.083088749055473,1611661491758.0,0.681550329772338,1.0,0.681550329772338,1.0003872136856482,5568.0,0.25341635405631596,
2077843,long,entry,1301.45,82311.0,1301.45,82311.0,414.3353533848709,0.0,0.015811402666256868,0.015811402666256868,25.519681636974965,58.97135302536747,137.14268145434295,80.7738215867354,-19.150821769367703,87.14268145434288,1.0830969146094054,1611661513410.0,1.0,1.0,1.0,1.0003871093719883,21652.0,0.25341903723248427,1293.6
2078594,long,close,1302.35,-82311.0,1301.45,0.0,0.0,0.04370641501786777,0.0158004760625024,0.05950689108037017,25.535482113037467,58.99694098853203,137.20218834542334,80.81752800175326,-19.150821769367703,87.20218834542325,1.0831198520751206,1611661693170.0,0.6800499201661229,1.0,0.6800499201661229,1.000387127314666,179760.0,0.25351063110986655,
2078855,long,entry,1298.7,82182.0,1298.7,82182.0,413.45919481495025,0.0,0.01582005082005082,0.01582005082005082,25.551302163857518,59.00374361038466,137.2180083962434,80.81752800175326,-19.150821769367703,87.2180083962433,1.0831214364201813,1611661797920.0,1.0,1.0,1.0,1.0003870231139826,104750.0,0.2535424633362271,1291.2
2079089,long,close,1299.6,-82182.0,1298.7,0.0,0.0,0.04382285545720456,0.01580909510618652,0.05963195056339108,25.567111258963703,59.02938534912691,137.27764034680678,80.86135085721047,-19.150821769367703,87.27764034680669,1.0831525741116725,1611661874732.0,0.6806031712514868,1.0,0.6806031712514868,1.0003870413338767,76812.0,0.2535710025736538,
2079131,long,entry,1297.95,82180.0,1297.95,82180.0,413.22143345065575,0.0,0.015828806964829155,0.015828806964829155,25.582940065928533,59.03619173612179,137.2934691537716,80.86135085721047,-19.150821769367703,87.29346915377153,1.0831615339061975,1611661886310.0,1.0,1.0,1.0,1.0003869372461058,11578.0,0.2535761250008842,1291.2
2079164,long,close,1298.85,-82180.0,1297.95,0.0,0.0,0.04387242951332162,0.015817838857450823,0.059690268370772445,25.598757904785984,59.06185855152123,137.3531594221424,80.9052232867238,-19.150821769367703,87.3531594221423,1.0831977330334333,1611661899389.0,0.6815003596033177,1.0,0.6815003596033177,1.0003869555560936,13079.0,0.2535801497651367,
2079179,long,entry,1297.8,82216.0,1297.8,82216.0,413.17469683122016,0.0,0.015837571274464477,0.015837571274464477,25.614595476060448,59.068668707169245,137.36899699341686,80.9052232867238,-19.150821769367703,87.36899699341676,1.0832069945597214,1611661907156.0,1.0,1.0,1.0,1.000386851580986,7767.0,0.2535819792034333,1290.0
2079224,long,close,1298.7,-82216.0,1297.8,0.0,0.0,0.043901791474604414,0.015826595826595825,0.05972838730120024,25.630422071887043,59.09435191370877,137.42872538071808,80.9491250781984,-19.150821769367703,87.42872538071796,1.0832424730437207,1611661929370.0,0.681438167439306,1.0,0.681438167439306,1.0003868699244438,22214.0,0.25358746751832306,
2079255,long,entry,1297.6,82248.0,1297.6,82248.0,413.10910177169035,0.0,0.01584617755856967,0.01584617755856967,25.646268249445612,59.101165770058955,137.44457155827664,80.9491250781984,-19.150821769367703,87.44457155827654,1.0832504711226225,1611661953069.0,1.0,1.0,1.0,1.000386766061316,23699.0,0.2535912483574693,1290.0
2079547,long,reentry,1290.0,152405.0,1292.6638687764487,234653.0,746.7643905516296,0.0,0.029535852713178296,0.029535852713178296,25.67580410215879,59.113866186725616,137.4741074109898,80.9491250781984,-19.150821769367703,87.47410741098972,1.0832624355752225,1611662034312.0,0.6797479733542461,1.0,0.6797479733542461,1.0003867003548965,81243.0,0.25362686142297614,1281.6
2080281,long,reentry,1281.6,434812.0,1285.477977190742,669465.0,1038.1808599619674,0.0,0.08481819600499377,0.08481819600499377,25.76062229816378,59.15033801100776,137.5589256069948,80.9491250781984,-19.150821769367703,87.5589256069947,1.0833130705380682,1611662062033.0,0.41729593808151877,1.0,0.41729593808151877,1.0003867883369164,27721.0,0.2537163819369556,1263.6
2084615,long,reentry,1263.6,152701.0,1281.4145775913867,822166.0,1078.1335408110165,0.0,0.03021149889205445,0.03021149889205445,25.790833797055836,59.16332895553134,137.58913710588683,80.9491250781984,-19.150821769367703,87.58913710588676,1.0832924317725108,1611662559386.0,0.1783618693664933,1.0,0.1783618693664933,1.000386724480374,497353.0,0.254244967642115,0.05
2087573,long,close,1282.3,-43271.0,1281.4145775913867,778895.0,1067.3957420006793,0.023316756559788855,0.00843620837557514,0.031752964935363996,25.79927000543141,59.17698273045354,137.62089007082218,80.9724418347582,-19.150821769367703,87.62089007082213,1.0832626652561552,1611663184253.0,0.14376083801690315,1.0,0.14376083801690315,1.000386664932613,624867.0,0.25460573287420124,1256.4
2087590,long,close,1283.1,-43271.0,1281.4145775913867,735624.0,1055.6131888337381,0.044356322300448066,0.008430948484139974,0.05278727078458804,25.80770095391555,59.19968125689091,137.67367734160678,81.01679815705864,-19.150821769367703,87.67367734160672,1.0832952090451797,1611663187686.0,0.16791725756105444,1.0,0.16791725756105444,1.0003866637514112,3433.0,0.25460780623760404,1257.6
2087618,long,close,1283.95,-43272.0,1281.4145775913867,692352.0,1042.6296338328607,0.06668367418968899,0.008425561743058531,0.07510923593274751,25.81612651565861,59.23197822834199,137.7487865775395,81.08348183124833,-19.150821769367703,87.74878657753946,1.0833412139437555,1611663196105.0,0.17745495084447874,1.0,0.17745495084447874,1.0003867243708402,8419.0,0.25461122118909096,1258.8
2087654,long,close,1283.1,-38464.0,1281.4145775913867,653888.0,1029.9937467045763,0.0394287532288238,0.007494349622009197,0.046923102850832996,25.82362086528062,59.25215516256785,137.79570968039036,81.12291058447715,-19.150821769367703,87.79570968039029,1.083369583133042,1611663205894.0,0.1870651172797468,1.0,0.1870651172797468,1.000386706795384,9789.0,0.2546156118410028,1260.0
2087662,long,close,1283.95,-38464.0,1281.4145775913867,615424.0,1016.1062816342168,0.05927437705750132,0.007489388216052027,0.06676376527355335,25.83111025349667,59.28086358163548,137.8624734456639,81.18218496153466,-19.150821769367703,87.86247344566384,1.083410941545039,1611663207088.0,0.19726151764899352,1.0,0.19726151764899352,1.0003867440813472,1194.0,0.25461658754142763,1261.2
2087688,long,close,1283.95,-36201.0,1281.4145775913867,579223.0,1001.755556645949,0.055787014451398845,0.007048755792671054,0.0628357702440699,25.838159009289342,59.30788296284043,137.925309215908,81.23797197598606,-19.150821769367703,87.9253092159079,1.0834489229497648,1611663219885.0,0.2084550271603827,1.0,0.2084550271603827,1.0003867703921048,12797.0,0.2546197585678084,1262.4
2087724,long,close,1284.9,-38614.0,1281.4145775913867,540609.0,984.8258027260329,0.08174124005553232,0.007513036033932601,0.08925427608946493,25.845672045323273,59.3462623015589,138.01456349199745,81.31971321604159,-19.150821769367703,88.01456349199736,1.0835032785943526,1611663232584.0,0.22002915354385558,1.0,0.22002915354385558,1.0003868695601472,12699.0,0.25462414921972015,1262.4
2087745,long,close,1285.95,-41585.0,1281.4145775913867,499024.0,964.4021655231473,0.11445656401117309,0.008084490065710177,0.12254105407688326,25.85375653538898,59.398954954811956,138.1371045460743,81.43416978005277,-19.150821769367703,88.13710454607424,1.0835790458900176,1611663234978.0,0.23356877487370495,1.0,0.23356877487370495,1.0003870603027296,2394.0,0.2546267104333354,1263.6
2087850,long,close,1284.4,-38386.0,1281.4145775913867,460638.0,943.2811122148765,0.0696287646629099,0.007471582061663032,0.07710034672457293,25.861228117450644,59.43210810390353,138.2142048927989,81.50379854471568,-19.150821769367703,88.21420489279882,1.0836254254596827,1611663252317.0,0.24911265190707563,1.0,0.24911265190707563,1.0003871254221504,17339.0,0.2546395165014115,1264.8
2087926,long,close,1283.45,-35433.0,1281.4145775913867,425205.0,921.4606888613458,0.04385244990590232,0.006901905021621411,0.05075435492752373,25.868130022472265,59.45393247652237,138.26495924772644,81.54765099462158,-19.150821769367703,88.26495924772634,1.0836550544918884,1611663274887.0,0.2644694824633502,1.0,0.2644694824633502,1.0003871178458816,22570.0,0.2546487856554475,1266.0
2087962,long,close,1283.55,-35433.0,1281.4145775913867,389772.0,896.9354614391708,0.04600332989393754,0.006901367301624402,0.05290469719556194,25.875031389773888,59.476681496316466,138.317863944922,81.59365432451551,-19.150821769367703,88.3178639449219,1.0836862352163252,1611663294531.0,0.28198800883520014,1.0,0.28198800883520014,1.0003871161398574,19644.0,0.2546531763073593,1267.2
2087964,long,close,1283.65,-35433.0,1281.4145775913867,354339.0,869.1706559151233,0.0481538747625969,0.006900829665407237,0.05505470442800414,25.881932219439296,59.5003550192205,138.37291864935,81.6418081992781,-19.150821769367703,88.3729186493499,1.0837202849043528,1611663294693.0,1.0,1.0,1.0,1.0003871202897152,162.0,0.2546534202324655,1267.2
2088003,long,close,1282.3,-32212.0,1281.4145775913867,322127.0,840.6072097874812,0.01735756886376369,0.006280121656398659,0.023637690520162347,25.888212341095695,59.51051922614417,138.39655633987016,81.65916576814186,-19.150821769367703,88.39655633987006,1.0837340514041462,1611663305418.0,0.3220197691769709,1.0,0.3220197691769709,1.0003870380709092,10725.0,0.2546581767720366,1268.4
2088223,long,close,1282.3,-32212.0,1281.4145775913867,289915.0,808.1475130947988,0.01735756886376369,0.006280121656398659,0.023637690520162347,25.894492462752094,59.52068343306784,138.42019403039032,81.67652333700562,-19.150821769367703,88.42019403039022,1.0837433801382095,1611663371810.0,0.34255653856758855,1.0,0.34255653856758855,1.0003869559034984,66392.0,0.25468500853371984,1269.6
2088261,long,close,1284.15,-36239.0,1281.4145775913867,253676.0,765.8033288771687,0.060241418407341714,0.007055055873535022,0.06729647428087673,25.90154751862563,59.54962091700862,138.4874905046712,81.73676475541296,-19.150821769367703,88.4874905046711,1.0837840538241583,1611663383474.0,0.37033190767478374,1.0,0.37033190767478374,1.0003869935846383,11664.0,0.25468964311073783,1269.6
2088268,long,close,1284.4,-36239.0,1281.4145775913867,217437.0,715.7835027385199,0.06573429903139666,0.007053682653379009,0.07278798168477567,25.90860120127901,59.580919749133066,138.56027848635597,81.80249905444435,-19.150821769367703,88.56027848635587,1.0838289255608922,1611663384792.0,0.4037192798589358,1.0,0.4037192798589358,1.0003870462001605,1318.0,0.2546904968486096,1270.8
2088305,long,close,1284.75,-36239.0,1281.4145775913867,181198.0,655.7956293167247,0.07342074052953003,0.007051761043004476,0.08047250157253451,25.915652962322014,59.61552292480926,138.64075098792853,81.87591979497388,-19.150821769367703,88.6407509879284,1.0838776629351308,1611663396853.0,0.44255792006657063,1.0,0.44255792006657063,1.0003871197148382,12061.0,0.2546950094630745,1272.0
2088361,long,close,1285.25,-36239.0,1281.4145775913867,144959.0,582.536090276873,0.08439410920178167,0.0070490177008364135,0.09144312690261808,25.92270198002285,59.65484346937739,138.73219411483115,81.96031390417566,-19.150821769367703,88.73219411483102,1.0839313320434756,1611663431583.0,0.48927562842823513,1.0,0.48927562842823513,1.0003872230578201,34730.0,0.2547018393660484,1273.2
2088368,long,close,1285.6,-144959.0,1281.4145775913867,0.0,0.0,0.368289176290203,0.028188977909147483,0.3964781541993505,25.950890957931996,59.82532907568311,139.1286722690305,82.32860308046587,-19.150821769367703,89.12867226903037,1.0841755906134158,1611663432329.0,1.0,1.0,1.0,1.0003881588178556,746.0,0.25470269310392013,
2096822,long,entry,1268.9,81424.0,1268.9,81424.0,403.9729568309816,0.0,0.016042241311372052,0.016042241311372052,25.966933199243368,59.832227239447,139.14471451034186,82.32860308046587,-19.150821769367703,89.14471451034174,1.083853698644214,1611667590511.0,1.0,1.0,1.0,1.000388055371703,4158182.0,0.25573376452787444,1261.55
2096916,long,close,1269.8,-81424.0,1268.9,0.0,0.0,0.045481232257778934,0.01603087100330761,0.06151210326108654,25.982964070246677,59.85867744384925,139.20622661360292,82.37408431272365,-19.150821769367703,89.20622661360282,1.0838893930199125,1611667615595.0,0.6813088065391435,1.0,0.6813088065391435,1.0003880758400776,25084.0,0.25574522900786634,
2096954,long,entry,1268.55,81447.0,1268.55,81447.0,403.8618149974311,0.0,0.016051200189192386,0.016051200189192386,25.99901527043587,59.86557945993061,139.22227781379212,82.37408431272365,-19.150821769367703,89.22227781379202,1.0838978987678145,1611667632273.0,1.0,1.0,1.0,1.0003879725037776,16678.0,0.25574986358488433,1261.55
2096971,long,close,1269.45,-81447.0,1268.55,0.0,0.0,0.04551917813312916,0.016039820394659104,0.06155899852778826,26.01505509083053,59.89204982929756,139.28383681231992,82.41960349085679,-19.150821769367703,89.2838368123198,1.083935054064479,1611667639077.0,0.6814969913269471,1.0,0.6814969913269471,1.0003879930223118,6804.0,0.25575193694828713,
2096979,long,entry,1268.5,81489.0,1268.5,81489.0,403.8452258525495,0.0,0.016060110366574693,0.016060110366574693,26.031115201197103,59.898955676755186,139.2998969226865,82.41960349085679,-19.150821769367703,89.29989692268639,1.0839445870587892,1611667642836.0,1.0,1.0,1.0,1.0003878897954879,3759.0,0.25575291264871197,1261.55
2097225,long,close,1269.4,-81489.0,1268.5,0.0,0.0,0.045546240207709865,0.016048723806522766,0.06159496401423263,26.047163925003627,59.925441511281306,139.36149188670072,82.4651497310645,-19.150821769367703,89.36149188670062,1.0839708631746676,1611667786367.0,0.6810069306062011,1.0,0.6810069306062011,1.0003879103342554,143531.0,0.25578291543677595,
2097686,long,entry,1267.05,81441.0,1267.05,81441.0,403.3828046164672,0.0,0.016069018586480407,0.016069018586480407,26.06323294359011,59.9323511892735,139.3775609052872,82.4651497310645,-19.150821769367703,89.3775609052871,1.08396475775972,1611667986656.0,1.0,1.0,1.0,1.0003878072166732,200289.0,0.2558391401737576,1260.4
2098320,long,reentry,1260.4,150910.0,1262.730881511162,232351.0,729.3459976825686,0.0,0.0299329577911774,0.0299329577911774,26.093165901381287,59.9452223611237,139.40749386307837,82.4651497310645,-19.150821769367703,89.40749386307827,1.0839693600766167,1611668158913.0,0.6799438214650952,1.0,0.6799438214650952,1.0003877417873692,172257.0,0.25591646443242655,1252.35
2099506,long,reentry,1252.35,430546.0,1255.9885866884297,662897.0,1014.2311681714323,0.0,0.08594761847726275,0.08594761847726275,26.17911351985855,59.98217983706892,139.49344148155564,82.4651497310645,-19.150821769367703,89.49344148155554,1.0840110605282494,1611668295055.0,0.4175948273715814,1.0,0.4175948273715814,1.0003878282396967,136142.0,0.2560611120204097,1235.1
2103278,long,close,1256.85,-34889.0,1255.9885866884297,628008.0,1002.3138053222191,0.019038422394405466,0.0069397700600708125,0.02597819245447628,26.186053289918622,59.99335045982434,139.5194196740101,82.4841881534589,-19.150821769367703,89.51941967401001,1.0839739520868288,1611668961123.0,0.18388157861884347,1.0,0.18388157861884347,1.0003877520718878,666068.0,0.2565211547707238,1235.1
2103326,long,close,1257.65,-34889.0,1255.9885866884297,593119.0,989.2924310723693,0.03669616834298797,0.006935355623583668,0.04363152396657164,26.192988645542204,60.01211201512997,139.56305119797668,82.52088432180189,-19.150821769367703,89.56305119797658,1.08399926024311,1611668977781.0,0.20239222908350057,1.0,0.20239222908350057,1.000387723738188,16658.0,0.2565270089732729,1236.25
2103360,long,close,1258.55,-37069.0,1255.9885866884297,556050.0,974.07085088863,0.06006678197515405,0.007363434110682929,0.06743021608583698,26.200352079652887,60.041107008046886,139.63048141406253,82.58095110377704,-19.150821769367703,89.63048141406242,1.0840397167681,1611668986419.0,0.21344271033800893,1.0,0.21344271033800893,1.0003877597608613,8638.0,0.25653115570007845,1237.4
2103366,long,close,1258.65,-37070.0,1255.9885866884297,518980.0,957.2338632992498,0.0624085708943768,0.0073630477098478525,0.06977161860422465,26.207715127362736,60.0711088040467,139.70025303266675,82.64335967467142,-19.150821769367703,89.70025303266664,1.084082233045194,1611668986877.0,0.22603722467233714,1.0,0.22603722467233714,1.0003878019954158,458.0,0.2565318874753971,1238.55
2103395,long,close,1259.75,-39921.0,1255.9885866884297,479059.0,936.9384275558882,0.09490353922627938,0.007922405239134749,0.10282594446541413,26.21563753260187,60.11532396016682,139.80307897713215,82.7382632138977,-19.150821769367703,89.80307897713205,1.0841446653683016,1611668989941.0,0.23950594796277921,1.0,0.23950594796277921,1.0003879333361825,3064.0,0.25653542438943716,1239.7
2103414,long,close,1259.95,-39921.0,1255.9885866884297,439138.0,914.0258370098859,0.09993383740581732,0.007921147664589864,0.10785498507040718,26.22355868026646,60.161701603747105,139.91093396220256,82.83819705130351,-19.150821769367703,89.91093396220245,1.084210335579259,1611668990264.0,0.2558074443559268,1.0,0.2558074443559268,1.000388077933121,323.0,0.2565377416779462,1239.7
2103451,long,close,1260.15,-39921.0,1255.9885866884297,399217.0,887.9579571755363,0.1049625388553856,0.007919890489227473,0.11288242934461308,26.231478570755687,60.21024104836528,140.02381639154717,82.9431595901589,-19.150821769367703,90.02381639154706,1.0842783439463342,1611668999036.0,0.27412179398833714,1.0,0.27412179398833714,1.000388235735925,8772.0,0.25654225429241106,1240.85
2103460,long,close,1259.45,-39921.0,1255.9885866884297,359296.0,858.0846000717866,0.08735509642429477,0.007924292349835245,0.09527938877413002,26.23940286310552,60.25121118553815,140.1190957803213,83.03051468658319,-19.150821769367703,90.11909578032119,1.0843362485183132,1611668999650.0,0.2947677252199695,1.0,0.2947677252199695,1.0003883458236855,614.0,0.256543351955389,1242.0
2103467,long,close,1259.75,-39921.0,1255.9885866884297,319375.0,823.4395920088558,0.09490353922627938,0.007922405239134749,0.10282594446541413,26.247325268344657,60.29542634165827,140.22192172478668,83.12541822580947,-19.150821769367703,90.2219217247866,1.084398622010356,1611669001271.0,0.3190345210127874,1.0,0.3190345210127874,1.000388475933407,1621.0,0.25654420569326075,1243.15
2103551,long,close,1261.65,-45625.0,1255.9885866884297,273750.0,776.2971588752534,0.16300583628100995,0.009040740300400269,0.17204657658141023,26.256366008645056,60.369406369588276,140.3939683013681,83.28842406209048,-19.150821769367703,90.393968301368,1.0845020696884395,1611669014229.0,0.3466061559144171,1.0,0.3466061559144171,1.00038879149523,12958.0,0.25655445054772164,1244.3
2103593,long,close,1260.95,-45625.0,1255.9885866884297,228125.0,718.738674868454,0.14293043849273585,0.009045759149847336,0.1519761976425832,26.2654117677949,60.434756134574585,140.54594449901066,83.43135450058323,-19.150821769367703,90.54594449901059,1.0845933333130935,1611669025874.0,0.38433090738737935,1.0,0.38433090738737935,1.0003890524911805,11645.0,0.2565595729749521,1245.45
2103699,long,close,1259.25,-38020.0,1255.9885866884297,190105.0,660.1092191556545,0.07840076484863537,0.007548143736351003,0.08594890858498637,26.272959911531252,60.47171416526612,140.63189340759564,83.50975526543186,-19.150821769367703,90.63189340759557,1.0846440282551297,1611669043401.0,0.4290740528489523,1.0,0.4290740528489523,1.00038913618524,17527.0,0.25657250100558127,1246.6
2103832,long,close,1256.85,-31684.0,1255.9885866884297,158421.0,601.3628231876414,0.017289500276429327,0.006302263595496679,0.023591763871926005,26.27926217512675,60.48185862373106,140.65548517146757,83.5270447657083,-19.150821769367703,90.65548517146749,1.0846567956392617,1611669062462.0,0.47424696813694833,1.0,0.47424696813694833,1.0003890529188826,19061.0,0.25658872202514427,1246.6
2103932,long,close,1256.85,-31684.0,1255.9885866884297,126737.0,530.5399359795639,0.017289500276429327,0.006302263595496679,0.023591763871926005,26.285564438722247,60.492003082195986,140.6790769353395,83.54433426598473,-19.150821769367703,90.67907693533941,1.0846695588104651,1611669081542.0,0.5212270027565452,1.0,0.5212270027565452,1.0003889697045583,19080.0,0.25660091828045484,1247.75
2103945,long,close,1257.0,-126737.0,1255.9885866884297,0.0,0.0,0.08119160325519571,0.025206245027844073,0.10639784828303979,26.31077068375009,60.5377541569577,140.78547478362256,83.62552586923992,-19.150821769367703,90.78547478362245,1.0847335657471766,1611669086829.0,0.5779148446799285,1.0,0.5779148446799285,1.0003891077274722,5287.0,0.2566025037936452,
2116435,long,entry,1270.75,82514.0,1270.75,82514.0,404.5627520455653,0.0,0.016233326775526264,0.016233326775526264,26.327004010525616,60.54473448747118,140.8017081103981,83.62552586923992,-19.150821769367703,90.80170811039797,1.084332422277843,1611674233664.0,1.0,1.0,1.0,1.0003890048575321,5146835.0,0.25812581608193347,1263.85
2116484,long,close,1271.65,-82514.0,1270.75,0.0,0.0,0.04595602279864051,0.016221837769826605,0.06217786056846711,26.343225848295443,60.571470967515616,140.86388597096655,83.67148189203856,-19.150821769367703,90.86388597096644,1.0843695995114555,1611674236950.0,0.6814466519326258,1.0,0.6814466519326258,1.000389024606885,3286.0,0.25813179224703564,
2116737,long,entry,1270.1,82517.0,1270.1,82517.0,404.35335927192637,0.0,0.016242225021651843,0.016242225021651843,26.359468073317096,60.578455124274925,140.8801281959882,83.67148189203856,-19.150821769367703,90.88012819598809,1.0843738320584004,1611674306692.0,1.0,1.0,1.0,1.0003889218450035,69742.0,0.25816264877297135,1262.7
2116749,long,close,1271.0,-82517.0,1270.1,0.0,0.0,0.04600472862152416,0.01623072383949646,0.06223545246102062,26.37569879715659,60.605216368833155,140.9423636484492,83.71748662066008,-19.150821769367703,90.94236364844912,1.0844107752340617,1611674313080.0,0.6816115281323415,1.0,0.6816115281323415,1.000388941671838,6388.0,0.2581641123236086,
2116831,long,entry,1269.9,82550.0,1269.9,82550.0,404.28978586761355,0.0,0.01625127962831719,0.01625127962831719,26.39195007678491,60.61220441907333,140.9586149280775,83.71748662066008,-19.150821769367703,90.95861492807744,1.0844179176993025,1611674346201.0,1.0,1.0,1.0,1.0003888390181794,33121.0,0.25817411325296324,1262.7
2116912,long,close,1270.8,-82550.0,1269.9,0.0,0.0,0.046037619343660977,0.016239770223481272,0.06227738956714225,26.40818984700839,60.6389836965872,141.02089231764464,83.76352424000375,-19.150821769367703,91.02089231764458,1.084454815038185,1611674353219.0,0.6811469017961169,1.0,0.6811469017961169,1.0003888588805232,7018.0,0.2581839922197648,
2156335,long,entry,1332.45,86665.0,1332.45,86665.0,424.2056839628548,0.0,0.016260460054786298,0.016260460054786298,26.42445030706318,60.64597569441075,141.03715277769942,83.76352424000375,-19.150821769367703,91.03715277769936,1.0828505657174843,1611695029226.0,1.0,1.0,1.0,1.0003887563351903,20676007.0,0.2629921219508447,1325.0
2156386,long,close,1333.4,-86665.0,1332.45,0.0,0.0,0.04633999415643491,0.016248875056247187,0.0625888692126821,26.440699182119427,60.6728889081722,141.0997416469121,83.80986423416019,-19.150821769367703,91.09974164691204,1.082885433344414,1611695055462.0,0.6813837434558699,1.0,0.6813837434558699,1.0003887769488693,26236.0,0.2629983420410531,
2157416,long,entry,1330.45,86583.0,1330.45,86583.0,423.5679386794945,0.0,0.016269495283550678,0.016269495283550678,26.45696867740298,60.679884791144126,141.11601114219565,83.80986423416019,-19.150821769367703,91.11601114219559,1.0828054930900906,1611696225246.0,1.0,1.0,1.0,1.0003886745108939,1169784.0,0.2631239634707518,1322.5
2157602,long,close,1331.4,-86583.0,1330.45,0.0,0.0,0.04643539287779647,0.01625788643533123,0.06269327931312771,26.47322656383831,60.70684290124877,141.17870442150877,83.85629962703798,-19.150821769367703,91.17870442150871,1.0828331587520257,1611696345704.0,0.6808680062689814,1.0,0.6808680062689814,1.0003886953239225,120458.0,0.2631466485056294,
2172712,long,entry,1348.95,87836.0,1348.95,87836.0,429.45744326829725,0.0,0.016278587049186402,0.016278587049186402,26.489505150887496,60.71384269367992,141.19498300855795,83.85629962703798,-19.150821769367703,91.1949830085579,1.0823538233727317,1611702776682.0,1.0,1.0,1.0,1.0003885929931442,6430978.0,0.2649895026830542,1341.25
2172750,long,close,1349.9,-87836.0,1348.95,0.0,0.0,0.04582460240529712,0.01626713089858508,0.0620917333038822,26.50577228178608,60.740542139000596,141.25707474186186,83.90212422944329,-19.150821769367703,91.25707474186179,1.0823898741703097,1611702779677.0,0.6815059008689578,1.0,0.6815059008689578,1.000388612134363,2995.0,0.2649941372600722,
2172923,long,entry,1348.5,87856.0,1348.5,87856.0,429.31606247262886,0.0,0.016287727104189843,0.016287727104189843,26.522060008890268,60.7475458616554,141.27336246896604,83.90212422944329,-19.150821769367703,91.27336246896597,1.0823917988679665,1611702880045.0,1.0,1.0,1.0,1.0003885099115157,100368.0,0.2650152367817595,1341.25
2172951,long,close,1349.45,-87856.0,1348.5,0.0,0.0,0.0458656215464927,0.016276260698803217,0.06214188224529592,26.53833626958907,60.77426687102088,141.33550435121134,83.94798985098979,-19.150821769367703,91.33550435121127,1.082427096004827,1611702893097.0,0.6815162741300973,1.0,0.6815162741300973,1.0003885291109722,13052.0,0.26501865173324646,
2173010,long,entry,1348.3,87891.0,1348.3,87891.0,429.24988803858747,0.0,0.0162966327968553,0.0162966327968553,26.554632902385926,60.78127442312353,141.3518009840082,83.94798985098979,-19.150821769367703,91.35180098400812,1.0824335370928029,1611702933707.0,1.0,1.0,1.0,1.0003884269951941,40610.0,0.26502584752387964,1341.25
2173031,long,close,1349.25,-87891.0,1348.3,0.0,0.0,0.045897502040434815,0.016285158421345192,0.062182660461780004,26.57091806080727,60.808012967122096,141.41398364447,83.99388735303022,-19.150821769367703,91.41398364446991,1.082468675991911,1611702948888.0,0.6815653649565375,1.0,0.6815653649565375,1.000388446227862,15181.0,0.2650284087374949,
2173212,long,entry,1347.85,87911.0,1347.85,87911.0,429.1084660908908,0.0,0.016305783284490116,0.016305783284490116,26.58722384409176,60.81502445393442,141.43028942775447,83.99388735303022,-19.150821769367703,91.4302894277544,1.0824675447530037,1611703089549.0,1.0,1.0,1.0,1.0003883442195727,140661.0,0.26505048395960695,1340.0
2173361,long,close,1348.8,-87911.0,1347.85,0.0,0.0,0.04593859466271861,0.016294298635824437,0.06223289329854305,26.603518142727584,60.84178459805279,141.492522321053,84.03982594769293,-19.150821769367703,91.49252232105295,1.082495588273065,1611703198540.0,0.6811380523196057,1.0,0.6811380523196057,1.0003883635102258,108991.0,0.2650686563800197,
2174989,long,entry,1345.5,87806.0,1345.5,87806.0,428.35874453871963,0.0,0.016314752879970272,0.016314752879970272,26.619832895607555,60.84879994179118,141.50883707393297,84.03982594769293,-19.150821769367703,91.50883707393291,1.0824244892177282,1611704264567.0,1.0,1.0,1.0,1.0003882616087076,1066027.0,0.2652672114164755,1337.5
2176034,long,close,1346.45,-87806.0,1345.5,0.0,0.0,0.046044087002040886,0.016303241858219762,0.06234732886026065,26.636136137465776,60.87560929320109,141.57118440279322,84.08587003469498,-19.150821769367703,91.57118440279316,1.0824211336722451,1611704789523.0,0.6798873485493259,1.0,0.6798873485493259,1.0003882811263025,524956.0,0.26539466228447084,
2176323,long,entry,1341.85,87617.0,1341.85,87617.0,427.1984395317892,0.0,0.016323918470767973,0.016323918470767973,26.652460055936544,60.88262857814351,141.58750832126398,84.08587003469498,-19.150821769367703,91.58750832126394,1.082402651319556,1611705160167.0,1.0,1.0,1.0,1.0003881793317508,370644.0,0.2654299094623183,1333.75
2176996,long,close,1342.8,-87617.0,1341.85,0.0,0.0,0.046195181850547516,0.016312369675305333,0.06250755152585286,26.66877242561185,60.90950682529964,141.65001587278985,84.13206521654553,-19.150821769367703,91.6500158727898,1.0824207414342863,1611705402003.0,0.6798332912150272,1.0,0.6798332912150272,1.0003881991959722,241836.0,0.2655119902605584,
2178758,long,entry,1337.1,87355.0,1337.1,87355.0,425.684655466574,0.0,0.0163329219953631,0.0163329219953631,26.685105347607212,60.91652998175764,141.66634879478522,84.13206521654553,-19.150821769367703,91.66634879478515,1.0823390870197287,1611706611003.0,1.0,1.0,1.0,1.0003880975075805,1209000.0,0.2657268882791303,1330.0
2179004,long,close,1338.05,-87355.0,1337.1,0.0,0.0,0.04638474166315145,0.01632132580994731,0.06270606747309876,26.70142667341716,60.94349359077108,141.72905486225832,84.17844995820867,-19.150821769367703,91.72905486225825,1.082368008621392,1611706710148.0,0.6805368439275242,1.0,0.6805368439275242,1.0003881178178464,99145.0,0.2657568910671943,
2179230,long,entry,1335.9,87325.0,1335.9,87325.0,425.301606509769,0.0,0.016341979190059135,0.016341979190059135,26.71776865260722,60.950520641822806,141.74539684144838,84.17844995820867,-19.150821769367703,91.74539684144831,1.0823641687184287,1611706886989.0,1.0,1.0,1.0,1.0003880162353291,176841.0,0.26578445460419614,1328.75
2179314,long,close,1336.85,-87325.0,1335.9,0.0,0.0,0.04645212321667538,0.016330366159254966,0.06278248937593034,26.734099018766475,60.97751711225445,141.80817933082432,84.22490208142536,-19.150821769367703,91.80817933082425,1.0823928756649808,1611706989189.0,0.6814220175956787,1.0,0.6814220175956787,1.000388036669501,102200.0,0.265794699458657,
2179378,long,entry,1335.55,87351.0,1335.55,87351.0,425.19064857036506,0.0,0.016351128748455693,0.016351128748455693,26.750450147514933,60.98454809761629,141.82453045957277,84.22490208142536,-19.150821769367703,91.8245304595727,1.082397592999387,1611707052386.0,1.0,1.0,1.0,1.0003879351928322,63197.0,0.26580250506205577,1327.5
2180046,long,close,1336.5,-87351.0,1335.55,0.0,0.0,0.04649030246475088,0.016339506172839507,0.06282980863759038,26.766789653687773,61.01156491533045,141.88736026821036,84.2713923838901,-19.150821769367703,91.88736026821029,1.0823955153751053,1611707563286.0,0.6804279229084066,1.0,0.6804279229084066,1.000387955674112,510900.0,0.2658839760475303,
2180245,long,entry,1333.1,87240.0,1333.1,87240.0,424.4125253988852,0.0,0.01636036306353612,0.01636036306353612,26.78315001675131,61.018599871447776,141.9037206312739,84.2713923838901,-19.150821769367703,91.90372063127383,1.0823894103212333,1611707770198.0,1.0,1.0,1.0,1.000387854303282,206912.0,0.26590824659559825,1325.0
2180477,long,close,1334.05,-87240.0,1333.1,0.0,0.0,0.04660198616351283,0.01634871256699524,0.06295069873050807,26.799498729318305,61.04566867190191,141.96667133000443,84.31799437005361,-19.150821769367703,91.96667133000433,1.08241686310477,1611707889491.0,0.6804603784077058,1.0,0.6804603784077058,1.000387875024094,119293.0,0.26593654190791877,
2180685,long,entry,1332.0,87216.0,1332.0,87216.0,424.0598458062283,0.0,0.01636936936936937,0.01636936936936937,26.815868098687673,61.052707500730726,141.9830406993738,84.31799437005361,-19.150821769367703,91.9830406993737,1.0824204668190478,1611707967412.0,1.0,1.0,1.0,1.0003877737581808,77921.0,0.2659619101189647,1325.0
2181140,long,reentry,1325.0,161611.0,1327.453560104008,248827.0,766.7300647042914,0.0,0.030492641509433965,0.030492641509433965,26.846360740197106,61.06581933657978,142.0135333408832,84.31799437005361,-19.150821769367703,92.01353334088314,1.0824189138644036,1611708222304.0,0.6799427557219304,1.0,0.6799427557219304,1.0003877095078453,254892.0,0.2660174030806277,1316.4
2183181,long,close,1328.4,-35546.0,1327.453560104008,213281.0,714.5872778515819,0.01907811982675144,0.006689626618488407,0.025767746445239846,26.853050366815594,61.076899467551236,142.03930108732845,84.33707248988036,-19.150821769367703,92.03930108732838,1.0823338638603828,1611709551442.0,0.4182183286256231,1.0,0.4182183286256231,1.0003876329358126,1329138.0,0.26626632865151617,1316.4
2183261,long,close,1328.4,-35546.0,1327.453560104008,177735.0,652.4668102922163,0.01907811982675144,0.006689626618488407,0.025767746445239846,26.859739993434083,61.087979598522686,142.0650688337737,84.3561506097071,-19.150821769367703,92.06506883377362,1.0823412089489233,1611709651727.0,0.46127839130643306,1.0,0.46127839130643306,1.0003875564083942,100285.0,0.2662760856557646,1317.6
2183562,long,close,1328.4,-35547.0,1327.453560104008,142188.0,577.1994346997762,0.019078656543114088,0.006689814814814814,0.025768471357928903,26.8664298082489,61.0990600412066,142.09083730513163,84.37522926625022,-19.150821769367703,92.09083730513156,1.0823285559688902,1611710018287.0,0.5072933280783717,1.0,0.5072933280783717,1.0003874799274386,366560.0,0.2663127963842494,1318.8
2183566,long,close,1328.55,-142188.0,1327.453560104008,0.0,0.0,0.08839964785440907,0.02675623800383877,0.11515588585824785,26.893186046252737,61.14857707212564,142.20599319098986,84.46362891410462,-19.150821769367703,92.2059931909898,1.082394727613335,1611710021573.0,0.5655254537449934,1.0,0.5655254537449934,1.0003876367198836,3286.0,0.26631328423446177,
2184471,long,entry,1321.3,86662.0,1321.3,86662.0,420.6559194579715,0.0,0.016397108907893743,0.016397108907893743,26.90958315516063,61.15562782895603,142.22239029989774,84.46362891410462,-19.150821769367703,92.2223902998977,1.0823174961698265,1611711176385.0,1.0,1.0,1.0,1.0003875357679002,1154812.0,0.2664236603450223,1314.0
2184738,long,reentry,1314.0,160584.0,1316.5587172289945,247246.0,760.4980134618253,0.0,0.030552511415525115,0.030552511415525115,26.940135666576154,61.1687654088647,142.25294281131326,84.46362891410462,-19.150821769367703,92.25294281131322,1.0823245442829506,1611711316989.0,0.6798539370158898,1.0,0.6798539370158898,1.000387471770649,140604.0,0.26645622434670146,1305.6
2185262,long,close,1317.5,-35320.0,1316.5587172289945,211926.0,708.7841013537468,0.019166814848520147,0.006702087286527514,0.02586890213504766,26.94683775386268,61.17988903678277,142.2788117134483,84.48279572895314,-19.150821769367703,92.27881171344826,1.0823088687869225,1611711724709.0,0.4205729421243236,1.0,0.4205729421243236,1.0003873956071452,407720.0,0.2665201327245288,1305.6
2185411,long,close,1320.5,-42385.0,1316.5587172289945,169541.0,633.234456035937,0.09608844025726687,0.00802442256720939,0.10411286282447627,26.95486217642989,61.224657567797294,142.38292457627279,84.5788841692104,-19.150821769367703,92.38292457627274,1.082363883449438,1611711789605.0,0.46200303514080476,1.0,0.46200303514080476,1.0003875230775512,64896.0,0.26653830514494153,1306.8
2185682,long,close,1317.5,-33908.0,1316.5587172289945,135633.0,558.9179078777581,0.018400576384020984,0.006434155597722961,0.024834731981743945,26.961296332027615,61.235336502549444,142.40775930825453,84.59728474559442,-19.150821769367703,92.40775930825448,1.0823622412403033,1611712001897.0,0.5177561068951816,1.0,0.5177561068951816,1.000387444201294,212292.0,0.2665713569968331,1308.0
2185685,long,close,1317.75,-135633.0,1316.5587172289945,0.0,0.0,0.09313372442191384,0.025731929425156515,0.11886565384707035,26.98702826145277,61.28644873370368,142.52662496210158,84.69041847001634,-19.150821769367703,92.52662496210155,1.0824303201352452,1611712004687.0,1.0,1.0,1.0,1.000387609625314,2790.0,0.26657172288449243,
2185819,long,entry,1317.1,86581.0,1317.1,86581.0,419.3177694106489,0.0,0.01643402171437249,0.01643402171437249,27.003462283167142,61.293515363040854,142.54305898381594,84.69041847001634,-19.150821769367703,92.54305898381592,1.0824344416782887,1611712075523.0,1.0,1.0,1.0,1.0003875089072096,70836.0,0.2665880658666086,1309.2
2185832,long,close,1318.0,-86581.0,1317.1,0.0,0.0,0.04488807145049304,0.016422799696509862,0.0613108711470029,27.019885082863652,61.31987903763406,142.60436985496293,84.73530654146683,-19.150821769367703,92.60436985496293,1.0824690702888877,1611712083085.0,0.6815630548218037,1.0,0.6815630548218037,1.0003875246602387,7562.0,0.26658965137979895,
2185969,long,entry,1316.75,86605.0,1316.75,86605.0,419.20564841766526,0.0,0.016442946648946268,0.016442946648946268,27.0363280295126,61.3269495046931,142.62081280161186,84.73530654146683,-19.150821769367703,92.62081280161188,1.0824651561366836,1611712260943.0,1.0,1.0,1.0,1.0003874240478798,177858.0,0.2666063602495744,1309.2
2186372,long,reentry,1309.2,160479.0,1311.8463378850918,247084.0,757.8199401008465,0.0,0.030644477543538037,0.030644477543538037,27.06697250705614,61.34012663003683,142.6514572791554,84.73530654146683,-19.150821769367703,92.65145727915541,1.0824484913864805,1611712717326.0,0.6797879170319174,1.0,0.6797879170319174,1.0003873602975557,456383.0,0.26665551115847597,1300.8
2190038,long,reentry,1300.8,457846.0,1304.6718359979004,704930.0,1053.6440948168888,0.0,0.08799315805658058,0.08799315805658058,27.15496566511272,61.37796368800115,142.73945043721199,84.73530654146683,-19.150821769367703,92.73945043721199,1.0821778371423185,1611717012183.0,0.4173977012486285,1.0,0.4173977012486285,1.000387445029324,4294857.0,0.26710262587816086,1282.8
2190267,long,close,1305.6,-37101.0,1304.6718359979004,667829.0,1041.2668137830412,0.020216171234717115,0.007104204963235295,0.027320376197952412,27.162069870075953,61.389711449766274,142.76677081340995,84.75552271270155,-19.150821769367703,92.76677081340993,1.0821888307270038,1611717073930.0,0.18894304147726204,1.0,0.18894304147726204,1.0003873726543089,61747.0,0.26713055530282204,1284.0
2190842,long,close,1305.6,-35148.0,1304.6718359979004,632681.0,1028.5136604298154,0.019151990150072427,0.006730238970588236,0.02588222912066066,27.16880010904654,61.400840808288166,142.79265304253062,84.77467470285163,-19.150821769367703,92.79265304253059,1.0821735815232987,1611717477039.0,0.1979767281960708,1.0,0.1979767281960708,1.0003872966013245,403109.0,0.2672006837708577,1284.0
2190860,long,close,1306.45,-37216.0,1304.6718359979004,595465.0,1013.7370947394712,0.03882463901647711,0.007121589038998813,0.04594622805547593,27.17592169808554,61.42059768635202,142.8385992705861,84.81349934186811,-19.150821769367703,92.83859927058606,1.0821993237141476,1611717483201.0,0.21250054712314576,1.0,0.21250054712314576,1.0003872724294711,6162.0,0.2672028790968136,1285.2
2190865,long,close,1306.5,-37216.0,1304.6718359979004,558249.0,997.49346471183,0.03991481720843795,0.007121316494450823,0.047036133702888776,27.18304301457999,61.440823223844255,142.88563540428896,84.85341415907655,-19.150821769367703,92.88563540428895,1.0822260523783656,1611717484351.0,0.22405213001686158,1.0,0.22405213001686158,1.0003872510509944,1150.0,0.2672034889095792,1286.4
2190931,long,close,1305.6,-34890.0,1304.6718359979004,523359.0,980.7648902891555,0.019011407088199244,0.006680836397058824,0.025692243485258066,27.18972385097705,61.45187088854291,142.91132764777421,84.87242556616475,-19.150821769367703,92.9113276477742,1.0822383817488355,1611717515409.0,0.23578359340216049,1.0,0.23578359340216049,1.0003871745811412,31058.0,0.26721153843808415,1286.4
2190940,long,close,1305.6,-34890.0,1304.6718359979004,488469.0,962.3206977444479,0.019011407088199244,0.006680836397058824,0.025692243485258066,27.19640468737411,61.46291855324157,142.93701989125947,84.89143697325295,-19.150821769367703,92.93701989125945,1.0822526952384985,1611717519795.0,0.24871508653019617,1.0,0.24871508653019617,1.0003870981557328,4386.0,0.26721263610106205,1287.6
2190947,long,close,1306.75,-37574.0,1304.6718359979004,450895.0,940.1689562894288,0.045800840998512574,0.007188444614501626,0.0529892856130142,27.20359313198861,61.48570394605517,142.9900091768725,84.93723781425146,-19.150821769367703,92.99000917687246,1.082282758150373,1611717521463.0,0.2632951596214753,1.0,0.2632951596214753,1.0003870921223723,1668.0,0.26721348983893384,1288.8
2190969,long,close,1306.8,-37574.0,1304.6718359979004,413321.0,915.267456103152,0.046901000872172416,0.007188169574533211,0.05408917044670563,27.210781301563145,61.50896228934725,143.0440983473192,84.98413881512363,-19.150821769367703,93.04409834731916,1.082311746196897,1611717545805.0,0.2801156536834389,1.0,0.2801156536834389,1.0003870888750286,24342.0,0.26721617301510214,1290.0
2190970,long,close,1306.95,-37574.0,1304.6718359979004,375747.0,887.0664017231618,0.050200975427224064,0.007187344580894449,0.05738832000811851,27.21796864614404,61.53363926695075,143.10148666732732,85.03433979055086,-19.150821769367703,93.10148666732728,1.0823444006210403,1611717546006.0,1.0,1.0,1.0,1.0003870940661324,201.0,0.26721629497765526,1290.0
2190972,long,close,1307.05,-37574.0,1304.6718359979004,338173.0,854.8682086668141,0.05240053767224334,0.007186794690333193,0.05958733236257653,27.225155440834374,61.559261819866656,143.1610739996899,85.0867403282231,-19.150821769367703,93.16107399968986,1.0823779887501368,1611717550298.0,0.3214255867483941,1.0,0.3214255867483941,1.0003871048478172,4292.0,0.2672165389027614,1291.2
2190988,long,close,1307.25,-37574.0,1304.6718359979004,300599.0,817.755191927973,0.0567986526099134,0.007185695161598777,0.06398434777151218,27.232341135995974,61.58677508940842,143.22505834746144,85.14353898083301,-19.150821769367703,93.22505834746137,1.0824136324476492,1611717560373.0,0.3460310521214703,1.0,0.3460310521214703,1.0003871268533067,10075.0,0.26721849030361117,1292.4
2190990,long,close,1307.45,-37574.0,1304.6718359979004,263025.0,774.5133542520125,0.061195421992512315,0.007184595969253127,0.06838001796176545,27.239525731965227,61.61617849713198,143.2934383654232,85.20473440282552,-19.150821769367703,93.29343836542314,1.0824523594889903,1611717562411.0,0.37461364948916104,1.0,0.37461364948916104,1.0003871600516963,2038.0,0.26721873422871734,1293.6
2191052,long,close,1309.85,-43837.0,1304.6718359979004,219188.0,713.9532636744542,0.13282926662993544,0.008366797724930337,0.14119606435486579,27.24789252969016,61.67689280480457,143.43463442977807,85.33756366945546,-19.150821769367703,93.43463442977801,1.0825305540069037,1611717589586.0,0.4077964948182035,1.0,0.4077964948182035,1.000387379832775,27175.0,0.2672262959070099,1293.6
2191095,long,close,1308.55,-43837.0,1304.6718359979004,175351.0,639.084044318258,0.09958074867522597,0.008375109854419013,0.10795585852964498,27.25626763954458,61.723313823972326,143.54259028830774,85.43714441813069,-19.150821769367703,93.54259028830766,1.0825864829990604,1611717661222.0,0.4542684779862762,1.0,0.4542684779862762,1.0003875139995626,71636.0,0.2672315402967934,1294.8
2191102,long,close,1309.3,-43837.0,1304.6718359979004,131514.0,543.9625364583543,0.11877064370558725,0.008370312380661422,0.12714095608624867,27.26463795192524,61.77798443508941,143.66973124439397,85.55591506183627,-19.150821769367703,93.66973124439392,1.082658330472654,1611717664875.0,0.5119074011392997,1.0,0.5119074011392997,1.0003876969223802,3653.0,0.2672323940346652,1296.0
2191105,long,close,1309.55,-131514.0,1304.6718359979004,0.0,0.0,0.37549573786931306,0.025106716047497233,0.4006024539168103,27.289744667972737,61.950243490273635,144.07033369831078,85.93141079970559,-19.150821769367703,94.07033369831072,1.0828850139091788,1611717667181.0,0.5846028740295118,1.0,0.5846028740295118,1.0003885771664842,2306.0,0.2672327599223245,
2194767,long,entry,1298.85,86306.0,1298.85,86306.0,413.50734401613875,0.0,0.016612002925665014,0.016612002925665014,27.306356670898403,61.957386651531664,144.08694570123643,85.93141079970559,-19.150821769367703,94.08694570123639,1.082624272463996,1611721275787.0,1.0,1.0,1.0,1.0003884768693574,3608606.0,0.267679386791797,1291.2
2194800,long,close,1299.75,-86306.0,1298.85,0.0,0.0,0.04601131797068795,0.01660050009617234,0.0626118180668603,27.322957170994574,61.98430973330041,144.14955751930327,85.97742211767627,-19.150821769367703,94.14955751930324,1.0826580384113085,1611721296071.0,0.6815990267065999,1.0,0.6815990267065999,1.000388493767373,20284.0,0.26768341155604947,
2195018,long,entry,1298.35,86320.0,1298.35,86320.0,413.3474447870841,0.0,0.016621096006469754,0.016621096006469754,27.339578267001045,61.99145680458319,144.16617861530975,85.97742211767627,-19.150821769367703,94.16617861530972,1.0826541170394919,1611721474045.0,1.0,1.0,1.0,1.0003883935742894,177974.0,0.26770999939262646,1291.2
2195300,long,reentry,1291.2,159950.0,1293.7061436634588,246270.0,747.29097806112,0.0,0.030969253407682775,0.030969253407682775,27.370547520408728,62.00477358354849,144.19714786871742,85.97742211767627,-19.150821769367703,94.1971478687174,1.0826648044045137,1611721564514.0,0.6798610194113124,1.0,0.6798610194113124,1.000388329940759,90469.0,0.26774439283260226,1282.8
2195588,long,reentry,1282.8,456338.0,1286.6226948739552,702608.0,1039.0354718327512,0.0,0.08893397256002496,0.08893397256002496,27.459481492968752,62.043015191749305,144.28608184127745,85.97742211767627,-19.150821769367703,94.28608184127742,1.08271391110006,1611721577262.0,0.4174305374694056,1.0,0.4174305374694056,1.0003884136331886,12748.0,0.2677795180478966,1264.8
2196175,long,close,1287.5,-36979.0,1286.6226948739552,665629.0,1026.829694475318,0.019584269828654813,0.007180388349514563,0.026764658178169375,27.466661881318267,62.054523994765916,144.31284649945562,85.99700638750492,-19.150821769367703,94.31284649945559,1.0827210754642536,1611721682971.0,0.18819011498339624,1.0,0.18819011498339624,1.000388339297273,105709.0,0.2678511100665696,1266.0
2196206,long,close,1287.5,-35033.0,1286.6226948739552,630596.0,1014.25303132057,0.01855365815482474,0.00680252427184466,0.0253561824266694,27.47346440559011,62.06542715320938,144.33820268188228,86.01556004565975,-19.150821769367703,94.33820268188225,1.0827347668007743,1611721690626.0,0.20184244502501508,1.0,0.20184244502501508,1.000388261428722,7655.0,0.26785489090571585,1266.0
2196221,long,close,1288.4,-37093.0,1286.6226948739552,593503.0,999.6791140914936,0.039769673830476554,0.007197493014591741,0.0469671668450683,27.4806618986047,62.085623034952754,144.38516984872734,86.05532971949023,-19.150821769367703,94.38516984872732,1.0827609719040057,1611721693411.0,0.21229183650157651,1.0,0.21229183650157651,1.0003882384174634,2785.0,0.2678567203440125,1267.2
2196227,long,close,1288.45,-37093.0,1286.6226948739552,556410.0,983.6583209182938,0.04088690663183774,0.0071972137063914,0.04808412033822914,27.487859112311092,62.1062992066982,144.4332539690656,86.09621662612207,-19.150821769367703,94.43325396906555,1.082787985877449,1611721693666.0,1.0,1.0,1.0,1.000388218215043,255.0,0.2678574521193311,1268.4
2196253,long,close,1289.5,-39743.0,1286.6226948739552,516667.0,964.5863345331205,0.06892456152974784,0.0077051182628925935,0.07662967979264043,27.495564230573986,62.139249969009036,144.50988364885822,86.16514118765181,-19.150821769367703,94.50988364885819,1.0828304494541046,1611721701698.0,0.23658647969088564,1.0,0.23658647969088564,1.00038827027281,8032.0,0.26786062314571185,1269.6
2196264,long,close,1289.6,-39743.0,1286.6226948739552,476924.0,943.2453341743559,0.071314486549252,0.0077045207816377175,0.07901900733088972,27.503268751355623,62.173228142161314,144.5889026561891,86.23645567420107,-19.150821769367703,94.58890265618908,1.082874452905324,1611721706791.0,0.2515624344094347,1.0,0.2515624344094347,1.000388328234094,5093.0,0.267861964733796,1269.6
2196279,long,close,1287.5,-34066.0,1286.6226948739552,442858.0,922.9106814809703,0.018041529948969817,0.006614757281553398,0.024656287230523214,27.509883508637177,62.18383034567043,144.6135589434196,86.25449720415004,-19.150821769367703,94.6135589434196,1.0828876315189706,1611721715691.0,0.2673822647189469,1.0,0.2673822647189469,1.0003882486196538,8900.0,0.26786379417209255,1270.8
2196281,long,close,1288.75,-36904.0,1286.6226948739552,405954.0,898.2097783497596,0.04734600528024463,0.007158874878758488,0.054504880159003115,27.517042383515935,62.20726744413881,144.66806382357862,86.30184320943029,-19.150821769367703,94.6680638235786,1.0829182116741862,1611721715913.0,1.0,1.0,1.0,1.0003882444733336,222.0,0.2678640380971988,1272.0
2196294,long,close,1287.5,-33829.0,1286.6226948739552,372125.0,872.780471870532,0.017916013522095344,0.0065687378640776695,0.024484751386173013,27.523611121380014,62.217795887234864,144.6925485749648,86.31975922295238,-19.150821769367703,94.69254857496477,1.0829312111448541,1611721725820.0,0.3024696914267612,1.0,0.3024696914267612,1.0003881644804047,9907.0,0.2678656236103892,1273.2
2196334,long,close,1287.5,-33829.0,1286.6226948739552,338296.0,844.1035568153733,0.017916013522095344,0.0065687378640776695,0.024484751386173013,27.530179859244093,62.22832433033092,144.717033326351,86.33767523647448,-19.150821769367703,94.71703332635094,1.0829444681494038,1611721732256.0,0.3216907811684682,1.0,0.3216907811684682,1.0003880845354338,6436.0,0.2678705021125134,1273.2
2196350,long,close,1289.15,-37588.0,1286.6226948739552,300708.0,807.5357262561848,0.057273303764932754,0.007289299150603111,0.06456260291553587,27.537469158394696,62.256086249584605,144.78159592926653,86.39494854023941,-19.150821769367703,94.78159592926647,1.0829793356433282,1611721750270.0,0.3444619603033641,1.0,0.3444619603033641,1.0003881057192774,18014.0,0.2678724535133631,1274.4
2196362,long,close,1289.35,-37588.0,1286.6226948739552,263120.0,764.9199349961273,0.061796078279594324,0.007288168456974445,0.06908424673656877,27.54475732685167,62.28579247568133,144.8506801760031,86.45674461851901,-19.150821769367703,94.85068017600304,1.0830174636646108,1611721758386.0,0.37317726751829167,1.0,0.37317726751829167,1.000388138208193,8116.0,0.2678739170640003,1275.6
2196367,long,close,1289.6,-37588.0,1286.6226948739552,225532.0,714.6230796359537,0.06744757367116937,0.007286755583126552,0.07473432925429592,27.552044082434797,62.31792823726067,144.92541450525738,86.52419219219018,-19.150821769367703,94.92541450525734,1.0830591706322532,1611721760758.0,0.4067858893356646,1.0,0.4067858893356646,1.00038818481436,2372.0,0.2678745268767659,1275.6
2196447,long,close,1287.5,-32218.0,1286.6226948739552,193314.0,663.8012774046654,0.017062819582454928,0.006255922330097087,0.023318741912552017,27.558300004764895,62.32795529628307,144.94873324716994,86.54125501177263,-19.150821769367703,94.94873324716988,1.0830667819198143,1611721833474.0,0.44473731186017584,1.0,0.44473731186017584,1.0003881019456204,72716.0,0.2678842838810143,1276.8
2196523,long,close,1287.5,-32219.0,1286.6226948739552,161095.0,603.6936958865049,0.017063349187631614,0.006256116504854368,0.023319465692485983,27.56455612126975,62.33798266653084,144.97205271286242,86.55831836096027,-19.150821769367703,94.97205271286236,1.083075719701703,1611721888468.0,0.4838047533693648,1.0,0.4838047533693648,1.0003880191296723,54994.0,0.26789355303505036,1278.0
2196814,long,close,1287.5,-32219.0,1286.6226948739552,128876.0,531.5019870807566,0.017063349187631614,0.006256116504854368,0.023319465692485983,27.570812237774604,62.348010036778604,144.9953721785549,86.57538171014791,-19.150821769367703,94.99537217855485,1.083072502965866,1611722105501.0,0.5289347306882253,1.0,0.5289347306882253,1.0003879363646409,217033.0,0.26792904413800406,1278.0
2196819,long,close,1287.85,-128876.0,1286.6226948739552,0.0,0.0,0.09545707142318535,0.025017665100749313,0.12047473652393467,27.59582990287535,62.39981417348391,145.11584691507886,86.67083878157109,-19.150821769367703,95.11584691507878,1.0831398773070078,1611722106189.0,1.0,1.0,1.0,1.0003880976364565,688.0,0.26792965395076956,
2196828,long,entry,1288.55,86243.0,1288.55,86243.0,410.2283953687168,0.0,0.01673256761476078,0.01673256761476078,27.61256247049011,62.40700917755825,145.13257948269361,86.67083878157109,-19.150821769367703,95.13257948269354,1.0831488226383919,1611722111722.0,1.0,1.0,1.0,1.0003879983172257,5533.0,0.2679307516137475,1281.6
2197356,long,reentry,1281.6,159808.0,1284.0360350090023,246051.0,741.6831752829024,0.0,0.031173533083645445,0.031173533083645445,27.643736003573757,62.42041379678422,145.16375301577725,86.67083878157109,-19.150821769367703,95.16375301577719,1.0831243519004472,1611722670256.0,0.6798966912186675,1.0,0.6798966912186675,1.000387935282357,558534.0,0.26799514784178724,1273.2
2198623,long,close,1284.95,-35150.0,1284.0360350090023,210901.0,691.2454489932372,0.019471143135520456,0.0068387875014592,0.026309930636979655,27.650574791075215,62.43172706695812,145.19006294641423,86.69030992470661,-19.150821769367703,95.19006294641417,1.0830785678345882,1611723477301.0,0.4174653037363318,1.0,0.4174653037363318,1.0003878600864617,807045.0,0.26814967439657195,1274.4
2198642,long,close,1284.95,-35150.0,1284.0360350090023,175751.0,631.1556340979383,0.019471143135520456,0.0068387875014592,0.026309930636979655,27.657413578576673,62.44304033713202,145.2163728770512,86.70978106784213,-19.150821769367703,95.21637287705116,1.0830914812984906,1611723501045.0,0.46181450561099563,1.0,0.46181450561099563,1.0003877849333147,23744.0,0.26815199168508097,1274.4
2198809,long,close,1284.95,-35150.0,1284.0360350090023,140601.0,558.349949223698,0.019471143135520456,0.0068387875014592,0.026309930636979655,27.66425236607813,62.454353607305926,145.2426828076882,86.72925221097765,-19.150821769367703,95.24268280768814,1.083093841135144,1611723665634.0,0.5080626390507106,1.0,0.5080626390507106,1.0003877098228733,164589.0,0.2681723594314496,1275.6
2198810,long,close,1285.0,-140601.0,1284.0360350090023,0.0,0.0,0.0821427676639797,0.027354280155642025,0.10949704781962172,27.691606646233772,62.50143733786836,145.3521798555078,86.81139497864163,-19.150821769367703,95.35217985550776,1.0831549339522717,1611723665709.0,1.0,1.0,1.0,1.0003878428582973,75.0,0.26817248139400274,
2199314,long,entry,1283.05,86015.0,1283.05,86015.0,408.47825046195504,0.0,0.016759869062000703,0.016759869062000703,27.708366515295772,62.50864408156502,145.36893972456983,86.81139497864163,-19.150821769367703,95.36893972456976,1.083106304656969,1611724439635.0,1.0,1.0,1.0,1.0003877438482254,773926.0,0.2682339505207679,1275.6
2199659,long,close,1283.95,-86015.0,1283.05,0.0,0.0,0.04699211700082296,0.016748121032750498,0.06374023803357345,27.725114636328524,62.53605238391946,145.4326799626034,86.85838709564246,-19.150821769367703,95.43267996260333,1.0831275488947603,1611724630245.0,0.6804144658592849,1.0,0.6804144658592849,1.0003877622676374,190610.0,0.2682760276015893,
2206195,long,entry,1283.35,86083.0,1283.35,86083.0,408.5745440425739,0.0,0.016769197802625944,0.016769197802625944,27.74188383413115,62.543263138974595,145.44944916040603,86.85838709564246,-19.150821769367703,95.44944916040596,1.0826716324323395,1611730878773.0,1.0,1.0,1.0,1.0003876633588191,6248528.0,0.26907317484868715,1275.6
2206206,long,close,1284.25,-86083.0,1283.35,0.0,0.0,0.04700728992754489,0.016757445980144052,0.06376473590768894,27.758641280111295,62.5706819754149,145.51321389631372,86.90539438557,-19.150821769367703,95.51321389631364,1.082706912996888,1611730879040.0,0.6815723294812766,1.0,0.6815723294812766,1.000387681767119,267.0,0.2690745164367713,
2206259,long,entry,1283.2,86120.0,1283.2,86120.0,408.52482041233884,0.0,0.016778366583541145,0.016778366583541145,27.775419646694836,62.57789667304582,145.52999226289725,86.90539438557,-19.150821769367703,95.52999226289718,1.0827156562871119,1611730886368.0,1.0,1.0,1.0,1.000387582958966,7328.0,0.2690809804520859,1275.6
2206518,long,close,1284.1,-86120.0,1283.2,0.0,0.0,0.04703848586615539,0.016766606962074604,0.06380509282822999,27.79218625365691,62.60533286296196,145.59379735572548,86.95243287143616,-19.150821769367703,95.59379735572541,1.0827480446605655,1611730925713.0,0.6808399840528603,1.0,0.6808399840528603,1.0003876013956405,39345.0,0.2691125687533403,
2206591,long,entry,1282.3,86107.0,1282.3,86107.0,408.23745345145,0.0,0.01678760820400842,0.01678760820400842,27.80897386186092,62.612551534489675,145.61058496392948,86.95243287143616,-19.150821769367703,95.61058496392943,1.0827554903070433,1611730950545.0,1.0,1.0,1.0,1.0003875026881275,24832.0,0.269121472019717,1275.6
2206684,long,close,1283.2,-86107.0,1282.3,0.0,0.0,0.04709740456237412,0.01677583385286783,0.06387323841524195,27.82574969571379,62.640017027008234,145.67445820234474,86.99953027599854,-19.150821769367703,95.67445820234467,1.082788677757475,1611730979331.0,0.6810894043813375,1.0,0.6810894043813375,1.0003875212221633,28786.0,0.26913281453715576,
2206789,long,entry,1281.85,86125.0,1281.85,86125.0,408.0959222528771,0.0,0.01679701213090455,0.01679701213090455,27.842546707844694,62.64723974222452,145.69125521447563,86.99953027599854,-19.150821769367703,95.69125521447558,1.0827917070686452,1611731063714.0,1.0,1.0,1.0,1.0003874226154545,84383.0,0.26914562060523184,1274.4
2206809,long,close,1282.75,-86125.0,1281.85,0.0,0.0,0.04714031858995483,0.016785227051257064,0.06392554564121189,27.859331934895952,62.67472772685024,145.75518076011684,87.04667059458849,-19.150821769367703,95.75518076011679,1.0828250707735307,1611731090209.0,0.6816103590771391,1.0,0.6816103590771391,1.0003874412071059,26495.0,0.269148059856294,
2208315,long,entry,1279.45,86011.0,1279.45,86011.0,407.3305931774362,0.0,0.016806244870842937,0.016806244870842937,27.876138179766794,62.681954412144705,145.7719870049877,87.04667059458849,-19.150821769367703,95.77198700498764,1.0827028380714727,1611732865991.0,1.0,1.0,1.0,1.0003873427005547,1775782.0,0.2693317354612709,1272.0
2208341,long,close,1280.35,-86011.0,1279.45,0.0,0.0,0.047254642507927526,0.016794431210215958,0.06404907371814349,27.89293261097701,62.70949551384352,145.83603607870586,87.09392523709641,-19.150821769367703,95.83603607870577,1.0827373645428346,1611732876716.0,0.6815615110210405,1.0,0.6815615110210405,1.0003873615263232,10725.0,0.2693349064876517,
2208406,long,entry,1279.25,86045.0,1279.25,86045.0,407.2660691388316,0.0,0.016815516904436195,0.016815516904436195,27.909748127881446,62.71672618611243,145.8528515956103,87.09392523709641,-19.150821769367703,95.8528515956102,1.082743164594258,1611732923625.0,1.0,1.0,1.0,1.0003872631197235,46909.0,0.26934283405360354,1272.0
2208999,long,reentry,1272.0,159441.0,1274.5411887032255,245486.0,736.2542877699731,0.0,0.03133667452830189,0.03133667452830189,27.941084802409748,62.73020095615959,145.8841882701386,87.09392523709641,-19.150821769367703,95.88418827013851,1.0827345909072639,1611733273035.0,0.6798096865923726,1.0,0.6798096865923726,1.0003872007818078,349410.0,0.2694151578475951,1263.6
2210208,long,close,1275.45,-35069.0,1274.5411887032255,210417.0,686.1906349463618,0.01960558411164675,0.006873848445646634,0.026479432557293382,27.947958650855394,62.74158711215923,145.9106677026959,87.11353082120806,-19.150821769367703,95.9106677026958,1.0827228051643272,1611733629734.0,0.4179808001818395,1.0,0.4179808001818395,1.0003871264370419,356699.0,0.2695626105742997,1264.8
2210857,long,reentry,1264.8,389902.0,1268.214370865101,600319.0,988.9047863507824,0.0,0.07706791587602785,0.07706791587602785,28.025026566731423,62.77472631598592,145.98773561857192,87.11353082120806,-19.150821769367703,95.98773561857183,1.0827356627273614,1611734029752.0,0.4574495869172866,1.0,0.4574495869172866,1.0003871773941366,400018.0,0.2696417642712652,1248.9
2212317,long,close,1269.1,-33351.0,1268.214370865101,566968.0,975.0791295294894,0.01835152845386269,0.006569813253486723,0.02492134170734941,28.03159637998491,62.78544249292008,146.01265696027926,87.13188234966192,-19.150821769367703,96.01265696027919,1.082706177058171,1611734614476.0,0.21409458288899116,1.0,0.21409458288899116,1.0003870992098287,584724.0,0.2698198295987993,1250.05
2212343,long,close,1269.1,-33351.0,1268.214370865101,533617.0,959.9802053651277,0.01835152845386269,0.006569813253486723,0.02492134170734941,28.0381661932384,62.796158669854236,146.0375783019866,87.15023387811578,-19.150821769367703,96.03757830198654,1.0827185913395518,1611734631905.0,0.23122235224544532,1.0,0.23122235224544532,1.0003870210714572,17429.0,0.26982300062518005,1251.2
2213424,long,reentry,1251.2,330659.0,1261.7049284463792,864276.0,1062.583483274656,0.0,0.0660683743606138,0.0660683743606138,28.104234567599015,62.8245680708293,146.1036466763472,87.15023387811578,-19.150821769367703,96.10364667634715,1.0827307392474657,1611734959074.0,0.23272173171472033,1.0,0.23272173171472033,1.0003870446670766,327169.0,0.26995484214508714,0.05
2216695,long,close,1262.6,-45488.0,1261.7049284463792,818788.0,1052.0455902111855,0.025558244052163157,0.009006811341675908,0.03456505539383906,28.11324137894069,62.83943104464864,146.13821173174102,87.17579212216795,-19.150821769367703,96.138211731741,1.0826486971246179,1611736328663.0,0.14887782187940576,1.0,0.14887782187940576,1.0003869903824538,1369589.0,0.27035378165629537,1237.4
2216710,long,close,1263.4,-45488.0,1261.7049284463792,773300.0,1040.4806780057875,0.048371126981855174,0.009001108120943485,0.05737223510279866,28.122242487061634,62.86410110574285,146.19558396684383,87.2241632491498,-19.150821769367703,96.1955839668438,1.0826800562735657,1611736330087.0,0.16696049551731296,1.0,0.16696049551731296,1.0003869924013755,1424.0,0.27035561109459194,1238.55
2216753,long,close,1262.6,-40700.0,1261.7049284463792,732600.0,1029.1966899704366,0.02286802086095323,0.008058767622366545,0.030926788483319777,28.130301254684,62.87739962479068,146.22651075532715,87.24703127001075,-19.150821769367703,96.22651075532711,1.0826955191509922,1611736350343.0,0.17582424808444894,1.0,0.17582424808444894,1.0003869291483647,20256.0,0.2703608554843755,1239.7
2216761,long,close,1263.4,-40700.0,1261.7049284463792,691900.0,1016.8408660343935,0.04327965327474291,0.0080536647142631,0.05133331798900601,28.138354919398264,62.899472951525944,146.27784407331615,87.29031092328549,-19.150821769367703,96.27784407331612,1.0827235062213154,1611736352369.0,0.18508516570692696,1.0,0.18508516570692696,1.0003869162199457,2026.0,0.27036183118480034,1240.85
2216823,long,close,1262.6,-36415.0,1261.7049284463792,655485.0,1004.8065673005251,0.020460417190457294,0.007210319974655473,0.027670737165112768,28.14556523937292,62.91137136850695,146.30551481048127,87.31077134047595,-19.150821769367703,96.30551481048123,1.0827366522680892,1611736379714.0,0.1944219718483712,1.0,0.1944219718483712,1.000386844977095,27345.0,0.27036939286309286,1240.85
2216827,long,close,1262.6,-34499.0,1261.7049284463792,620986.0,992.4087256802522,0.019383878419705788,0.00683094408363694,0.026214822503342727,28.15239618345656,62.92264374218339,146.33172963298463,87.33015521889565,-19.150821769367703,96.33172963298458,1.082751000955212,1611736379898.0,1.0,1.0,1.0,1.0003867701885134,184.0,0.2703698807133053,1242.0
2216833,long,close,1262.6,-34499.0,1261.7049284463792,586487.0,978.9094487301055,0.019383878419705788,0.00683094408363694,0.026214822503342727,28.1592271275402,62.93391611585984,146.357944455488,87.34953909731536,-19.150821769367703,96.35794445548792,1.0827649122520797,1611736385978.0,0.21393368262950316,1.0,0.21393368262950316,1.0003866954422236,6080.0,0.27037061248862393,1243.15
2216867,long,close,1263.5,-36655.0,1261.7049284463792,549832.0,963.1525404492127,0.04127451158637811,0.007252671151563118,0.04852718273794123,28.16647979869176,62.95478280443716,146.40647163822595,87.39081360890174,-19.150821769367703,96.40647163822587,1.0827898600377754,1611736408035.0,0.2248410747673076,1.0,0.2248410747673076,1.0003866756034734,22057.0,0.2703747592154295,1244.3
2216869,long,close,1263.55,-36655.0,1261.7049284463792,513177.0,945.7525886980175,0.04242249483224197,0.007252384155751653,0.04967487898799362,28.173732182847512,62.97614300240199,146.45614651721394,87.43323610373398,-19.150821769367703,96.45614651721387,1.0828169749556906,1611736409122.0,0.23780117876847814,1.0,0.23780117876847814,1.0003866585594299,1087.0,0.27037500314053575,1244.3
2216879,long,close,1263.6,-36655.0,1261.7049284463792,476522.0,926.4389437148926,0.04357038722789586,0.007252097182652739,0.050822484410548596,28.180984280030167,62.997996670698534,146.5069690016245,87.47680649096188,-19.150821769367703,96.50696900162441,1.0828444989237125,1611736413057.0,0.2513930512541912,1.0,0.2513930512541912,1.0003866443040137,3935.0,0.2703762227660668,1245.45
2216905,long,close,1264.8,-39710.0,1261.7049284463792,436812.0,902.9141004910897,0.07701776727459464,0.00784906704617331,0.08486683432076794,28.18883334707634,63.03448940945646,146.59183583594526,87.55382425823647,-19.150821769367703,96.59183583594518,1.0828901148241983,1611736424028.0,0.26697080847023563,1.0,0.26697080847023563,1.0003867135367248,10971.0,0.2703793937924475,1246.6
2216939,long,close,1266.2,-43681.0,1261.7049284463792,393131.0,873.2712579246783,0.12290486465000165,0.008624427420628652,0.1315292920706303,28.197457774496968,63.09104700504684,146.7233651280159,87.67672912288647,-19.150821769367703,96.7233651280158,1.0829615392905931,1611736430505.0,0.28623391265526504,1.0,0.28623391265526504,1.0003868969376213,6477.0,0.2703835405192531,1247.75
2216997,long,close,1266.9,-49141.0,1261.7049284463792,343990.0,834.1062475729734,0.15971120557309937,0.009697095271923592,0.16940830084502295,28.207154869768893,63.1638925744102,146.89277342886092,87.83644032845957,-19.150821769367703,96.89277342886082,1.0830522709101094,1611736454692.0,0.3099397408734269,1.0,0.3099397408734269,1.0003871725909932,24187.0,0.27039061434733325,1248.9
2217004,long,close,1267.4,-49141.0,1261.7049284463792,294849.0,787.0105500122928,0.17501354938235303,0.009693269685971279,0.1847068190683243,28.216848139454864,63.24331650660958,147.07748024792926,88.01145387784193,-19.150821769367703,97.07748024792915,1.083153030419585,1611736454739.0,1.0,1.0,1.0,1.0003874849340528,47.0,0.270391468085205,1250.05
2217074,long,close,1266.2,-42121.0,1261.7049284463792,252728.0,738.4397157521698,0.11851550568720312,0.00831641920707629,0.1268319248942794,28.22516455866194,63.297854234314116,147.20431217282353,88.12996938352913,-19.150821769367703,97.20431217282342,1.0832202721816682,1611736480090.0,0.3778572727175551,1.0,0.3778572727175551,1.000387655339697,25351.0,0.2704000054639224,1251.2
2217196,long,close,1265.0,-42121.0,1261.7049284463792,210607.0,679.7807031121772,0.08695913241134112,0.008324308300395258,0.09528344071173638,28.233488866962336,63.33882611382017,147.29959561353527,88.21692851594047,-19.150821769367703,97.29959561353516,1.0832659649516982,1611736563589.0,0.41574514142561136,1.0,0.41574514142561136,1.0003877484857353,83499.0,0.2704148848954013,1251.2
2217363,long,close,1265.45,-42121.0,1261.7049284463792,168486.0,607.3798718720036,0.09879978588695089,0.008321348137026353,0.10712113402397724,28.241810215099363,63.38488820145047,147.40671674755924,88.31572830182742,-19.150821769367703,97.40671674755914,1.0833128681376605,1611736716985.0,0.4617729983276507,1.0,0.4617729983276507,1.000387870231429,153396.0,0.2704352526417699,1252.35
2217378,long,close,1266.2,-42121.0,1261.7049284463792,126365.0,515.7760756620474,0.11851550568720312,0.00831641920707629,0.1268319248942794,28.25012663430644,63.439425929155014,147.53354867245352,88.43424380751462,-19.150821769367703,97.53354867245342,1.0833814596290323,1611736721984.0,0.5200285496289829,1.0,0.5200285496289829,1.000388039625422,4999.0,0.27043708208006645,1253.5
2217381,long,close,1266.4,-126365.0,1261.7049284463792,0.0,0.0,0.3713131378141756,0.02494571225521162,0.3962588500693872,28.27507234656165,63.60981723468485,147.9298075225229,88.80555694532879,-19.150821769367703,97.92980752252281,1.0835963547093985,1611736724814.0,1.0,1.0,1.0,1.0003888622835209,2830.0,0.2704374479677258,
2231288,long,entry,1269.25,86599.0,1269.25,86599.0,404.0854223684021,0.0,0.017057120346661413,0.017057120346661413,28.29212946690831,63.617151796433916,147.94686464286957,88.80555694532879,-19.150821769367703,97.94686464286947,1.0830455972681154,1611744288736.0,1.0,1.0,1.0,1.0003887642562261,7563922.0,0.2721335811937646,1261.55
2231335,long,close,1270.15,-86599.0,1269.25,0.0,0.0,0.04834518226035103,0.017045034051096326,0.06539021631144736,28.309174500959408,63.64526958944785,148.01225485918104,88.85390212758914,-19.150821769367703,98.01225485918091,1.0830801232905547,1611744297829.0,0.6815090267047077,1.0,0.6815090267047077,1.0003887833173999,9093.0,0.2721393134337606,
2231450,long,entry,1268.9,86623.0,1268.9,86623.0,403.9727981866745,0.0,0.017066553707936007,0.017066553707936007,28.326241054667342,63.65260820754226,148.02932141288898,88.85390212758914,-19.150821769367703,98.02932141288885,1.0830867168618774,1611744333026.0,1.0,1.0,1.0,1.0003886853884034,35197.0,0.27215333912736767,1261.55
2231639,long,close,1269.8,-86623.0,1268.9,0.0,0.0,0.04838525228268796,0.017054457394865333,0.06543970967755329,28.34329551206221,63.68074728270361,148.09476112256652,88.90228737987182,-19.150821769367703,98.0947611225664,1.083119314809208,1611744368405.0,0.6809439654174667,1.0,0.6809439654174667,1.000388704495707,35379.0,0.2721763900499046,
2231898,long,entry,1267.9,86603.0,1267.9,86603.0,403.6544919101512,0.0,0.017076070668033756,0.017076070668033756,28.36037158273024,63.688089993090856,148.11183719323455,88.90228737987182,-19.150821769367703,98.11183719323444,1.0831188975813706,1611744498838.0,1.0,1.0,1.0,1.0003886066650023,130433.0,0.27220797835115895,1260.4
2232442,long,reentry,1260.4,160475.0,1263.0288155966941,247078.0,729.6577121185112,0.0,0.03183017296096477,0.03183017296096477,28.392201755691207,63.70177696746406,148.1436673661955,88.90228737987182,-19.150821769367703,98.1436673661954,1.0831263126457382,1611744630597.0,0.6797282565079928,1.0,0.6797282565079928,1.0003885445350307,131759.0,0.2722743259800484,1252.35
2233691,long,reentry,1252.35,457835.0,1256.0930156629256,704913.0,1014.4430885912006,0.0,0.09139517706711384,0.09139517706711384,28.48359693275832,63.74107689360292,148.23506254326261,88.90228737987182,-19.150821769367703,98.23506254326252,1.083149160346351,1611744987371.0,0.4173459138237553,1.0,0.4173459138237553,1.0003886261816204,356774.0,0.2724266572088772,1235.1
2235101,long,close,1256.95,-37100.0,1256.0930156629256,667813.0,1002.528953153636,0.020137566658655057,0.00737897291061697,0.027516539569272025,28.490975905668936,63.75290900561772,148.2625790828319,88.92242494653048,-19.150821769367703,98.26257908283179,1.083144767431765,1611745247856.0,0.18413777658742111,1.0,0.18413777658742111,1.000388553622995,260485.0,0.27259862440875604,1236.25
2235118,long,close,1256.95,-35148.0,1256.0930156629256,632665.0,990.2526032966807,0.019078037544970564,0.006990731532678308,0.026068769077648872,28.497966637201614,63.76411857632111,148.28864785190956,88.94150298407546,-19.150821769367703,98.28864785190945,1.0831586689771902,1611745249095.0,0.20257003408078586,1.0,0.20257003408078586,1.0003884776144722,1239.0,0.27260069777215884,1236.25
2235130,long,close,1256.95,-35148.0,1256.0930156629256,597517.0,976.8829706431011,0.019078037544970564,0.006990731532678308,0.026068769077648872,28.504957368734292,63.7753281470245,148.3147166209872,88.96058102162043,-19.150821769367703,98.3147166209871,1.0831725011651212,1611745251245.0,0.21199012987173785,1.0,0.21199012987173785,1.0003884016492053,2150.0,0.2726021613227961,1237.4
2236069,long,close,1256.95,-35148.0,1256.0930156629256,562369.0,962.2672039164648,0.019078037544970564,0.006990731532678308,0.026068769077648872,28.51194810026697,63.78653771772789,148.34078539006487,88.9796590591654,-19.150821769367703,98.34078539006475,1.0831633691163214,1611745565423.0,0.21889979559181144,1.0,0.21889979559181144,1.0003883257271515,314178.0,0.2727166841601622,1238.55
2236093,long,close,1256.95,-35148.0,1256.0930156629256,527221.0,946.2225656436333,0.019078037544970564,0.006990731532678308,0.026068769077648872,28.518938831799648,63.79774728843128,148.36685415914252,88.99873709671037,-19.150821769367703,98.3668541591424,1.083176978671963,1611745570482.0,0.2345340832738327,1.0,0.2345340832738327,1.000388249848269,5059.0,0.27271961126143673,1238.55
2236118,long,close,1256.95,-35148.0,1256.0930156629256,492073.0,928.5287523980119,0.019078037544970564,0.006990731532678308,0.026068769077648872,28.525929563332326,63.808956859134675,148.39292292822017,89.01781513425534,-19.150821769367703,98.39292292822006,1.083190417811893,1611745577824.0,0.24699779910581462,1.0,0.24699779910581462,1.0003881740125153,7342.0,0.2727226603252644,1239.7
2236130,long,close,1258.05,-37851.0,1256.0930156629256,454222.0,907.2735330086424,0.04687540194028932,0.007521759866459999,0.05439716180674932,28.533451323198786,63.832347638711575,148.44732009002692,89.06469053619563,-19.150821769367703,98.4473200900268,1.0832191965788989,1611745583045.0,0.2613136416881369,1.0,0.2613136416881369,1.000388166309566,5221.0,0.2727241238759016,1240.85
2236160,long,close,1259.35,-41292.0,1256.0930156629256,412930.0,880.9909921591182,0.08501848102513816,0.008197085798229246,0.0932155668233674,28.541648408997016,63.872430332445624,148.5405356568503,89.14970901722077,-19.150821769367703,98.54053565685017,1.0832689537030735,1611745585677.0,0.27911204719030436,1.0,0.27911204719030436,1.0003882517790792,2632.0,0.2727277827524948,1242.0
2236198,long,close,1259.55,-41293.0,1256.0930156629256,371637.0,850.8543220973158,0.09022702440240252,0.008195982692231353,0.09842300709463386,28.54984439168925,63.914752225496315,148.63895866394492,89.23993604162318,-19.150821769367703,98.6389586639448,1.0833209142005902,1611745595843.0,0.300078658807406,1.0,0.300078658807406,1.0003883495377914,10166.0,0.2727324173295128,1242.0
2236207,long,close,1259.85,-41293.0,1256.0930156629256,330344.0,815.9482952750999,0.0980336515649018,0.00819403103544073,0.10622768260034253,28.55803842272469,63.960430129014455,148.74518634654524,89.33796969318809,-19.150821769367703,98.74518634654515,1.0833776276605838,1611745597732.0,0.324423897655869,1.0,0.324423897655869,1.000388465770941,1889.0,0.27273351499249077,1243.15
2236215,long,close,1260.15,-41293.0,1256.0930156629256,289051.0,775.0504174845792,0.10583656172840247,0.008192080307899852,0.11402864203630232,28.56623050303259,64.00946244509007,148.85921498858156,89.44380625491648,-19.150821769367703,98.85921498858146,1.083438487106812,1611745599445.0,0.3523705887172793,1.0,0.3523705887172793,1.0003886004100861,1713.0,0.2727344906929156,1244.3
2236229,long,close,1261.05,-48175.0,1256.0930156629256,240876.0,717.4503678704882,0.1507596646420218,0.009550572935252369,0.1603102375772742,28.575781075967843,64.07839584724829,149.0195252261588,89.5945659195585,-19.150821769367703,99.01952522615873,1.0835241334135324,1611745599703.0,1.0,1.0,1.0,1.0003888453684928,258.0,0.27273619816865907,1245.45
2236246,long,close,1261.75,-48175.0,1256.0930156629256,192701.0,645.4472707704429,0.17195372386034058,0.009545274420447792,0.18149899828078836,28.58532635038829,64.15644041650901,149.20102422443958,89.76651964341885,-19.150821769367703,99.20102422443952,1.0836208874954951,1611745601473.0,0.43120437002379336,1.0,0.43120437002379336,1.0003891403029572,1770.0,0.27273827153206187,1246.6
2236264,long,close,1262.7,-48175.0,1256.0930156629256,144526.0,552.8958985408908,0.20067950417055017,0.00953809297537024,0.2102175971459204,28.594864443363658,64.24683398328176,149.4112418215855,89.9671991475894,-19.150821769367703,99.41124182158545,1.0837329438593983,1611745601773.0,0.4884507463677885,1.0,0.4884507463677885,1.0003895029126626,300.0,0.2727404668580178,1247.75
2236272,long,close,1263.15,-144526.0,1256.0930156629256,0.0,0.0,0.6428185625999581,0.02860428294343506,0.6714228455433932,28.62346872630709,64.53554580686541,150.08266466712888,90.61001771018935,-19.150821769367703,100.08266466712884,1.084089896088309,1611745602367.0,1.0,1.0,1.0,1.0003909594896163,594.0,0.2727414425584426,
2237718,long,entry,1252.4,86692.0,1252.4,86692.0,398.71806245593734,0.0,0.017305174065793676,0.017305174065793676,28.640773900372885,64.54298703171371,150.09996984119468,90.61001771018935,-19.150821769367703,100.09996984119464,1.0840696246648458,1611745998241.0,1.0,1.0,1.0,1.0003908614827988,395874.0,0.2729178004102332,1245.45
2237751,long,close,1253.3,-86692.0,1252.4,0.0,0.0,0.04970767305261406,0.01729274714753052,0.06700042020014457,28.658066647520414,64.57179721239977,150.16697026139482,90.65972538324196,-19.150821769367703,100.16697026139478,1.0841049985887432,1611746000288.0,0.681484212768863,1.0,0.681484212768863,1.0003908812087952,2047.0,0.2729218251744857,
2237803,long,entry,1252.2,86727.0,1252.2,86727.0,398.65488003411485,0.0,0.017314925730713943,0.017314925730713943,28.675381573251126,64.57924263046398,150.18428518712554,90.65972538324196,-19.150821769367703,100.1842851871255,1.08411377829607,1611746005649.0,1.0,1.0,1.0,1.0003907832994987,5361.0,0.2729281672272472,1245.45
2238367,long,close,1253.1,-86727.0,1252.2,0.0,0.0,0.049743621922081156,0.017302489825233424,0.06704611174731458,28.69268406307636,64.60807245851532,150.25133129887286,90.70946900516404,-19.150821769367703,100.25133129887281,1.0841412661554692,1611746113708.0,0.6807696348221374,1.0,0.6807696348221374,1.000390803058294,108059.0,0.27299695410719876,
2250949,long,entry,1250.45,86655.0,1250.45,86655.0,398.09948955839855,0.0,0.017324763085289296,0.017324763085289296,28.710008826161648,64.615522106642,150.26865606195815,90.70946900516404,-19.150821769367703,100.2686560619581,1.0837122974755582,1611752030333.0,1.0,1.0,1.0,1.0003907052465209,5916625.0,0.2745314869503727,1243.15
2251041,long,close,1251.35,-86655.0,1250.45,0.0,0.0,0.04984148887763013,0.017312302713069886,0.06715379159070002,28.727321128874717,64.64439823702601,150.33580985354885,90.75931049404167,-19.150821769367703,100.3358098535488,1.0837448827232434,1611752068180.0,0.6814057144104689,1.0,0.6814057144104689,1.0003907251843205,37847.0,0.27454270750525844,
2251187,long,entry,1249.9,86665.0,1249.9,86665.0,397.92253386339297,0.0,0.017334386750940074,0.017334386750940074,28.744655515625656,64.65185202332891,150.3531442402998,90.75931049404167,-19.150821769367703,100.35314424029974,1.0837479047256557,1611752151038.0,1.0,1.0,1.0,1.000390627469298,82858.0,0.27456051403801185,1243.15
2251514,long,reentry,1243.15,160590.0,1245.5159329437222,247255.0,719.4334424066265,0.0,0.032294976471061415,0.032294976471061415,28.776950492096717,64.66573886321147,150.38543921677086,90.75931049404167,-19.150821769367703,100.3854392167708,1.083760016253508,1611752217405.0,0.6798949932721479,1.0,0.6798949932721479,1.0003905651115803,66367.0,0.2746003957928773,1235.1
2252100,long,close,1246.4,-35322.0,1245.5159329437222,211933.0,670.5089305149463,0.02011517270790732,0.007084804236200256,0.027199976944107578,28.784035296332917,64.67743485329744,150.41263919371497,90.77942566674957,-19.150821769367703,100.41263919371491,1.083771527401717,1611752255472.0,0.4185221722314597,1.0,0.4185221722314597,1.0003904907696222,38067.0,0.27467186584899717,1235.1
2252153,long,close,1246.4,-35322.0,1245.5159329437222,176611.0,612.2218824502739,0.02011517270790732,0.007084804236200256,0.027199976944107578,28.791120100569117,64.6891308433834,150.43983917065907,90.79954083945748,-19.150821769367703,100.43983917065901,1.0837854108454352,1611752261315.0,0.4618924356848069,1.0,0.4618924356848069,1.0003904164687647,5843.0,0.2746783298643118,1236.25
2252163,long,close,1246.4,-35322.0,1245.5159329437222,141289.0,541.6004178964906,0.02011517270790732,0.007084804236200256,0.027199976944107578,28.798204904805317,64.70082683346936,150.46703914760317,90.81965601216538,-19.150821769367703,100.46703914760312,1.0837995372730729,1611752263828.0,0.5087881554537056,1.0,0.5087881554537056,1.0003903422089677,2513.0,0.27467954948984286,1237.4
2252167,long,close,1247.05,-141289.0,1245.5159329437222,0.0,0.0,0.13954669037329992,0.028324646164949282,0.1678713365382492,28.826529550970267,64.7730115081808,150.63491048414141,90.95920270253868,-19.150821769367703,100.63491048414137,1.0838877235273785,1611752265031.0,0.5656772911816434,1.0,0.5656772911816434,1.0003905989595234,1203.0,0.27468003734005525,
2252217,long,entry,1246.4,86595.0,1246.4,86595.0,396.8106001559826,0.0,0.01736902278562259,0.01736902278562259,28.84389857375589,64.78048018797863,150.65227950692704,90.95920270253868,-19.150821769367703,100.65227950692699,1.0838960073599648,1611752276470.0,1.0,1.0,1.0,1.0003905014970795,11439.0,0.27468613546771053,1239.7
2252593,long,reentry,1239.7,160460.0,1242.048410273016,247055.0,717.4277467337506,0.0,0.03235863515366621,0.03235863515366621,28.876257208909557,64.7943944010947,150.6846381420807,90.95920270253868,-19.150821769367703,100.68463814208066,1.083907269676026,1611752354228.0,0.6799011009914229,1.0,0.6799011009914229,1.0003904393149452,77758.0,0.27473199338767823,1231.65
2254273,long,reentry,1231.65,457792.0,1235.29473318323,704847.0,997.5602116441759,0.0,0.09292250233426703,0.09292250233426703,28.969179711243825,64.83435107709843,150.77756064441496,90.95920270253868,-19.150821769367703,100.77756064441492,1.083939621973927,1611752576996.0,0.4174831546494392,1.0,0.4174831546494392,1.0003905193304508,222768.0,0.2749368904768955,1214.4
2255595,long,close,1236.15,-37097.0,1235.29473318323,667750.0,985.8401012717908,0.020777756358141997,0.007502528010354731,0.02828028436849673,28.97668223925418,64.84651159937688,150.80584092878345,90.97998045889682,-19.150821769367703,100.80584092878341,1.0839398127261055,1611752775448.0,0.18460012126518244,1.0,0.18460012126518244,1.000390447556419,198452.0,0.27509812497210107,1215.55
2255690,long,close,1236.15,-35144.0,1235.29473318323,632606.0,973.7641785171872,0.01968389544843363,0.00710755167253165,0.026791447120965282,28.983789790926714,64.8580319216389,150.8326323759044,90.99966435434526,-19.150821769367703,100.83263237590438,1.0839520776004774,1611752799738.0,0.2017165866862701,1.0,0.2017165866862701,1.000390372330209,24290.0,0.2751097114146461,1215.55
2255713,long,close,1236.15,-35144.0,1235.29473318323,597462.0,960.6129629207568,0.01968389544843363,0.00710755167253165,0.026791447120965282,28.990897342599247,64.86955224390091,150.85942382302537,91.0193482497937,-19.150821769367703,100.85942382302535,1.0839655542966362,1611752807580.0,0.21206928145229006,1.0,0.21206928145229006,1.0003902971460152,7842.0,0.27511251655336755,1216.7
2256117,long,close,1236.15,-35144.0,1235.29473318323,562318.0,946.2361389593345,0.01968389544843363,0.00710755167253165,0.026791447120965282,28.99800489427178,64.88107256616291,150.88621527014632,91.03903214524213,-19.150821769367703,100.88621527014632,1.083969218141099,1611752948256.0,0.22028168594094416,1.0,0.22028168594094416,1.0003902220037972,140676.0,0.27516178942482217,1217.85
2256145,long,close,1237.1,-37487.0,1235.29473318323,524831.0,929.3085174658346,0.04428398437440894,0.007575579985449843,0.051859564359858785,29.00558047425723,64.90337217883766,150.93807483450618,91.08331612961653,-19.150821769367703,100.93807483450618,1.0839959794077332,1611752954098.0,0.2341889454845139,1.0,0.2341889454845139,1.000390205576089,5842.0,0.2751652043763091,1219.0
2256200,long,close,1237.15,-37487.0,1235.29473318323,487344.0,910.5119942698961,0.04550866690853743,0.007575273814816311,0.05308394072335374,29.013155748072045,64.9261982733487,150.99115877522954,91.12882479652507,-19.150821769367703,100.99115877522954,1.0840230655048186,1611752964107.0,0.2487400828893819,1.0,0.2487400828893819,1.0003901919817328,10009.0,0.27517191231672994,1219.0
2256234,long,close,1238.3,-40612.0,1235.29473318323,446732.0,887.6069905138853,0.07978861947782447,0.008199143987725107,0.08798776346554957,29.02135489205977,64.96403301163889,151.07914653869508,91.20861341600289,-19.150821769367703,101.07914653869508,1.0840685583300227,1611752972337.0,0.26414353718034816,1.0,0.26414353718034816,1.0003902599154089,8230.0,0.2751760590435355,1220.15
2256312,long,close,1237.35,-37227.0,1235.29473318323,409505.0,863.9413978848306,0.05005680166215663,0.007521517759728453,0.057578319421885085,29.028876409819496,64.98879168899029,151.13672485811696,91.25867021766504,-19.150821769367703,101.13672485811696,1.0840950845889894,1611753021395.0,0.28198755014246457,1.0,0.28198755014246457,1.0003902566891854,49058.0,0.27518557212267775,1221.3
2256313,long,close,1237.45,-37227.0,1235.29473318323,372278.0,837.1523447190636,0.05248809755605018,0.00752090993575498,0.06000900749180516,29.036397319755253,65.01459556221177,151.19673386560876,91.31115831522109,-19.150821769367703,101.19673386560876,1.0841264720046813,1611753021765.0,1.0,1.0,1.0,1.0003902590849605,370.0,0.27518569408523086,1222.45
2256315,long,close,1237.55,-37227.0,1235.29473318323,335051.0,806.5793490038984,0.054919000529100995,0.007520302210011718,0.06243930273911271,29.043917621965264,65.04144446238959,151.2591731683479,91.36607731575019,-19.150821769367703,101.25917316834787,1.08415908786338,1611753022561.0,1.0,1.0,1.0,1.0003902670891656,796.0,0.2751859380103371,1222.45
2256316,long,close,1237.7,-37227.0,1235.29473318323,297824.0,771.3591629667883,0.058564618470450185,0.00751939080552638,0.06608400927597656,29.05143701277079,65.06986058637827,151.32525717762388,91.42464193422065,-19.150821769367703,101.32525717762385,1.0841936451063852,1611753022712.0,1.0,1.0,1.0,1.0003902835177763,151.0,0.27518605997289014,1223.6
2256366,long,close,1239.7,-42546.0,1235.29473318323,255278.0,723.8271521006201,0.12238938783528623,0.008579898362507058,0.1309692861977933,29.060016911133296,65.12617737944332,151.45622646382168,91.54703132205593,-19.150821769367703,101.45622646382165,1.0842614512587003,1611753031649.0,0.37695637254812947,1.0,0.37695637254812947,1.000390450860395,8937.0,0.2751921581005454,1224.75
2256407,long,close,1240.85,-51055.0,1235.29473318323,204223.0,653.2905641916943,0.185034763115466,0.01028629568440988,0.19532105879987588,29.070303206817705,65.21016543472726,151.65154752262154,91.7320660851714,-19.150821769367703,101.65154752262153,1.0843626593925824,1611753042425.0,0.41612716616873435,1.0,0.41612716616873435,1.0003907673272812,10776.0,0.27519715856522275,1225.9
2256470,long,close,1241.8,-51055.0,1235.29473318323,153168.0,561.9468523102436,0.21651158998030992,0.010278426477693671,0.2267900164580036,29.0805816332954,65.3076851418042,151.87833753907955,91.94857767515171,-19.150821769367703,101.87833753907952,1.0844795091094144,1611753061791.0,0.47332266672710877,1.0,0.47332266672710877,1.0003911559549687,19366.0,0.27520484220606845,1227.05
2256490,long,close,1242.8,-153168.0,1235.29473318323,0.0,0.0,0.7487939788239238,0.03081107177341487,0.7796050505973388,29.111392705068813,65.64291531356106,152.6579425896769,92.69737165397564,-19.150821769367703,102.65794258967686,1.0848848718748312,1611753061924.0,1.0,1.0,1.0,1.0003928205341304,133.0,0.2752072814571305,
2258796,long,entry,1230.7,86652.0,1230.7,86652.0,391.81054815492416,0.0,0.017602177622491267,0.017602177622491267,29.128994882691305,65.65048424993873,152.67554476729939,92.69737165397564,-19.150821769367703,102.67554476729936,1.0848235171152227,1611754006499.0,1.0,1.0,1.0,1.0003927229068619,944575.0,0.27548852710459193,1223.6
2258809,long,close,1231.55,-86652.0,1230.7,0.0,0.0,0.04859518810967391,0.017590028825463847,0.06618521693513776,29.14658491151677,65.67894389322085,152.74172998423452,92.74596684208531,-19.150821769367703,102.7417299842345,1.0848575548411639,1611754009918.0,0.681636021650342,1.0,0.681636021650342,1.000392737245355,3419.0,0.2754901126177823,
2258855,long,entry,1230.55,86689.0,1230.55,86689.0,391.7628170561682,0.0,0.01761184023404169,0.01761184023404169,29.16419675175081,65.68651698452149,152.75934182446858,92.74596684208531,-19.150821769367703,102.75934182446854,1.0848660440607045,1611754018413.0,1.0,1.0,1.0,1.0003926397160043,8495.0,0.2754957228952251,1223.6
2258871,long,close,1231.4,-86689.0,1230.55,0.0,0.0,0.048627786905760945,0.017599683287315253,0.0662274701930762,29.181796435038127,65.7149947967045,152.82556929466165,92.79459462899106,-19.150821769367703,102.8255692946616,1.0849000319924593,1611754022552.0,0.6816101287690128,1.0,0.6816101287690128,1.0003926540872834,4139.0,0.27549767429607486,
2258917,long,entry,1230.4,86726.0,1230.4,86726.0,391.7150302655282,0.0,0.01762150520156047,0.01762150520156047,29.199417940239687,65.72257204394118,152.8431907998632,92.79459462899106,-19.150821769367703,102.84319079986317,1.0849081487199874,1611754036037.0,1.0,1.0,1.0,1.0003925566556588,13485.0,0.2755032845735177,1223.6
2258948,long,close,1231.25,-86726.0,1230.4,0.0,0.0,0.04866040015050097,0.017609340101522843,0.06626974025202381,29.21702728034121,65.75106803224955,152.90946054011525,92.84325502914156,-19.150821769367703,102.90946054011519,1.0849418126009718,1611754044566.0,0.6814807039636297,1.0,0.6814807039636297,1.0003925710596038,8529.0,0.27550706541266395,
2259596,long,entry,1229.45,86707.0,1229.45,86707.0,391.4138037262225,0.0,0.017631257879539633,0.017631257879539633,29.23465853822075,65.75864947313777,152.9270917979948,92.84325502914156,-19.150821769367703,102.92709179799473,1.0849377768396458,1611754220817.0,1.0,1.0,1.0,1.00039247372571,176251.0,0.2755860971470763,1222.45
2259624,long,close,1230.3,-86707.0,1229.45,0.0,0.0,0.048724926270365974,0.01761907664797204,0.06634400291833802,29.25227761486872,65.78717739439264,152.99343580091312,92.89197995541193,-19.150821769367703,102.99343580091308,1.084971851126705,1611754224052.0,0.6815184672691436,1.0,0.6815184672691436,1.0003924882355637,3235.0,0.2755895120985633,
2259631,long,entry,1229.35,86747.0,1229.35,86747.0,391.3802194697489,0.0,0.017640826453003623,0.017640826453003623,29.269918441321725,65.79476294976743,153.01107662736612,92.89197995541193,-19.150821769367703,103.01107662736608,1.0849807911065508,1611754226492.0,1.0,1.0,1.0,1.0003923909987475,2440.0,0.27559036583643504,1222.45
2260117,long,reentry,1222.45,160742.0,1224.8685087013969,247489.0,707.5500255640897,0.0,0.03287291913779705,0.03287291913779705,29.302791360459523,65.80889830499667,153.0439495465039,92.89197995541193,-19.150821769367703,103.04394954650388,1.0849932763230825,1611754286880.0,0.679826391140585,1.0,0.679826391140585,1.0003923287383603,60388.0,0.2756496396372443,1214.4
2261608,long,reentry,1214.4,458597.0,1218.0692991363658,706086.0,983.7049257509913,0.0,0.09440814393939394,0.09440814393939394,29.397199504398916,65.84949380689062,153.1383576904433,92.89197995541193,-19.150821769367703,103.13835769044327,1.0850241131592704,1611754527138.0,0.41734259022185555,1.0,0.41734259022185555,1.0003924074329171,240258.0,0.2758314858039247,1197.9
2263539,long,close,1218.9,-37162.0,1218.0692991363658,668924.0,972.1504617266723,0.02079235429430741,0.007622036262203626,0.028414390556511036,29.40482154066112,65.86171199482993,153.16677208099983,92.91277230970623,-19.150821769367703,103.16677208099978,1.0850179880033042,1611754805582.0,0.1846623077074254,1.0,0.1846623077074254,1.0003923349446078,278444.0,0.2760669954939715,1197.9
2263555,long,close,1218.9,-35206.0,1218.0692991363658,633718.0,960.2450018086238,0.01969796096241824,0.00722085486914431,0.02691881583156255,29.412042395530264,65.8732870856375,153.19369089683138,92.93247027066865,-19.150821769367703,103.19369089683134,1.0850316875524286,1611754808233.0,0.20220716283560594,1.0,0.20220716283560594,1.0003922590742116,2651.0,0.2760689468948212,1199.0
2263565,long,close,1219.75,-37277.0,1218.0692991363658,596441.0,946.4486042640896,0.04216853886207113,0.007640295142447223,0.049808834004518354,29.419682690672712,65.89470488425943,153.24349973083588,92.97463880953072,-19.150821769367703,103.24349973083586,1.0850573286235172,1611754809144.0,0.21230056042933118,1.0,0.21230056042933118,1.000392235571061,911.0,0.27607016652035227,1200.1
2263583,long,close,1219.8,-37277.0,1218.0692991363658,559164.0,931.2823494267847,0.04342125162522104,0.0076399819642564365,0.05106123358947748,29.42732267263697,65.9166612147029,153.29456096442536,93.01806006115594,-19.150821769367703,103.29456096442534,1.0850836055776232,1611754810088.0,0.22364973811492933,1.0,0.22364973811492933,1.0003922149081095,944.0,0.2760723618463082,1201.2
2263595,long,close,1219.85,-37277.0,1218.0692991363658,521887.0,914.5319882348714,0.044673861694366296,0.0076396688117391495,0.052313530506105446,29.434962341448706,65.93915603282053,153.34687449493148,93.0627339228503,-19.150821769367703,103.34687449493146,1.085110304369951,1611754813919.0,0.23602760506416354,1.0,0.23602760506416354,1.0003921970793082,3831.0,0.2760738253969454,1201.2
2263620,long,close,1220.9,-40145.0,1218.0692991363658,481742.0,894.3755621358305,0.07641407297250355,0.008220370218691129,0.08463444319119467,29.443182711667397,65.97554884339274,153.43150893812268,93.1391479958228,-19.150821769367703,103.43150893812265,1.0851536395974297,1611754817984.0,0.2505064839904349,1.0,0.2505064839904349,1.0003922529398175,4065.0,0.27607687446077306,1202.3
2263629,long,close,1221.05,-40145.0,1218.0692991363658,441597.0,871.6638296446619,0.08045340152679187,0.008219360386552558,0.08867276191334443,29.45140207205395,66.0136781310155,153.52018170003603,93.21960139734959,-19.150821769367703,103.52018170003599,1.0851992350444648,1611754819347.0,0.26750568211643694,1.0,0.26750568211643694,1.0003923178560494,1363.0,0.276077972123751,1203.4
2263632,long,close,1221.25,-40145.0,1218.0692991363658,401452.0,845.8777544315443,0.08583762941562915,0.008218014329580347,0.0940556437452095,29.459620086383527,66.05412205782594,153.61423734378124,93.30543902676523,-19.150821769367703,103.6142373437812,1.0852476758878185,1611754819399.0,1.0,1.0,1.0,1.000392394863281,52.0,0.27607833801141035,1204.5
2263636,long,close,1221.45,-40145.0,1218.0692991363658,361307.0,816.3511077387466,0.09122009407948294,0.008216668713414385,0.09943676279289732,29.46783675509694,66.09687986582688,153.71367410657413,93.39665912084472,-19.150821769367703,103.71367410657409,1.0852988606279663,1611754819422.0,1.0,1.0,1.0,1.0003924839224814,23.0,0.27607882586162275,1205.6
2263645,long,close,1222.0,-45163.0,1218.0692991363658,316144.0,777.5445153197343,0.11926405566887541,0.00923956628477905,0.12850362195365445,29.47707632138172,66.15213642326695,153.8421777285278,93.5159231765136,-19.150821769367703,103.84217772852774,1.0853648886834801,1611754820429.0,1.0,1.0,1.0,1.0003926387989261,1007.0,0.2760799235246007,1205.6
2263730,long,close,1222.4,-45163.0,1218.0692991363658,270981.0,731.1757725376754,0.1313577288164988,0.009236542866492146,0.14059427168299093,29.486312864248212,66.21259196009063,153.9827720002108,93.64728090533009,-19.150821769367703,103.98277200021073,1.0854367334340174,1611754826020.0,0.36389371675891985,1.0,0.36389371675891985,1.0003928207513997,5591.0,0.2760902903416147,1206.7
2263769,long,close,1220.9,-38711.0,1218.0692991363658,232270.0,683.6925805513382,0.0736845230748184,0.007926734376279793,0.0816112574510982,29.494239598624493,66.24768480079462,154.0643832576619,93.72096542840491,-19.150821769367703,104.06438325766183,1.0854780041634156,1611754834656.0,0.4009702010997252,1.0,0.4009702010997252,1.0003928686300625,8636.0,0.2760950468811858,1207.8
2263775,long,close,1221.25,-38711.0,1218.0692991363658,193559.0,626.6954167336759,0.08277146524619305,0.00792446264073695,0.09069592788693001,29.50216406126523,66.28668404978599,154.15507918554883,93.8037368936511,-19.150821769367703,104.15507918554876,1.0855244902987042,1611754835654.0,0.4401010723517007,1.0,0.4401010723517007,1.0003929369485187,998.0,0.2760957786565044,1208.9
2263779,long,close,1221.7,-38711.0,1218.0692991363658,154848.0,557.0150051662569,0.0944470261476655,0.007921543750511581,0.10236856989817708,29.510085605015743,66.33070253484222,154.257447755447,93.89818391979877,-19.150821769367703,104.25744775544693,1.085577003337629,1611754835787.0,1.0,1.0,1.0,1.0003930315033107,133.0,0.27609626650671687,1210.0
2263782,long,close,1222.0,-154848.0,1218.0692991363658,0.0,0.0,0.4089143877114899,0.03167921440261866,0.4405936021141086,29.54176481941836,66.52015778375129,154.69804135756112,94.30709830751026,-19.150821769367703,104.69804135756104,1.0858026521134165,1611754836341.0,1.0,1.0,1.0,1.0003938893012938,554.0,0.27609663239437615,
2264204,long,entry,1214.75,86672.0,1214.75,86672.0,386.7327102313634,0.0,0.017837415105988887,0.017837415105988887,29.559602234524352,66.52782787224686,154.7158787726671,94.30709830751026,-19.150821769367703,104.71587877266703,1.0858053632752835,1611754921395.0,1.0,1.0,1.0,1.0003937921861459,85054.0,0.2761481005917867,1207.8
2264579,long,close,1215.6,-86672.0,1214.75,0.0,0.0,0.04989076288282264,0.017824942415268184,0.06771570529809082,29.57742717693962,66.55694562552505,154.7835944779652,94.35698907039308,-19.150821769367703,104.78359447796511,1.085833220477069,1611755011160.0,0.6808741096411574,1.0,0.6808741096411574,1.000393807476965,89765.0,0.27619383654920127,
2264615,long,entry,1213.7,86645.0,1213.7,86645.0,386.3985082780222,0.0,0.017847285161077697,0.017847285161077697,29.595274462100697,66.5646199581443,154.8014417631263,94.35698907039308,-19.150821769367703,104.80144176312619,1.0858419486739244,1611755016400.0,1.0,1.0,1.0,1.0003937104579896,5240.0,0.2761982272011131,1206.7
2264659,long,close,1214.55,-86645.0,1213.7,0.0,0.0,0.04996152447215676,0.017834794779959657,0.06779631925211642,29.613109256880655,66.59377237542272,154.86923808237842,94.40695059486524,-19.150821769367703,104.8692380823783,1.085875633201028,1611755029169.0,0.6813733748841245,1.0,0.6813733748841245,1.0003937258637012,12769.0,0.2762035935534497,
2266035,long,entry,1212.05,86575.0,1212.05,86575.0,385.87294788531506,0.0,0.01785714285714286,0.01785714285714286,29.630966399737797,66.60145094685129,154.88709522523556,94.40695059486524,-19.150821769367703,104.88709522523544,1.0858651104688535,1611755289572.0,1.0,1.0,1.0,1.0003936289406403,260403.0,0.27637141402652293,1205.6
2266094,long,close,1212.9,-86575.0,1212.05,0.0,0.0,0.050057124012118225,0.017844628576139828,0.06790175258825805,29.648811028313936,66.63064870046423,154.9549969778238,94.45700771887735,-19.150821769367703,104.9549969778237,1.0858990073330523,1611755299890.0,0.6815704341596673,1.0,0.6815704341596673,1.000393644516568,10318.0,0.2763786098171562,
2292630,long,entry,1277.75,91319.0,1277.75,91319.0,406.79130871295826,0.0,0.01786714928585404,0.01786714928585404,29.666678177599792,66.63833157465716,154.97286412710966,94.45700771887735,-19.150821769367703,104.97286412710955,1.0853290058946716,1611763025767.0,1.0,1.0,1.0,1.0003935476894994,7725877.0,0.2796150081263649,1270.8
2293033,long,reentry,1270.8,169214.0,1273.2360332472279,260533.0,735.4561080237264,0.0,0.03328887315077117,0.03328887315077117,29.699967050750562,66.65264579011199,155.00615300026044,94.45700771887735,-19.150821769367703,105.00615300026031,1.085342272236999,1611763074208.0,0.6798809295983016,1.0,0.6798809295983016,1.0003934855340317,48441.0,0.2796641590352664,1262.7
2294783,long,close,1274.15,-37219.0,1273.2360332472279,223314.0,685.442171059446,0.020968415733951678,0.007302711611662677,0.028271127345614357,29.707269762362223,66.6648023748706,155.03442412760606,94.4779761346113,-19.150821769367703,105.03442412760593,1.085325519142677,1611763491676.0,0.4179215607251868,1.0,0.4179215607251868,1.000393412151803,417468.0,0.2798775935032011,1262.7
2294791,long,close,1274.15,-37219.0,1273.2360332472279,186095.0,625.8570948979598,0.020968415733951678,0.007302711611662677,0.028271127345614357,29.714572473973885,66.67695895962922,155.06269525495168,94.49894455034524,-19.150821769367703,105.06269525495155,1.0853397380606773,1611763493021.0,0.4618284685278955,1.0,0.4618284685278955,1.0003933388090163,1345.0,0.27987856920362597,1263.85
2294812,long,close,1274.15,-37219.0,1273.2360332472279,148876.0,553.6627407272375,0.020968415733951678,0.007302711611662677,0.028271127345614357,29.721875185585546,66.68911554438783,155.0909663822973,94.51991296607919,-19.150821769367703,105.09096638229717,1.0853531770769567,1611763504809.0,0.5086113964605977,1.0,0.5086113964605977,1.0003932655056345,11788.0,0.2798811304172412,1265.0
2294827,long,close,1274.95,-148876.0,1273.2360332472279,0.0,0.0,0.15719003505179183,0.02919251735362171,0.18638255240541354,29.751067702939167,66.76926004192217,155.27734893470273,94.67710300113099,-19.150821769367703,105.27734893470259,1.0854474617389878,1611763505326.0,0.5657206520297768,1.0,0.5657206520297768,1.0003935461205191,517.0,0.2798829598555378,
2297463,long,entry,1269.15,90893.0,1269.15,90893.0,404.0531772516682,0.0,0.017904306031595946,0.017904306031595946,29.768972008970763,66.77695889351575,155.29525324073433,94.67710300113099,-19.150821769367703,105.29525324073418,1.085371674049073,1611764644686.0,1.0,1.0,1.0,1.0003934495292393,1139360.0,0.280204453145524,1261.55
2297490,long,close,1270.05,-90893.0,1269.15,0.0,0.0,0.05075036550823882,0.017891618440218887,0.0686419839484577,29.786863627410984,66.80647494661359,155.36389522468278,94.72785336663922,-19.150821769367703,105.36389522468264,1.0854060641615366,1611764648472.0,0.6815971810467547,1.0,0.6815971810467547,1.0003934663782454,3786.0,0.28020774613445787,
2297560,long,entry,1268.95,90929.0,1268.95,90929.0,403.98849530976844,0.0,0.017914220418456205,0.017914220418456205,29.804777847829442,66.81417806139352,155.38180944510123,94.72785336663922,-19.150821769367703,105.3818094451011,1.0854137389636653,1611764666899.0,1.0,1.0,1.0,1.000393369881495,18427.0,0.28021628351317523,1261.55
2297596,long,close,1269.85,-90929.0,1268.95,0.0,0.0,0.050786465729365765,0.017901523802023863,0.06868798953138963,29.822679371631466,66.84371389689203,155.4504974346326,94.77863983236858,-19.150821769367703,105.45049743463248,1.085448026474476,1611764672123.0,0.6813845220160349,1.0,0.6813845220160349,1.0003933867637194,5224.0,0.28022067416508706,
2297607,long,entry,1268.8,90969.0,1268.8,90969.0,403.9409529296334,0.0,0.017924219735182854,0.017924219735182854,29.840603591366648,66.85142131137816,155.4684216543678,94.77863983236858,-19.150821769367703,105.46842165436766,1.0854569715428268,1611764673485.0,1.0,1.0,1.0,1.000393290361499,1362.0,0.2802220157531712,1261.55
2297647,long,close,1269.7,-90969.0,1268.8,0.0,0.0,0.05082081676511029,0.01791151453099157,0.06873233129610186,29.858515105897638,66.88097621383548,155.5371539856639,94.8294606491337,-19.150821769367703,105.53715398566376,1.0854901352886173,1611764693848.0,0.6814848186960785,1.0,0.6814848186960785,1.0003933072730682,20363.0,0.28022689425529546,
2297768,long,entry,1268.45,90995.0,1268.45,90995.0,403.83074007076874,0.0,0.017934289881351255,0.017934289881351255,29.876449395778987,66.88868795848445,155.55508827554524,94.8294606491337,-19.150821769367703,105.55508827554512,1.0854972324310352,1611764720016.0,1.0,1.0,1.0,1.0003932109653473,26168.0,0.2802416517242212,1261.55
2297783,long,close,1269.35,-90995.0,1268.45,0.0,0.0,0.05086338958747068,0.017921574033954387,0.06878496362142507,29.894370969812943,66.91826549284167,155.62387323916667,94.88032403872117,-19.150821769367703,105.62387323916654,1.0855318507038412,1611764720950.0,0.6815591688122313,1.0,0.6815591688122313,1.0003932279245635,934.0,0.2802434811625178,
2297815,long,entry,1268.35,91038.0,1268.35,91038.0,403.79720171213717,0.0,0.017944179445736588,0.017944179445736588,29.91231514925868,66.92598149000334,155.64181741861242,94.88032403872117,-19.150821769367703,105.64181741861228,1.0855398553776427,1611764734931.0,1.0,1.0,1.0,1.000393131710744,13981.0,0.28024738396421717,1261.55
2297902,long,close,1269.25,-91038.0,1268.35,0.0,0.0,0.05089544692113809,0.017931455584006304,0.0688269025051444,29.930246604842687,66.95557705808055,155.71064432111757,94.9312194856423,-19.150821769367703,105.71064432111743,1.0855725099990545,1611764762235.0,0.6812840272211712,1.0,0.6812840272211712,1.0003931486936226,27304.0,0.28025799470633733,
2298335,long,entry,1267.2,91006.0,1267.2,91006.0,403.43056085136834,0.0,0.017954150883838383,0.017954150883838383,29.948200755726525,66.9632973429606,155.7285984720014,94.9312194856423,-19.150821769367703,105.72859847200127,1.0855618140175414,1611765027036.0,1.0,1.0,1.0,1.0003930525737028,264801.0,0.28031080449183204,1260.4
2298354,long,close,1268.1,-91006.0,1267.2,0.0,0.0,0.0509699102450992,0.017941408406277108,0.06891131865137631,29.9661421641328,66.9929292099807,155.79750979065278,94.9821893958874,-19.150821769367703,105.79750979065264,1.0855938121517525,1611765063350.0,0.6816362367018873,1.0,0.6816362367018873,1.000393069674423,36314.0,0.28031312178034107,
2298419,long,entry,1267.0,91043.0,1267.0,91043.0,403.368728701115,0.0,0.017964285714285717,0.017964285714285717,29.984106449847086,67.00065385283784,155.81547407636708,94.9821893958874,-19.150821769367703,105.81547407636693,1.0856010406206755,1611765087706.0,1.0,1.0,1.0,1.0003929736485386,24356.0,0.2803210493462929,1260.4
2298648,long,reentry,1260.4,168702.0,1262.7133604111725,259745.0,729.329235221285,0.0,0.033461996191685175,0.033461996191685175,30.017568446038773,67.01504251120026,155.84893607255876,94.9821893958874,-19.150821769367703,105.84893607255862,1.0856156516618811,1611765117654.0,0.6799549897241917,1.0,0.6799549897241917,1.0003929120605908,29948.0,0.2803489787709541,1252.35
2299075,long,close,1263.6,-37106.0,1262.7133604111725,222639.0,679.7295631019907,0.020619440000954434,0.007341326369104148,0.027960766370058582,30.024909772407877,67.0270656407394,155.87689683892881,95.00280883588836,-19.150821769367703,105.87689683892867,1.0856225146653935,1611765214309.0,0.4202470308256876,1.0,0.4202470308256876,1.0003928383039675,96655.0,0.28040105678113014,1252.35
2299653,long,reentry,1252.35,412550.0,1255.9824435696826,635189.0,979.3858798852715,0.0,0.0823551722761209,0.0823551722761209,30.107264944683997,67.06247836481812,155.95925201120494,95.00280883588836,-19.150821769367703,105.9592520112048,1.0856502032639381,1611765398509.0,0.4572150737826473,1.0,0.4572150737826473,1.0003928850882273,184200.0,0.28047155113682515,1237.4
2299798,long,close,1256.85,-35288.0,1255.9824435696826,599901.0,965.6945522946088,0.01939356989155368,0.007019135139435892,0.026412705030989574,30.114284079823435,67.07383582798145,155.98566471623593,95.02220240577991,-19.150821769367703,105.98566471623579,1.085661374288484,1611765426794.0,0.217742907439879,1.0,0.217742907439879,1.000392807920948,28285.0,0.28048923570702544,1237.4
2299817,long,close,1257.75,-37493.0,1255.9824435696826,562408.0,949.727950677781,0.04195131559748056,0.007452395150069568,0.04940371074755013,30.121736474973503,67.0950794236029,156.03506842698349,95.0641537213774,-19.150821769367703,106.03506842698334,1.085686066774189,1611765428714.0,0.2320520458889791,1.0,0.2320520458889791,1.0003927816644762,1920.0,0.28049155299553447,1238.55
2301371,long,close,1256.85,-35150.0,1255.9824435696826,527258.0,933.3016931089163,0.01931772788733031,0.006991685563114135,0.026309413450444446,30.128728160536618,67.1063924713866,156.06137784043395,95.08347144926472,-19.150821769367703,106.06137784043379,1.0856631773650112,1611765912744.0,0.2373806956455767,1.0,0.2373806956455767,1.0003927043293286,484030.0,0.2806810828030605,1239.7
2301397,long,close,1257.9,-37661.0,1255.9824435696826,489597.0,913.8057940813741,0.04570990460696096,0.007484895460688448,0.053194800067649414,30.136213055997306,67.12926623541568,156.1145726405016,95.12918135387169,-19.150821769367703,106.11457264050144,1.0856898096038636,1611765913887.0,0.2574870176944856,1.0,0.2574870176944856,1.0003926864508892,1143.0,0.28068425382944123,1239.7
2301424,long,close,1259.05,-40799.0,1255.9824435696826,448798.0,890.0883690956749,0.07914355115024452,0.008101147690719193,0.08724469884096371,30.144314203688026,67.1667814559173,156.20181733934257,95.20832490502193,-19.150821769367703,106.2018173393424,1.0857333454938856,1611765917439.0,0.2738063383944259,1.0,0.2738063383944259,1.0003927437243132,3552.0,0.2806875468183751,1240.85
2301464,long,close,1259.45,-44879.0,1255.9824435696826,403919.0,860.2955185214394,0.09837895594477897,0.008908452102108062,0.10728740804688702,30.153222655790135,67.21291504137747,156.30910474738945,95.3067038609667,-19.150821769367703,106.30910474738928,1.0857866145508597,1611765924978.0,0.29257004522677243,1.0,0.29257004522677243,1.0003928450559059,7539.0,0.2806924253204993,1242.0
2301466,long,close,1259.7,-44879.0,1255.9824435696826,359040.0,825.7332332038029,0.10545083980769075,0.008906684131142335,0.11435752393883308,30.162129339921275,67.26208877667116,156.4234622713283,95.4121547007744,-19.150821769367703,106.42346227132812,1.0858439463156706,1611765925108.0,1.0,1.0,1.0,1.0003929617314222,130.0,0.2806926692456055,1243.15
2301474,long,close,1260.05,-44880.0,1255.9824435696826,314160.0,785.1560175689401,0.11534933298590441,0.008904408555216063,0.12425374154112048,30.171033748476493,67.31551788553386,156.54771601286944,95.5275040337603,-19.150821769367703,106.54771601286924,1.0859061954364666,1611765925248.0,1.0,1.0,1.0,1.0003930999200918,140.0,0.28069364494603033,1244.3
2301491,long,close,1260.45,-44880.0,1255.9824435696826,269280.0,736.8523750793014,0.126652481614051,0.008901582768059026,0.13555406438211,30.17993533124455,67.37380613321817,156.68327007725156,95.65415651537434,-19.150821769367703,106.68327007725135,1.0859738086724684,1611765928672.0,0.3767613767511191,1.0,0.3767613767511191,1.0003932626342324,3424.0,0.28069571830943313,1245.45
2301521,long,close,1261.65,-53856.0,1255.9824435696826,215424.0,665.1488320713014,0.1926227090382135,0.010671739388895492,0.20329444842710898,30.190607070633448,67.46122274604183,156.88656452567866,95.84677922441256,-19.150821769367703,106.88656452567847,1.086075277778185,1611765931534.0,0.41545168769243473,1.0,0.41545168769243473,1.000393573651347,2862.0,0.28069937718602633,1246.6
2301547,long,close,1262.6,-53856.0,1255.9824435696826,161568.0,572.2614095283288,0.22474104396439148,0.01066370980516395,0.23540475376955544,30.201270780438612,67.56244679016274,157.12196927944822,96.07152026837694,-19.150821769367703,107.12196927944802,1.086192450779645,1611765937111.0,0.47283627337325035,1.0,0.47283627337325035,1.0003939542127824,5577.0,0.28070254821240703,1247.75
2301548,long,close,1262.65,-161568.0,1255.9824435696826,0.0,0.0,0.6792904315273819,0.03198986259058329,0.7112802941179652,30.233260643029197,67.86829731663347,157.8332495735662,96.75081069990432,-19.150821769367703,107.833249573566,1.0865467097580985,1611765937829.0,1.0,1.0,1.0,1.0003953725297163,718.0,0.28070267017496014,
2302141,long,entry,1254.9,91351.0,1254.9,91351.0,399.5141334305451,0.0,0.018198860466969478,0.018198860466969478,30.251459503496168,67.87612282663427,157.8514484340332,96.75081069990432,-19.150821769367703,107.85144843403296,1.0865416990088919,1611766124332.0,1.0,1.0,1.0,1.000395276239797,186503.0,0.2807749939689517,1247.75
2302505,long,reentry,1247.75,169273.0,1250.2561377693535,260624.0,722.2322069521235,0.0,0.03391564816670006,0.03391564816670006,30.28537515166287,67.89070655534594,157.88536408219989,96.75081069990432,-19.150821769367703,107.88536408219966,1.0865509317795943,1611766225439.0,0.6797995243804239,1.0,0.6797995243804239,1.000395214234816,101107.0,0.2808193883382822,1239.7
2302914,long,close,1251.15,-37232.0,1250.2561377693535,223392.0,673.1217848297325,0.02127544131365576,0.007439555608839867,0.028714996922495628,30.29281470727171,67.90305400402262,157.9140790791224,96.77208614121798,-19.150821769367703,107.91407907912216,1.0865596973221703,1611766298403.0,0.41884352689428805,1.0,0.41884352689428805,1.0003951409388574,72964.0,0.2808692710225023,1240.85
2303318,long,close,1251.15,-37232.0,1250.2561377693535,186160.0,614.6123215727376,0.02127544131365576,0.007439555608839867,0.028714996922495628,30.30025426288055,67.9154014526993,157.9427940760449,96.79336158253165,-19.150821769367703,107.94279407604466,1.0865642807724059,1611766426812.0,0.4593616442474338,1.0,0.4593616442474338,1.0003950676818854,128409.0,0.280918543893957,1240.85
2303441,long,close,1254.7,-46540.0,1250.2561377693535,139620.0,523.3825830683683,0.1318402664598779,0.009273133019845382,0.1411133994797233,30.309527395900396,67.97608021447557,158.0839074755246,96.92520184899152,-19.150821769367703,108.08390747552438,1.0866318263074384,1611766459901.0,0.5089779327532654,1.0,0.5089779327532654,1.0003952387270367,33089.0,0.280933545287989,1242.0
2303442,long,close,1254.75,-139620.0,1250.2561377693535,0.0,0.0,0.39995505306514745,0.027818290496114763,0.42777334356126223,30.33734568639651,68.16002275220693,158.51168081908588,97.32515690205666,-19.150821769367703,108.51168081908564,1.0868437879947932,1611766459925.0,1.0,1.0,1.0,1.0003960307952393,24.0,0.2809336672505421,
2305871,long,entry,1247.55,91207.0,1247.55,91207.0,397.17621370916476,0.0,0.018277223357781255,0.018277223357781255,30.355622909754292,68.16788195825077,158.52995804244367,97.32515690205666,-19.150821769367703,108.52995804244343,1.0867725763488287,1611767522239.0,1.0,1.0,1.0,1.000395934477928,1062314.0,0.2812299142920354,1240.85
2305926,long,close,1248.4,-91207.0,1247.55,0.0,0.0,0.04977776306990774,0.018264778917013776,0.06804254198692151,30.373887688671307,68.19714025130514,158.59800058443057,97.37493466512657,-19.150821769367703,108.59800058443035,1.0868049817309051,1611767538464.0,0.6812773633116681,1.0,0.6812773633116681,1.000395945888878,16225.0,0.2812366222324562,
2307006,long,entry,1245.55,91110.0,1245.55,91110.0,396.53837110854715,0.0,0.018287102083416964,0.018287102083416964,30.392174790754723,68.20500370520101,158.61628768651397,97.37493466512657,-19.150821769367703,108.61628768651377,1.0867654780610283,1611768181605.0,1.0,1.0,1.0,1.00039584966656,643141.0,0.28136834178981024,1238.55
2307044,long,close,1246.4,-91110.0,1245.55,0.0,0.0,0.04988458527248934,0.018274630937098846,0.06815921620958819,30.410449421691823,68.23431216817113,158.68444690272355,97.42481925039907,-19.150821769367703,108.68444690272337,1.0867984266079456,1611768190915.0,0.6815208649035843,1.0,0.6815208649035843,1.0003958612707726,9310.0,0.28137297636682823,
2307072,long,entry,1245.4,91149.0,1245.4,91149.0,396.4915685500577,0.0,0.01829713345110005,0.01829713345110005,30.428746555142922,68.2421799355551,158.70274403617466,97.42481925039907,-19.150821769367703,108.70274403617447,1.0868050823327882,1611768222392.0,1.0,1.0,1.0,1.0003957651435174,31477.0,0.2813763913183152,1238.55
2307242,long,close,1246.25,-91149.0,1245.4,0.0,0.0,0.04991795685756742,0.018284653961885656,0.06820261081945307,30.447031209104807,68.27150705820748,158.77094664699413,97.47473720725664,-19.150821769367703,108.77094664699392,1.0868348961198968,1611768273265.0,0.68091777840813,1.0,0.68091777840813,1.0003957767821992,50873.0,0.28139712495234315,
2308209,long,entry,1243.85,91085.0,1243.85,91085.0,395.9975580517378,0.0,0.01830707078827833,0.01830707078827833,30.465338279893086,68.27937909864643,158.7892537177824,97.47473720725664,-19.150821769367703,108.7892537177822,1.0868155029752555,1611768649885.0,1.0,1.0,1.0,1.0003956807496157,376620.0,0.2815150627411962,1237.4
2308229,long,close,1244.7,-91085.0,1243.85,0.0,0.0,0.05000726334069048,0.018294568972443158,0.06830183231313364,30.48363284886553,68.30874888654108,158.85755555009553,97.52474447059733,-19.150821769367703,108.85755555009534,1.0868485681669453,1611768657940.0,0.6815844023224077,1.0,0.6815844023224077,1.0003956925429285,8055.0,0.2815175019922583,
2309080,long,entry,1242.6,91043.0,1242.6,91043.0,395.599299218542,0.0,0.01831703685820055,0.01831703685820055,30.50194988572373,68.31662521239011,158.87587258695373,97.52474447059733,-19.150821769367703,108.87587258695355,1.086823850802435,1611769105167.0,1.0,1.0,1.0,1.000395596604837,447227.0,0.28162129212495113,1235.1
2309384,long,reentry,1235.1,168702.0,1237.7288186490596,259745.0,715.0653092342656,0.0,0.034147437454457134,0.034147437454457134,30.536097323178186,68.33130861049553,158.9100200244082,97.52474447059733,-19.150821769367703,108.910020024408,1.086838364919944,1611769135748.0,0.6796896488251147,1.0,0.6796896488251147,1.0003955348123044,30581.0,0.28165836874109523,1227.05
2309510,long,close,1238.6,-37106.0,1237.7288186490596,222639.0,666.4491708041326,0.02108609368180033,0.007489504279024706,0.02857559796082504,30.54358682745721,68.34359611761867,158.938595622369,97.54583056427913,-19.150821769367703,108.93859562236882,1.0868518257903852,1611769143867.0,0.42053054357028724,1.0,0.42053054357028724,1.0003954610565577,8119.0,0.2816737360227865,1228.2
2309522,long,close,1238.6,-37106.0,1237.7288186490596,185533.0,608.5275111623723,0.02108609368180033,0.007489504279024706,0.02857559796082504,30.551076331736237,68.35588362474182,158.96717122032982,97.56691665796093,-19.150821769367703,108.96717122032965,1.0868658069803192,1611769145057.0,0.4618031407541528,1.0,0.4618031407541528,1.000395387340179,1190.0,0.2816751995734238,1228.2
2310883,long,reentry,1228.2,343792.0,1231.5399335198904,529325.0,916.319037630842,0.0,0.06997883080931444,0.06997883080931444,30.621055162545552,68.38597452198982,159.03715005113912,97.56691665796093,-19.150821769367703,109.03715005113897,1.0868754700322174,1611769473470.0,0.5045169473090646,1.0,0.5045169473090646,1.00039540265312,328413.0,0.2818411906082004,1215.55
2312090,long,close,1232.4,-35288.0,1231.5399335198904,494037.0,898.6159153206803,0.019996725197235526,0.007158390133073678,0.027155115330309204,30.628213552678627,68.39765122158185,159.06430516646944,97.58691338315816,-19.150821769367703,109.06430516646927,1.0868682351889325,1611769746454.0,0.25106739874880096,1.0,0.25106739874880096,1.0003953259178473,272984.0,0.2819883994097988,1215.55
2312118,long,close,1233.5,-38002.0,1231.5399335198904,456035.0,877.3801939692776,0.04903312838913982,0.007702067288204296,0.056735195677344114,30.63591561996683,68.42204735572311,159.12104036214677,97.6359465115473,-19.150821769367703,109.12104036214662,1.0868951703419512,1611769759231.0,0.2708407048679972,1.0,0.2708407048679972,1.0003953127236553,12777.0,0.2819918143612858,1216.7
2313736,long,close,1232.4,-35079.0,1231.5399335198904,420956.0,855.5231864263317,0.01987829072755115,0.007115993184031158,0.02699428391158231,30.64303161315086,68.4336548978051,159.14803464605836,97.65582480227485,-19.150821769367703,109.14803464605819,1.0868567193851115,1611770445053.0,0.28280525281458485,1.0,0.28280525281458485,1.0003952356956873,685822.0,0.28218914977221055,1217.85
2313739,long,close,1232.4,-35079.0,1231.5399335198904,385877.0,831.0560866886055,0.01987829072755115,0.007115993184031158,0.02699428391158231,30.65014760633489,68.44526243988707,159.17502892996995,97.6757030930024,-19.150821769367703,109.17502892996977,1.0868698330411135,1611770447002.0,0.3057790510599004,1.0,0.3057790510599004,1.0003951587104667,1949.0,0.2821895156598699,1217.85
2313780,long,close,1233.8,-38587.0,1231.5399335198904,347290.0,800.4648212205997,0.05739432658350667,0.007818730750526828,0.0652130573340335,30.657966337085416,68.47330405454072,159.240241987304,97.7330974195859,-19.150821769367703,109.2402419873038,1.0869014640275267,1611770452245.0,0.3257151426461618,1.0,0.3257151426461618,1.000395163667903,5243.0,0.28219451612454716,1219.0
2313826,long,close,1235.5,-43411.0,1231.5399335198904,303879.0,760.3821302466683,0.11298245791985458,0.008784095507891542,0.12176655342774612,30.666750432593307,68.52566367251464,159.36200854073172,97.84607987750576,-19.150821769367703,109.36200854073155,1.0869609947381618,1611770455378.0,0.35121995362246744,1.0,0.35121995362246744,1.0003952896277137,3133.0,0.28220012640199005,1220.15
2313898,long,close,1236.4,-50646.0,1231.5399335198904,253233.0,703.9220547351205,0.16165154713560995,0.010240617923002264,0.1718921650586122,30.67699105051631,68.59957730348984,159.53390070579033,98.00773142464136,-19.150821769367703,109.53390070579016,1.087043875238846,1611770474145.0,0.3843059674116046,1.0,0.3843059674116046,1.0003955224512224,18767.0,0.28220890770581364,1221.3
2313912,long,close,1237.1,-50646.0,1231.5399335198904,202587.0,633.3319723290975,0.1848297301316487,0.010234823377253255,0.19506455350890195,30.687225873893563,68.68345506149866,159.72896525929923,98.19256115477302,-19.150821769367703,109.72896525929906,1.0871393594214598,1611770475128.0,1.0,1.0,1.0,1.0003958041722587,983.0,0.2822106151815571,1222.45
2313952,long,close,1238.0,-50646.0,1231.5399335198904,151941.0,542.5810631057714,0.21459173672140006,0.010227382875605815,0.22481911959700587,30.69745325676917,68.78012728292538,159.95378437889622,98.40715289149442,-19.150821769367703,109.95378437889606,1.0872487156323793,1611770483635.0,0.48807180024322233,1.0,0.48807180024322233,1.0003961485825257,8507.0,0.2822154936836813,1223.6
2313957,long,close,1238.25,-151941.0,1231.5399335198904,0.0,0.0,0.668567048789963,0.03067655966081163,0.6992436084507746,30.72812981642998,69.0808020345592,160.65302798734697,99.07571994028439,-19.150821769367703,110.65302798734683,1.0875899023015256,1611770483958.0,0.5617985276160787,1.0,0.5617985276160787,1.0003974994546738,323.0,0.2822161034964469,
2338068,long,entry,1268.3,93976.0,1268.3,93976.0,403.7804323983287,0.0,0.018524008515335488,0.018524008515335488,30.746653824945316,69.08876735822079,160.6715519958623,99.07571994028439,-19.150821769367703,110.67155199586217,1.0869143614198495,1611779557694.0,1.0,1.0,1.0,1.000397403391092,9073736.0,0.2851567426143746,1261.55
2338111,long,close,1269.2,-93976.0,1268.3,0.0,0.0,0.052542097900420935,0.018510872990860384,0.07105297089128132,30.765164697936175,69.11932013570404,160.7426049667536,99.1282620381848,-19.150821769367703,110.74260496675346,1.0869482557919417,1611779563244.0,0.6814481224422478,1.0,0.6814481224422478,1.00039741864137,5550.0,0.2851619870041582,
2338129,long,entry,1268.15,94018.0,1268.15,94018.0,403.7348146981676,0.0,0.018534479359697195,0.018534479359697195,30.783699177295873,69.12728996182871,160.76113944611328,99.1282620381848,-19.150821769367703,110.76113944611316,1.0869569353006183,1611779566823.0,1.0,1.0,1.0,1.000397322670934,3579.0,0.2851641823301141,1261.55
2338135,long,close,1269.05,-94018.0,1268.15,0.0,0.0,0.05257801165824312,0.018521334856782635,0.07109934651502575,30.802220512152655,69.15786268083018,160.83223879262832,99.18084004984304,-19.150821769367703,110.83223879262819,1.086991133876097,1611779568368.0,0.6815469200992526,1.0,0.6815469200992526,1.000397337952579,1545.0,0.2851649141054327,
2338162,long,entry,1268.05,94063.0,1268.05,94063.0,403.70295241310276,0.0,0.018544812901699462,0.018544812901699462,30.820765325054353,69.16583695037791,160.85078360553,99.18084004984304,-19.150821769367703,110.85078360552988,1.086999547784634,1611779575494.0,1.0,1.0,1.0,1.000397242074815,7126.0,0.2851682070943666,1260.4
2338241,long,close,1268.95,-94063.0,1268.05,0.0,0.0,0.052611471252704434,0.018531660033886285,0.07114313128659072,30.83929698508824,69.19642849683113,160.9219267368166,99.23345152109574,-19.150821769367703,110.92192673681647,1.0870333685983804,1611779582119.0,0.6809807164146329,1.0,0.6809807164146329,1.0003972573822006,6625.0,0.2851778421360619,
2338363,long,entry,1267.55,94078.0,1267.55,94078.0,403.5427525500423,0.0,0.018555086584355646,0.018555086584355646,30.857852071672596,69.2044071840624,160.94048182340094,99.23345152109574,-19.150821769367703,110.94048182340083,1.087038920530619,1611779627422.0,1.0,1.0,1.0,1.0003971615968035,45303.0,0.2851927215675408,1260.4
2338947,long,close,1268.45,-94078.0,1267.55,0.0,0.0,0.052661367577505884,0.018541921242461273,0.07120328881996715,30.87639399291506,69.235024598255,161.01168511222093,99.28611288867324,-19.150821769367703,111.0116851122208,1.087060175744263,1611779801756.0,0.6799819567406485,1.0,0.6799819567406485,1.0003971769643365,174334.0,0.28526394769855445,
2344187,long,entry,1264.05,93871.0,1264.05,93871.0,402.42978326215683,0.0,0.018565523515683715,0.018565523515683715,30.894959516430742,69.24300777336674,161.03025063573662,99.28611288867324,-19.150821769367703,111.0302506357365,1.0868008855973068,1611783390325.0,1.0,1.0,1.0,1.000397081271456,3588569.0,0.2859030314768275,1256.95
2344272,long,close,1264.95,-93871.0,1264.05,0.0,0.0,0.05283677983831327,0.01855231432072414,0.07138909415903741,30.913511830751467,69.27370508385513,161.10163972989565,99.33894966851156,-19.150821769367703,111.10163972989552,1.0868335292622415,1611783412320.0,0.6812311115195399,1.0,0.6812311115195399,1.0003970969636462,21995.0,0.28591339829384144,
2344337,long,entry,1263.7,93897.0,1263.7,93897.0,402.3170610774773,0.0,0.01857580913191422,0.01857580913191422,30.93208763988338,69.28169268178185,161.12021553902755,99.33894966851156,-19.150821769367703,111.12021553902744,1.086840140258881,1611783443268.0,1.0,1.0,1.0,1.0003970013626486,30948.0,0.2859213258597933,1256.95
2344666,long,reentry,1256.95,173991.0,1259.3159318446515,267888.0,727.3937811857176,0.0,0.03460579179760531,0.03460579179760531,30.966693431680987,69.29657317225482,161.15482133082517,99.33894966851156,-19.150821769367703,111.15482133082504,1.086850727065276,1611783524068.0,0.679913230107823,1.0,0.679913230107823,1.0003969395669476,80800.0,0.28596145153976504,1248.9
2345170,long,reentry,1248.9,496396.0,1252.5508721234514,764284.0,1011.4759286432143,0.0,0.09936664264552807,0.09936664264552807,31.066060074326515,69.3393008285924,161.2541879734707,99.33894966851156,-19.150821769367703,111.25418797347058,1.0868906000167393,1611783628671.0,0.4175257998192524,1.0,0.4175257998192524,1.000397014016954,104603.0,0.28602292066653023,1231.65
2345905,long,close,1253.45,-40225.0,1252.5508721234514,724059.0,999.5904454079378,0.023036427381286074,0.008022856914914835,0.03105928429620091,31.07408293124143,69.35265632083977,161.2852472577669,99.36198609589285,-19.150821769367703,111.28524725776678,1.0868966003957363,1611783747920.0,0.18596762412521484,1.0,0.18596762412521484,1.000396944744104,119249.0,0.2861125631430628,1231.65
2347635,long,close,1253.45,-38108.0,1252.5508721234514,685951.0,987.3439579247942,0.021824044117987565,0.0076006222825003,0.029424666400487864,31.08168355352393,69.36530892739198,161.31467192416738,99.38381014001084,-19.150821769367703,111.31467192416727,1.0868455719488967,1611784621782.0,0.19309779996130305,1.0,0.19309779996130305,1.0003968720716565,873862.0,0.2863235583599354,1232.8
2347985,long,close,1253.45,-38108.0,1252.5508721234514,647843.0,974.0070324360979,0.021824044117987565,0.0076006222825003,0.029424666400487864,31.08928417580643,69.37796153394417,161.34409659056786,99.40563418412883,-19.150821769367703,111.34409659056776,1.0868426144550614,1611784850720.0,0.20949242760224648,1.0,0.20949242760224648,1.0003967994371623,228938.0,0.28636624525352233,1233.95
2348010,long,close,1253.45,-38108.0,1252.5508721234514,609735.0,959.4272425131318,0.021824044117987565,0.0076006222825003,0.029424666400487864,31.09688479808893,69.39061414049638,161.37352125696833,99.42745822824682,-19.150821769367703,111.37352125696825,1.0868557052417707,1611784864116.0,0.2226289696826706,1.0,0.2226289696826706,1.000396726840587,13396.0,0.28636929431735,1235.1
2348042,long,close,1254.4,-40649.0,1252.5508721234514,569086.0,942.2610804692313,0.04783936351345864,0.008101283482142856,0.055940646995601494,31.104986081571074,69.41466861870448,161.42946190396393,99.47529759176028,-19.150821769367703,111.42946190396384,1.0868802748790356,1611784893751.0,0.23460132228709074,1.0,0.23460132228709074,1.0003967098947673,29635.0,0.28637319711904935,1235.1
2348043,long,close,1254.45,-40649.0,1252.5508721234514,528437.0,923.1997528467285,0.049130970748843185,0.00810096058033401,0.0572319313291772,31.113087042151406,69.43927834917604,161.4866938352931,99.52442856250913,-19.150821769367703,111.48669383529302,1.0869076566263705,1611784893806.0,1.0,1.0,1.0,1.0003966956259407,55.0,0.28637331908160246,1236.25
2348108,long,close,1255.6,-44036.0,1252.5508721234514,484401.0,899.973776329925,0.08537619998210093,0.008767919719655943,0.09414411970175687,31.121854961871062,69.47976032064778,161.58083795499485,99.60980476249124,-19.150821769367703,111.58083795499478,1.086948333401741,1611784952180.0,0.26414813259466874,1.0,0.26414813259466874,1.000396758619108,58374.0,0.2863812466475543,1237.4
2348179,long,close,1253.45,-37261.0,1252.5508721234514,447140.0,877.9756015313523,0.02133897627480672,0.007431688539630619,0.028770664814437342,31.12928665041069,69.492131706518,161.6096086198093,99.63114373876604,-19.150821769367703,111.60960861980921,1.0869594271010357,1611784987877.0,0.2817447914366121,1.0,0.2817447914366121,1.0003966846755263,35697.0,0.2863899059888248,1238.55
2348804,long,reentry,1238.55,499624.0,1245.1623658707767,946764.0,1049.1903371924845,0.0,0.10084857292802067,0.10084857292802067,31.230135223338714,69.53549659287705,161.71045719273732,99.63114373876604,-19.150821769367703,111.71045719273722,1.0869920641844057,1611785196477.0,0.2910976168499376,1.0,0.2910976168499376,1.000396761497207,208600.0,0.28646613258451575,0.05
2349223,long,close,1246.05,-49829.0,1245.1623658707767,896935.0,1038.8092596738895,0.028507209568193692,0.00999739175795514,0.03850460132614883,31.24013261509667,69.5520535714473,161.7489617940635,99.65965094833423,-19.150821769367703,111.74896179406338,1.0869967900790316,1611785379700.0,0.15244338218556872,1.0,0.15244338218556872,1.0003967078939031,183223.0,0.286517234894267,1221.3
2349239,long,close,1246.8,-49829.0,1245.1623658707767,847106.0,1027.417393850153,0.05256253141120351,0.009991377927494386,0.0625539093386979,31.250123993024165,69.57895175246294,161.8115157034022,99.71221347974543,-19.150821769367703,111.81151570340208,1.0870266143819947,1611785380234.0,0.1663181576390277,1.0,0.1663181576390277,1.0003967045256457,534.0,0.2865191862951167,1222.45
2349258,long,close,1247.6,-49829.0,1245.1623658707767,797277.0,1014.8635056349965,0.078189662998234,0.009984971144597628,0.08817463414283164,31.26010896416876,69.61686684514436,161.89969033754502,99.79040314274366,-19.150821769367703,111.89969033754491,1.0870685878802002,1611785381629.0,0.1759895786580959,1.0,0.1759895786580959,1.000396754561558,1395.0,0.2865215035836257,1223.6
2349320,long,close,1246.05,-41961.0,1245.1623658707767,755316.0,1003.3413384442782,0.02400592066248521,0.00841880341880342,0.03242472408128863,31.268527767587564,69.63080947649932,161.93211506162632,99.81440906340615,-19.150821769367703,111.9321150616262,1.0870829548700485,1611785396378.0,0.1853720455651015,1.0,0.1853720455651015,1.000396688244574,14749.0,0.28652906526191824,1224.75
2349326,long,close,1246.8,-41962.0,1245.1623658707767,713354.0,990.7412282361224,0.04426396161024547,0.008413939685595123,0.052677901295840594,31.27694170727316,69.65346097405653,161.98479296292217,99.85867302501639,-19.150821769367703,111.98479296292204,1.0871080007705343,1611785397412.0,0.19484705818378353,1.0,0.19484705818378353,1.0003966641614963,1034.0,0.28652979703723686,1224.75
2349338,long,close,1246.8,-39630.0,1245.1623658707767,673724.0,977.7406145727125,0.04180403218659807,0.007946342637151108,0.04975037482374918,31.28488804991031,69.67485363523075,162.03454333774593,99.90047705720299,-19.150821769367703,112.03454333774579,1.0871309741076933,1611785407408.0,0.20546836021001452,1.0,0.20546836021001452,1.0003966339630959,9996.0,0.28653126058787415,1225.9
2349346,long,close,1247.7,-42107.0,1245.1623658707767,631617.0,962.547559464609,0.0687776204060237,0.008436923940049692,0.07721454434607339,31.29332497385036,69.70805588929956,162.111757882092,99.96925467760902,-19.150821769367703,112.11175788209187,1.0871676605442042,1611785408935.0,1.0,1.0,1.0,1.0003966608997872,1527.0,0.286532236288299,1227.05
2349363,long,close,1248.7,-45115.0,1245.1623658707767,586502.0,944.4403335810877,0.1026478315122801,0.009032393689437016,0.11168022520171712,31.3023573675398,69.75607838613631,162.22343810729373,100.0719025091213,-19.150821769367703,112.22343810729359,1.0872206273340095,1611785412028.0,0.22869701553378827,1.0,0.22869701553378827,1.0003967593848861,3093.0,0.2865343096517018,1228.2
2349365,long,close,1248.85,-45115.0,1245.1623658707767,541387.0,924.1509775126041,0.10698737286124775,0.009031308804099773,0.11601868166534753,31.3113886763439,69.80596641925241,162.3394567889591,100.17888988198254,-19.150821769367703,112.33945678895894,1.0872758005129557,1611785412767.0,1.0,1.0,1.0,1.0003968666518206,739.0,0.286534553576808,1228.2
2349376,long,close,1249.3,-49217.0,1245.1623658707767,492170.0,899.0190919781323,0.1309105047865387,0.009848915392619867,0.14075942017915857,31.32123759173652,69.86649296992944,162.48021620913823,100.30980038676908,-19.150821769367703,112.4802162091381,1.0873426709025282,1611785413918.0,0.2600872878201729,1.0,0.2600872878201729,1.0003970249850516,1151.0,0.28653589516489214,1229.35
2349383,long,close,1249.6,-49217.0,1245.1623658707767,442953.0,870.0827662103313,0.14036849011875832,0.009846550896286813,0.15021504101504513,31.331084142632807,69.93108543756591,162.6304312501533,100.45016887688784,-19.150821769367703,112.63043125015315,1.087414018713574,1611785414547.0,0.28041053989824116,1.0,0.28041053989824116,1.0003972025435879,629.0,0.28653674890276387,1230.5
2349432,long,close,1247.3,-40268.0,1245.1623658707767,402685.0,843.0561653604316,0.0554238290385065,0.008071033432213583,0.06349486247072009,31.33915517606502,69.95838822842832,162.693926112624,100.50559270592635,-19.150821769367703,112.69392611262387,1.0874431229143149,1611785428627.0,0.3022871847878342,1.0,0.3022871847878342,1.0003972002620911,14080.0,0.28654272506786604,1231.65
2349437,long,close,1247.45,-40268.0,1245.1623658707767,362417.0,812.2134017513724,0.059305844397305824,0.008070062928373882,0.0673759073256797,31.347225238993396,69.98735986857837,162.76130201994968,100.56489855032365,-19.150821769367703,112.76130201994955,1.0874750364331622,1611785429658.0,0.3240951131560718,1.0,0.3240951131560718,1.000397205957363,1031.0,0.2865433348806316,1232.8
2349467,long,close,1247.6,-40268.0,1245.1623658707767,322149.0,776.6875413368997,0.06318692628013581,0.008069092657903175,0.07125601893803898,31.355294331651297,70.01799995672172,162.83255803888773,100.62808547660379,-19.150821769367703,112.8325580388876,1.0875060697500767,1611785466800.0,0.34877052457394775,1.0,0.34877052457394775,1.000397219609505,37142.0,0.28654699375722475,1232.8
2349469,long,close,1247.8,-40268.0,1245.1623658707767,281881.0,735.3250642749183,0.06836025063205281,0.008067799326815195,0.07642804995886801,31.363362130978114,70.05086401820404,162.9089860888466,100.69644572723584,-19.150821769367703,112.90898608884646,1.0875422814745672,1611785467417.0,1.0,1.0,1.0,1.0003972438676383,617.0,0.286547237682331,1233.95
2349472,long,close,1248.05,-40268.0,1245.1623658707767,241613.0,686.5614070819458,0.07482457443864733,0.008066183245863548,0.08289075768451087,31.371428314223976,70.08650704400837,162.9918768465311,100.77127030167449,-19.150821769367703,112.99187684653097,1.0875815642301794,1611785467728.0,1.0,1.0,1.0,1.0003972813689075,311.0,0.28654760356999026,1235.1
2349483,long,close,1248.85,-48322.0,1245.1623658707767,193291.0,615.1207394558684,0.11459257079466283,0.009673299435480644,0.12426587023014347,31.381101613659457,70.13994136820735,163.11614271676126,100.88586287246915,-19.150821769367703,113.11614271676112,1.0876397660453092,1611785476901.0,0.45006895984465073,1.0,0.45006895984465073,1.0003974040360228,9173.0,0.28654894515807444,1236.25
2349957,long,reentry,1236.25,358168.0,1239.3738589115933,551459.0,924.3898227507817,0.0,0.07243033367037412,0.07243033367037412,31.453531947329832,70.17108641168561,163.18857305043164,100.88586287246915,-19.150821769367703,113.18857305043149,1.0876603767617499,1611785659127.0,0.5024100150009154,1.0,0.5024100150009154,1.0003974197015784,182226.0,0.2866067554082465,1222.45
2350126,long,close,1240.25,-36763.0,1239.3738589115933,514696.0,906.6424875025258,0.020954312901912322,0.007410401128804677,0.028364714030716998,31.460942348458637,70.18328323871881,163.21693776446236,100.90681718537105,-19.150821769367703,113.2169377644622,1.087670442048941,1611785703881.0,0.25177884758526714,1.0,0.25177884758526714,1.0003973446078505,44754.0,0.2866273670797213,1223.6
2350146,long,close,1240.25,-36764.0,1239.3738589115933,477932.0,886.9927390564244,0.020954882885670503,0.007410602701068333,0.028365485586738837,31.468352951159705,70.19548039752111,163.2453032500491,100.92777206825673,-19.150821769367703,113.24530325004893,1.087683136483076,1611785713619.0,0.2688367036269953,1.0,0.2688367036269953,1.0003972695559888,9738.0,0.28662980633078344,1224.75
2350196,long,close,1240.25,-36764.0,1239.3738589115933,441168.0,865.1179909377448,0.020954882885670503,0.007410602701068333,0.028365485586738837,31.475763553860773,70.2076775563234,163.27366873563582,100.9487269511424,-19.150821769367703,113.27366873563567,1.0876948991147242,1611785735721.0,0.28442358996698447,1.0,0.28442358996698447,1.0003971945443673,22102.0,0.2866359044584387,1224.75
2350211,long,close,1241.5,-40106.0,1239.3738589115933,401062.0,838.186871056079,0.055418194727968245,0.00807611759967781,0.06349431232764606,31.48383967146045,70.23498011062429,163.33716304796346,101.00414514587037,-19.150821769367703,113.33716304796332,1.0877247728140775,1611785737939.0,0.30277402406693676,1.0,0.30277402406693676,1.0003971917560968,2218.0,0.2866377338967353,1225.9
2350214,long,close,1241.65,-40106.0,1239.3738589115933,360956.0,807.4576271090639,0.05932080058292953,0.008075141948214069,0.0673959425311436,31.491914813408666,70.26396036591268,163.4045589904946,101.06346594645329,-19.150821769367703,113.40455899049446,1.0877566449816185,1611785737970.0,1.0,1.0,1.0,1.0003971969293595,31.0,0.2866380997843946,1227.05
2350218,long,close,1241.8,-40106.0,1239.3738589115933,320850.0,772.0685447116332,0.0632224636276423,0.008074166532452891,0.0712966301600952,31.49998897994112,70.29461791688152,163.4758556206547,101.12668841008093,-19.150821769367703,113.47585562065456,1.0877903284946042,1611785738269.0,0.34974219681170615,1.0,0.34974219681170615,1.0003972100443506,299.0,0.28663858763460703,1228.2
2350222,long,close,1242.0,-40106.0,1239.3738589115933,280744.0,730.8734383805643,0.06842321501730587,0.008072866344605474,0.07649608136191136,31.508061846285724,70.32751123186713,163.5523517020166,101.19511162509824,-19.150821769367703,113.55235170201647,1.0878264764171364,1611785738282.0,0.37831665616262733,1.0,0.37831665616262733,1.0003972337449198,13.0,0.28663907548481943,1228.2
2350232,long,close,1242.6,-46790.0,1239.3738589115933,233954.0,673.3512480967496,0.09801729671263136,0.009413729277321746,0.1074310259899531,31.517475575563047,70.37370657304282,163.65978272800658,101.29312892181086,-19.150821769367703,113.65978272800642,1.0878771752045906,1611785738842.0,0.4116535010017595,1.0,0.4116535010017595,1.000397320710667,560.0,0.2866402951103505,1229.35
2350250,long,close,1243.05,-46790.0,1239.3738589115933,187164.0,602.226395009899,0.11164885835470265,0.009410321386911226,0.12105917974161387,31.52688589694996,70.42576202033172,163.7808419077482,101.40477778016556,-19.150821769367703,113.78084190774803,1.0879340777661464,1611785742000.0,0.45815462452985467,1.0,0.45815462452985467,1.0003974353526526,3158.0,0.2866424904363064,1230.5
2350265,long,close,1243.75,-46791.0,1239.3738589115933,140373.0,512.0359951291715,0.13283674242493035,0.009405226130653267,0.1422419685555836,31.536291123080613,70.48692606681063,163.9230838763038,101.53761452259049,-19.150821769367703,113.92308387630361,1.0880010985090849,1611785742901.0,0.5155641756747786,1.0,0.5155641756747786,1.0003975930170257,901.0,0.286644319874603,1231.65
2350267,long,close,1243.85,-140373.0,1239.3738589115933,0.0,0.0,0.4075838867649088,0.02821340997708727,0.4357972967419961,31.5645045330577,70.67431890440969,164.3588811730458,101.9451984093554,-19.150821769367703,114.3588811730456,1.088206305912439,1611785742914.0,1.0,1.0,1.0,1.0003983488417205,13.0,0.2866445637997092,
2350654,long,entry,1242.55,94192.0,1242.55,94192.0,395.58315065230414,0.0,0.018951350046275805,0.018951350046275805,31.583455883103976,70.68246798492959,164.37783252309208,101.9451984093554,-19.150821769367703,114.37783252309188,1.0882055721679296,1611785870465.0,1.0,1.0,1.0,1.00039825413306,127551.0,0.286691763307761,1235.1
2350693,long,close,1243.4,-94192.0,1242.55,0.0,0.0,0.05182128852931884,0.018938394724143475,0.07075968325346231,31.602394277828118,70.71289464872858,164.44859220634552,101.99701969788472,-19.150821769367703,114.44859220634534,1.0882378936835588,1611785882928.0,0.6814180956331609,1.0,0.6814180956331609,1.000398264907338,12463.0,0.28669651984733213,
2350805,long,entry,1242.2,94217.0,1242.2,94217.0,395.4721115407721,0.0,0.018961721139913058,0.018961721139913058,31.62135599896803,70.72104818881873,164.46755392748543,101.99701969788472,-19.150821769367703,114.46755392748526,1.0882421747924582,1611785944138.0,1.0,1.0,1.0,1.000398170290132,61210.0,0.28671017965328,1235.1
2351140,long,close,1243.05,-94217.0,1242.2,0.0,0.0,0.0518642467122763,0.01894875507823499,0.0708130017905113,31.640304754046266,70.75149777958866,164.53836692927595,102.048883944597,-19.150821769367703,114.53836692927577,1.088267001346841,1611786055728.0,0.6805943451594942,1.0,0.6805943451594942,1.0003981811150933,111590.0,0.2867510371085703,
2351186,long,entry,1241.15,94189.0,1241.15,94189.0,395.1385477114578,0.0,0.018972122628207713,0.018972122628207713,31.659276876674472,70.7596557923188,164.55733905190417,102.048883944597,-19.150821769367703,114.55733905190398,1.0882749760029407,1611786068097.0,1.0,1.0,1.0,1.0003980865892186,12369.0,0.2867566473860132,1233.95
2352340,long,close,1242.0,-94189.0,1241.15,0.0,0.0,0.05193656758124175,0.018959138486312397,0.07089570606755415,31.678236015160785,70.79014094592783,164.6282347579717,102.10082051217823,-19.150821769367703,114.62823475797154,1.0882764079928628,1611786489096.0,0.6800497589380908,1.0,0.6800497589380908,1.000398097524302,420999.0,0.286897392172297,
2352477,long,entry,1237.7,93978.0,1237.7,93978.0,394.0387833878421,0.0,0.018982386684980205,0.018982386684980205,31.697218401845763,70.79830337220237,164.64721714465668,102.10082051217823,-19.150821769367703,114.64721714465652,1.0882786997606155,1611786576554.0,1.0,1.0,1.0,1.0003980030892685,87458.0,0.28691410104207243,1230.5
2352514,long,close,1238.55,-93978.0,1237.7,0.0,0.0,0.05210941401552063,0.018969359331476324,0.07107877334699696,31.71618776117724,70.82886724474157,164.71829591800366,102.15292992619375,-19.150821769367703,114.71829591800352,1.088310751754885,1611786593609.0,0.6816234126062763,1.0,0.6816234126062763,1.0003980143375342,17055.0,0.28691861365653737,
2352553,long,entry,1237.55,94018.0,1237.55,94018.0,393.9909833467383,0.0,0.018992767968970953,0.018992767968970953,31.73518052914621,70.83703413496823,164.73728868597263,102.15292992619375,-19.150821769367703,114.73728868597249,1.0883173945364237,1611786623530.0,1.0,1.0,1.0,1.0003979199932784,29921.0,0.2869233701961085,1230.5
2352577,long,close,1238.4,-94018.0,1237.55,0.0,0.0,0.05214422730499751,0.0189797319121447,0.07112395921714221,31.754160261058352,70.8676174374316,164.80841264518978,102.20507415349874,-19.150821769367703,114.80841264518963,1.0883491886735637,1611786644022.0,0.6816105835817704,1.0,0.6816105835817704,1.0003979312745153,20492.0,0.286926297297383,
2352610,long,entry,1237.4,94058.0,1237.4,94058.0,393.94312774024297,0.0,0.019003151769839986,0.019003151769839986,31.773163412828193,70.87578879269265,164.82741579695963,102.20507415349874,-19.150821769367703,114.82741579695947,1.0883571237623262,1611786656859.0,1.0,1.0,1.0,1.000397837020867,12837.0,0.2869303220616355,1230.5
2352804,long,close,1238.25,-94058.0,1237.4,0.0,0.0,0.052179055939787805,0.018990107005855038,0.07116916294564285,31.79215351983405,70.90639153275926,164.89858495990526,102.25725320943853,-19.150821769367703,114.89858495990511,1.0883813420259179,1611786777431.0,0.6809918797147599,1.0,0.6809918797147599,1.000397848334964,120572.0,0.28695398279693796,
2355806,long,entry,1234.0,93851.0,1234.0,93851.0,392.8610434971015,0.0,0.019013573743922204,0.019013573743922204,31.81116709357797,70.91456736946915,164.9175985336492,102.25725320943853,-19.150821769367703,114.91759853364903,1.088265331802093,1611788429364.0,1.0,1.0,1.0,1.0003977541718256,1651933.0,0.2873201143813608,1227.05
2355820,long,close,1234.85,-93851.0,1234.0,0.0,0.0,0.05235141979133509,0.01900048588897437,0.07135190568030947,31.830167579466945,70.94524868891169,164.9889504393295,102.30960462922987,-19.150821769367703,114.98895043932934,1.088298646550634,1611788430023.0,0.6814812360166196,1.0,0.6814812360166196,1.0003977657964356,659.0,0.2873218218571043,
2355831,long,entry,1233.95,93899.0,1233.95,93899.0,392.8462041267393,0.0,0.019024069046557804,0.019024069046557804,31.849191648513504,70.95342903860171,165.00797450837607,102.30960462922987,-19.150821769367703,115.0079745083759,1.08830745005862,1611788431214.0,1.0,1.0,1.0,1.000397671723656,1191.0,0.28732316344518843,1227.05
2355866,long,close,1234.8,-93899.0,1233.95,0.0,0.0,0.05238243825581777,0.019010973436993848,0.07139341169281162,31.8682026219505,70.98412820562962,165.07936792006888,102.36198706748569,-19.150821769367703,115.0793679200687,1.0883406209026827,1611788433808.0,0.6813253262001709,1.0,0.6813253262001709,1.000397683372823,2594.0,0.28732743213454714,
2355873,long,entry,1233.85,93943.0,1233.85,93943.0,392.81481507466043,0.0,0.01903452607691373,0.01903452607691373,31.887237148027413,70.99231305184269,165.0984024461458,102.36198706748569,-19.150821769367703,115.09840244614561,1.0883494639257025,1611788434480.0,1.0,1.0,1.0,1.0003975893901542,672.0,0.2873282858724189,1227.05
2355889,long,close,1234.7,-93943.0,1233.85,0.0,0.0,0.052415476359853455,0.01902142220782376,0.07143689856767721,31.906258570235238,71.0230309182268,165.16983934471347,102.41440254384554,-19.150821769367703,115.1698393447133,1.0883824101560358,1611788440086.0,0.6815832569410608,1.0,0.6815832569410608,1.0003976010677476,5606.0,0.28733023727326856,
2358111,long,entry,1232.65,93903.0,1232.65,93903.0,392.43257664168584,0.0,0.019044943820224716,0.019044943820224716,31.925303514055464,71.03122024406949,165.1888842885337,102.41440254384554,-19.150821769367703,115.18888428853352,1.0883266206273678,1611789296056.0,1.0,1.0,1.0,1.0003975071749385,855970.0,0.2876012380662691,1225.9
2358255,long,close,1233.5,-93903.0,1232.65,0.0,0.0,0.052495183614718215,0.01903182002432104,0.07152700363903926,31.944335334079785,71.06197685563427,165.26041129217273,102.46689772746026,-19.150821769367703,115.26041129217255,1.0883588929459453,1611789310582.0,0.6811305950746032,1.0,0.6811305950746032,1.000397518974642,14526.0,0.28761880067391626,
2358303,long,entry,1232.15,93916.0,1232.15,93916.0,392.2722949479918,0.0,0.019055309824290875,0.019055309824290875,31.963390643904077,71.07017063885873,165.27946660199703,102.46689772746026,-19.150821769367703,115.27946660199684,1.0883667307491904,1611789324477.0,1.0,1.0,1.0,1.0003974251713754,13895.0,0.2876246548764653,1224.75
2358975,long,reentry,1224.75,174026.0,1227.3437643221293,267942.0,709.059857091661,0.0,0.035522759746887116,0.035522759746887116,31.998913403650963,71.08544542554989,165.31498936174393,102.46689772746026,-19.150821769367703,115.31498936174373,1.088364428658603,1611789574228.0,0.6796992774165169,1.0,0.6796992774165169,1.0003973645347015,249751.0,0.2877066137121523,1216.7
2359213,long,close,1228.2,-38277.0,1227.3437643221293,229665.0,660.851900358857,0.02174182014617086,0.007791279921836834,0.029533100068007693,32.0067046835728,71.09814465857913,165.34452246181192,102.48863954760644,-19.150821769367703,115.34452246181174,1.088373192827222,1611789640453.0,0.4198495687353453,1.0,0.4198495687353453,1.0003972918874093,66225.0,0.2877356407997914,1217.85
2360080,long,close,1228.2,-38277.0,1227.3437643221293,191388.0,603.416566998392,0.02174182014617086,0.007791279921836834,0.029533100068007693,32.01449596349464,71.11084389160837,165.3740555618799,102.51038136775261,-19.150821769367703,115.37405556187974,1.0883636544312172,1611789948986.0,0.45742865323574955,1.0,0.45742865323574955,1.0003972192777646,308533.0,0.2878413823333339,1217.85
2360186,long,close,1231.7,-47847.0,1227.3437643221293,143541.0,513.8568348731538,0.13787798202861118,0.00971157749451977,0.14758955952313094,32.02420754098916,71.17430740220331,165.52164512140305,102.64825934978123,-19.150821769367703,115.52164512140287,1.088430923767607,1611789968303.0,0.5086984473225924,1.0,0.5086984473225924,1.000397383604745,19317.0,0.2878543103639631,1219.0
2360189,long,close,1231.75,-143541.0,1227.3437643221293,0.0,0.0,0.41836457039815694,0.029133549827481228,0.4474981202256382,32.053341090816645,71.36673159390034,165.9691432416287,103.06662392017938,-19.150821769367703,115.9691432416285,1.0886389446116311,1611789968534.0,0.5828068240049088,1.0,0.5828068240049088,1.0003981478800352,231.0,0.2878546762516224,
2394862,long,entry,1291.1,98831.0,1291.1,98831.0,411.03906070985823,0.0,0.019136976221826352,0.019136976221826352,32.07247806703847,71.37496049367573,165.98828021785053,103.06662392017938,-19.150821769367703,115.98828021785033,1.0868300314413768,1611814465947.0,1.0,1.0,1.0,1.0003980540546833,24497413.0,0.29208348385545096,1284.0
2394877,long,close,1292.0,-98831.0,1291.1,0.0,0.0,0.05332284396174278,0.019123645510835913,0.07244648947257869,32.091601712549306,71.40611248414893,166.0607267073231,103.11994676414112,-19.150821769367703,116.06072670732291,1.086862272245385,1611814475157.0,0.6816242123001757,1.0,0.6816242123001757,1.000398066786997,9210.0,0.29208531329374754,
2394991,long,entry,1290.8,98863.0,1290.8,98863.0,410.94481631681055,0.0,0.019147621629996902,0.019147621629996902,32.1107493341793,71.41434596144984,166.0798743289531,103.11994676414112,-19.150821769367703,116.07987432895291,1.0868622764208224,1611814594696.0,1.0,1.0,1.0,1.0003979730508998,119539.0,0.29209921702480157,1284.0
2395078,long,close,1291.7,-98863.0,1290.8,0.0,0.0,0.05336489731981185,0.019134280405666948,0.0724991777254788,32.12988361458497,71.4455206078718,166.1523735066786,103.17331166146093,-19.150821769367703,116.15237350667839,1.0868930809841466,1611814623697.0,0.681116771694878,1.0,0.681116771694878,1.0003979858269747,29001.0,0.29210982776692174,
2395568,long,entry,1289.65,98829.0,1289.65,98829.0,410.5774548406923,0.0,0.019158104912185475,0.019158104912185475,32.149041719497156,71.45375859298403,166.17153161159078,103.17331166146093,-19.150821769367703,116.17153161159057,1.0868605486011562,1611815190775.0,1.0,1.0,1.0,1.0003978921796317,567078.0,0.29216958941794346,1282.8
2395769,long,close,1290.55,-98829.0,1289.65,0.0,0.0,0.05344169360649683,0.019144744488783855,0.07258643809528069,32.16818646398594,71.484970761365,166.24411804968605,103.22675335506743,-19.150821769367703,116.24411804968585,1.0868858169725715,1611815296032.0,0.680782572818619,1.0,0.680782572818619,1.0003979050681715,105257.0,0.29219410389111766,
2395821,long,entry,1288.95,98830.0,1288.95,98830.0,410.35489193831387,0.0,0.019168703208037548,0.019168703208037548,32.18735516719398,71.49321330374445,166.2632867528941,103.22675335506743,-19.150821769367703,116.26328675289389,1.0868908122048189,1611815346868.0,1.0,1.0,1.0,1.0003978115096055,50836.0,0.2922004459438792,1281.6
2395870,long,close,1289.85,-98830.0,1288.95,0.0,0.0,0.05350027642665158,0.019155328138930883,0.07265560456558247,32.20651049533291,71.52445521370767,166.3359423574597,103.28025363149408,-19.150821769367703,116.33594235745947,1.0869204330817284,1611815392371.0,0.6815003943353665,1.0,0.6815003943353665,1.0003978244741958,45503.0,0.29220642210898135,
2395947,long,entry,1288.65,98862.0,1288.65,98862.0,410.26060440151224,0.0,0.0191793737632406,0.0191793737632406,32.22568986909615,71.53270234442586,166.35512173122294,103.28025363149408,-19.150821769367703,116.35512173122271,1.086920704310876,1611815508160.0,1.0,1.0,1.0,1.00039773100436,115789.0,0.2922158132255705,1281.6
2396001,long,close,1289.55,-98862.0,1288.65,0.0,0.0,0.053542511378124755,0.01916598813539607,0.07270849951352082,32.24485585723155,71.56396699921667,166.42783023073645,103.3337961428722,-19.150821769367703,116.42783023073623,1.0869507323677552,1611815548087.0,0.6810661138869575,1.0,0.6810661138869575,1.0003977440123684,39927.0,0.2922223992034382,
2396034,long,entry,1288.45,98901.0,1288.45,98901.0,410.19618277900076,0.0,0.01918991811866972,0.01918991811866972,32.26404577535022,71.57221866400769,166.4470201488551,103.3337961428722,-19.150821769367703,116.4470201488549,1.0869548728581955,1611815610630.0,1.0,1.0,1.0,1.0003976506308365,62543.0,0.29222642396769066,1281.6
2396511,long,close,1289.35,-98901.0,1288.45,0.0,0.0,0.05358025767030054,0.019176523054252145,0.07275678072455269,32.28322229840447,71.60350407971924,166.51977692957965,103.38737640054251,-19.150821769367703,116.51977692957945,1.0869557987915912,1611816050743.0,0.680158921809746,1.0,0.680158921809746,1.0003976636729193,440113.0,0.292284600105522,
2396638,long,entry,1286.75,98825.0,1286.75,98825.0,409.6547451739963,0.0,0.01920050514863027,0.01920050514863027,32.3024228035531,71.61176029693316,166.53897743472828,103.38737640054251,-19.150821769367703,116.53897743472808,1.0869579537307672,1611816140572.0,1.0,1.0,1.0,1.0003975703796053,89829.0,0.2923000893497664,1279.2
2396652,long,close,1287.65,-98825.0,1286.75,0.0,0.0,0.05368059529770091,0.01918708499980585,0.07286768029750676,32.321609888552906,71.64309339946108,166.61184511502577,103.44105699584021,-19.150821769367703,116.61184511502559,1.0869890994631421,1611816165408.0,0.6815742361647911,1.0,0.6815742361647911,1.000397583579777,24836.0,0.2923017968255099,
2397093,long,entry,1285.9,98815.0,1285.9,98815.0,409.38607281342865,0.0,0.01921125281903725,0.01921125281903725,32.34082114137195,71.65135423817327,166.63105636784482,103.44105699584021,-19.150821769367703,116.63105636784462,1.0869490402342552,1611816835998.0,1.0,1.0,1.0,1.0003974903747737,670590.0,0.29235558231142944,1279.2
2397337,long,close,1286.8,-98815.0,1285.9,0.0,0.0,0.053746122278930775,0.019197816288467517,0.0729439385673983,32.360018957660415,71.68272013175725,166.7040003064122,103.49480311811915,-19.150821769367703,116.70400030641201,1.086971467261399,1611816980800.0,0.6804916313014683,1.0,0.6804916313014683,1.0003975036638755,144802.0,0.2923853411743872,
2397369,long,entry,1285.15,98812.0,1285.15,98812.0,409.14732665553703,0.0,0.019221880714313504,0.019221880714313504,32.37924083837473,71.69098554046441,166.72322218712654,103.49480311811915,-19.150821769367703,116.72322218712632,1.0869794920724805,1611816989808.0,1.0,1.0,1.0,1.000397410546751,9008.0,0.29238924397608657,1278.0
2397379,long,close,1286.05,-98812.0,1285.15,0.0,0.0,0.05380721633802943,0.019208428910228996,0.07301564524825843,32.39844926728495,71.72238226792116,166.7962378323748,103.54861033445718,-19.150821769367703,116.79623783237459,1.0870114769669745,1611817003229.0,0.6817212550326434,1.0,0.6817212550326434,1.0003974239154496,13421.0,0.29239046360161763,
2397924,long,entry,1284.2,98793.0,1284.2,98793.0,408.8431975559082,0.0,0.019232401495094222,0.019232401495094222,32.41768166878005,71.73065220056405,166.8154702338699,103.54861033445718,-19.150821769367703,116.81547023386968,1.0869913945799607,1611817398983.0,1.0,1.0,1.0,1.0003973308858018,395754.0,0.29245693319306015,1276.8
2397944,long,close,1285.1,-98793.0,1284.2,0.0,0.0,0.053876465164058536,0.019218932378803205,0.07309539754286173,32.436900601158854,71.76208322150748,166.88856563141275,103.60248679962123,-19.150821769367703,116.88856563141253,1.0870240085843217,1611817403851.0,0.6815862947383893,1.0,0.6815862947383893,1.0003973443496939,4868.0,0.29245937244412223,
2397954,long,entry,1284.1,98840.0,1284.1,98840.0,408.8113944984335,0.0,0.019243049606728447,0.019243049606728447,32.45614365076558,71.77035773283838,166.90780868101947,103.60248679962123,-19.150821769367703,116.90780868101926,1.0870318019613865,1611817416005.0,1.0,1.0,1.0,1.0003972514075785,12154.0,0.2924605920696533,1276.8
2398081,long,close,1285.0,-98840.0,1284.1,0.0,0.0,0.053910489170604536,0.019229571984435798,0.07314006115504033,32.475373222750015,71.80180795913503,166.9809487421745,103.65639728879184,-19.150821769367703,116.9809487421743,1.087059907872499,1611817482908.0,0.6810646009530087,1.0,0.6810646009530087,1.0003972648970718,66903.0,0.2924760813138977,
2399055,long,entry,1282.05,98737.0,1282.05,98737.0,408.1592222361965,0.0,0.019253734253734254,0.019253734253734254,32.49462695700375,71.81008706486413,167.00020247642823,103.65639728879184,-19.150821769367703,117.00020247642804,1.087001930802974,1611818400261.0,1.0,1.0,1.0,1.000397172042396,917353.0,0.2925948728406225,1274.4
2399181,long,close,1282.95,-98737.0,1282.05,0.0,0.0,0.054026613128682184,0.019240227600452083,0.07326684072913427,32.5138671846042,71.84159180637766,167.07346931715736,103.71042390192052,-19.150821769367703,117.07346931715718,1.0870316009948842,1611818445866.0,0.6809760651585146,1.0,0.6809760651585146,1.0003971857192098,45605.0,0.2926102401223138,
2399195,long,entry,1281.7,98765.0,1281.7,98765.0,408.0485415696181,0.0,0.019264453460248108,0.019264453460248108,32.53313163806445,71.84987552136556,167.0927337706176,103.71042390192052,-19.150821769367703,117.09273377061743,1.087038994296402,1611818463439.0,1.0,1.0,1.0,1.0003970929518047,17573.0,0.2926119475980573,1274.4
2399521,long,reentry,1274.4,183011.0,1276.9587150786442,281776.0,737.65944912267,0.0,0.03590140458254865,0.03590140458254865,32.56903304264699,71.86531312533606,167.12863517520015,103.71042390192052,-19.150821769367703,117.12863517519997,1.087040419148344,1611818666229.0,0.6797986882962936,1.0,0.6797986882962936,1.00039703300102,202790.0,0.29265170739036966,1266.0
2399727,long,close,1277.85,-40253.0,1276.9587150786442,241523.0,687.5021813503379,0.02198660016953283,0.007875141839809054,0.029861742009341885,32.576908184486804,71.87815367440007,167.15849691720948,103.73241050209005,-19.150821769367703,117.15849691720932,1.087042284577762,1611818825494.0,0.42073937011844204,1.0,0.42073937011844204,1.0003969611885803,159265.0,0.2926768316763094,1267.2
2399742,long,close,1277.85,-40253.0,1276.9587150786442,201270.0,627.7454934750244,0.02198660016953283,0.007875141839809054,0.029861742009341885,32.584783326326615,71.89099422346409,167.1883586592188,103.75439710225957,-19.150821769367703,117.18835865921866,1.0870531727430561,1611818860462.0,0.4619010046958574,1.0,0.4619010046958574,1.0003968894128645,34968.0,0.292678661114606,1267.2
2399839,long,close,1277.85,-40254.0,1276.9587150786442,161016.0,555.3399814922353,0.021987146379757398,0.007875337480924992,0.02986248386068239,32.59265866380754,71.90383509152419,167.2182211430795,103.77638424863933,-19.150821769367703,117.21822114307935,1.0870549545557304,1611819020791.0,0.5083446949600372,1.0,0.5083446949600372,1.0003968176752989,160329.0,0.29269049148225723,1268.4
2399841,long,close,1277.9,-161016.0,1276.9587150786442,0.0,0.0,0.09287876001215073,0.031500117380076686,0.12437887739222742,32.62415878118762,71.95731800880284,167.34260002047174,103.86926300865149,-19.150821769367703,117.34260002047158,1.087110121288192,1611819030683.0,0.5654106651858705,1.0,0.5654106651858705,1.000396931648337,9892.0,0.29269073540736346,
2399852,long,entry,1278.75,98696.0,1278.75,98696.0,407.1082005754174,0.0,0.01929540566959922,0.01929540566959922,32.64345418685722,71.96561503324077,167.36189542614133,103.86926300865149,-19.150821769367703,117.36189542614117,1.087116680399179,1611819059680.0,1.0,1.0,1.0,1.00039683914703,28997.0,0.29269207699544764,1272.0
2399887,long,close,1279.65,-98696.0,1278.75,0.0,0.0,0.054283171500459956,0.0192818348767241,0.07356500637718405,32.66273602173394,71.99724798598295,167.4354604325185,103.92354618015194,-19.150821769367703,117.43546043251835,1.087146283462351,1611819106840.0,0.6815237420203258,1.0,0.6815237420203258,1.0003968531708074,47160.0,0.29269634568480635,
2399900,long,entry,1279.5,98809.0,1279.5,98809.0,407.3478667839442,0.0,0.019306174286830794,0.019306174286830794,32.682042196020774,72.0055496409263,167.45476660680535,103.92354618015194,-19.150821769367703,117.45476660680518,1.0871529033678158,1611819134987.0,1.0,1.0,1.0,1.0003967607560997,28147.0,0.2926979311979967,1272.0
2399961,long,close,1280.4,-98809.0,1279.5,0.0,0.0,0.05428165216542061,0.01929260387378944,0.07357425603921004,32.70133479989456,72.03718657102317,167.52834086284457,103.97782783231736,-19.150821769367703,117.52834086284439,1.0871755143161927,1611819278089.0,0.6813237889427387,1.0,0.6813237889427387,1.0003967747345375,143102.0,0.2927053709137361,
2401379,long,entry,1277.55,98713.0,1277.55,98713.0,406.72665736831306,0.0,0.019316856483112207,0.019316856483112207,32.720651656377676,72.0454928193109,167.54765771932767,103.97782783231736,-19.150821769367703,117.5476577193275,1.0870812034874238,1611820696016.0,1.0,1.0,1.0,1.0003966824061286,1417927.0,0.2928783138140398,1270.8
2401392,long,close,1278.45,-98713.0,1277.55,0.0,0.0,0.05439452723156887,0.019303257851304313,0.07369778508287318,32.73995491422898,72.07718286689654,167.62135550441056,104.03222235954892,-19.150821769367703,117.62135550441037,1.0871136509885824,1611820703764.0,0.6815731172251522,1.0,0.6815731172251522,1.0003966965629443,7748.0,0.2928798993272302,
2401550,long,entry,1277.15,98737.0,1277.15,98737.0,406.59964375244095,0.0,0.01932760443174255,0.01932760443174255,32.759282518660726,72.08549373680219,167.6406831088423,104.03222235954892,-19.150821769367703,117.64068310884211,1.0871072493049079,1611820911263.0,1.0,1.0,1.0,1.0003966043207322,207499.0,0.29289916941062083,1269.6
2401808,long,reentry,1269.6,182959.0,1272.2463433985572,281696.0,734.9819802292557,0.0,0.03602689823566478,0.03602689823566478,32.79530941689639,72.10098530304352,167.67671000707796,104.03222235954892,-19.150821769367703,117.67671000707777,1.0871164344076356,1611821006939.0,0.6797293184573739,1.0,0.6797293184573739,1.0003965447809688,95676.0,0.29293063574932204,1261.55
2402550,long,close,1273.15,-40242.0,1272.2463433985572,241454.0,685.009074606087,0.02245081941418236,0.007902053960648784,0.03035287337483114,32.803211470857036,72.11403703859469,167.70706288045278,104.05467317896311,-19.150821769367703,117.70706288045261,1.0870763827265257,1611821746550.0,0.4198350394843464,1.0,0.4198350394843464,1.0003964741790095,739611.0,0.29302113196372637,1262.7
2402655,long,close,1276.05,-48290.0,1272.2463433985572,193164.0,612.0033269187307,0.11314089336747012,0.009460836174131109,0.12260172954160123,32.812672307031164,72.16675578229759,167.82966460999438,104.16781407233059,-19.150821769367703,117.82966460999421,1.0871257954908262,1611821820954.0,0.4623373693292359,1.0,0.4623373693292359,1.0003965837130013,74404.0,0.29303393803180244,1262.7
2402670,long,close,1276.75,-48291.0,1272.2463433985572,144873.0,519.6519692574456,0.13389192623415716,0.009455844918738986,0.14334777115289615,32.822128151949904,72.22839532389332,167.97301238114727,104.30170599856474,-19.150821769367703,117.9730123811471,1.0871896558023524,1611821823310.0,0.5205802147046878,1.0,0.5205802147046878,1.000396733447294,2356.0,0.2930357674700991,1263.85
2402671,long,close,1276.8,-144873.0,1272.2463433985572,0.0,0.0,0.4061193148484816,0.02836642387218045,0.4344857387206621,32.85049457582208,72.4152241915432,168.4074981198679,104.70782531341322,-19.150821769367703,118.40749811986777,1.0873833684489531,1611821824064.0,1.0,1.0,1.0,1.0003974492568777,754.0,0.29303588943265213,
2463100,long,entry,1331.8,103445.0,1331.8,103445.0,423.9985496899703,0.0,0.019418268508785103,0.019418268508785103,32.86991284433087,72.42357404700198,168.4269163883767,104.70782531341322,-19.150821769367703,118.42691638837655,1.085099772906207,1611854184335.0,1.0,1.0,1.0,1.0003973569494558,32360271.0,0.3004059645542671,1323.75
2464009,long,close,1332.75,-103445.0,1331.8,0.0,0.0,0.05536628800104333,0.019404426936784843,0.07477071493782818,32.88931727126766,72.45572545442523,168.5016871033145,104.76319160141426,-19.150821769367703,118.50168710331438,1.0851142769644824,1611854443555.0,0.679771496778845,1.0,0.679771496778845,1.0003973721808586,259220.0,0.3005168285150401,
2487677,long,entry,1336.4,103860.0,1336.4,103860.0,425.4620343991922,0.0,0.01942906315474409,0.01942906315474409,32.9087463344224,72.46407995158178,168.52111616646926,104.76319160141426,-19.150821769367703,118.52111616646913,1.0837869602600183,1611874115077.0,1.0,1.0,1.0,1.0003972799588638,19671522.0,0.3034034382219421,1328.75
2488260,long,reentry,1328.75,192452.0,1331.4313932611572,296312.0,769.1316889309792,0.0,0.03620921919096896,0.03620921919096896,32.944955553613376,72.47964991583389,168.55732538566022,104.76319160141426,-19.150821769367703,118.55732538566009,1.0837852298926494,1611874371670.0,0.6797907470465928,1.0,0.6797907470465928,1.0003972203405618,256593.0,0.3034745423904026,1320.0
2488364,long,close,1332.35,-42330.0,1331.4313932611572,253982.0,716.8347638821972,0.021920011440516644,0.007942732765414495,0.029862744205931137,32.95289828637879,72.49249089584245,168.58718812986618,104.78511161285478,-19.150821769367703,118.58718812986602,1.0837952480587745,1611874411973.0,0.4210089664777333,1.0,0.4210089664777333,1.0003971484431937,40303.0,0.3034872264959256,1321.25
2488547,long,close,1335.4,-50796.0,1331.4313932611572,203186.0,640.4328200962307,0.11338025132460697,0.009509510259098396,0.12288976158370536,32.96240779663789,72.54533349332345,168.71007789144988,104.89849186417939,-19.150821769367703,118.71007789144973,1.0838366815199203,1611874574290.0,0.46199732521600334,1.0,0.46199732521600334,1.0003972567826707,162317.0,0.3035095456431439,1322.5
2488573,long,close,1336.15,-50796.0,1331.4313932611572,152390.0,543.7876296195111,0.13473154480010882,0.00950417243572952,0.14423571723583833,32.97191196907362,72.60735485173485,168.85431360868571,105.0332234089795,-19.150821769367703,118.85431360868557,1.0838966501086822,1611874594415.0,0.520490550991142,1.0,0.520490550991142,1.0003974061692276,20125.0,0.3035127166695247,1322.5
2488587,long,close,1335.9,-152390.0,1331.4313932611572,0.0,0.0,0.38285635696786163,0.028518227412231454,0.4113745843800931,33.00043019648586,72.7842459230183,169.2656881930658,105.41607976594736,-19.150821769367703,119.26568819306567,1.0840705080996744,1611874605562.0,0.5929276268896125,1.0,0.5929276268896125,1.0003980709175937,11147.0,0.30351442414526814,
2488844,long,entry,1333.1,104073.0,1333.1,104073.0,424.41063431593716,0.0,0.01951710299302378,0.01951710299302378,33.01994729947888,72.7926382773053,169.28520529605885,105.41607976594736,-19.150821769367703,119.28520529605869,1.0840721038510928,1611874705166.0,1.0,1.0,1.0,1.0003979786479915,99604.0,0.30354576852141624,1325.0
2488867,long,close,1334.05,-104073.0,1333.1,0.0,0.0,0.055593861829381835,0.019503204527566435,0.07509706635694827,33.039450504006446,72.82493001583879,169.36030236241578,105.47167362777674,-19.150821769367703,119.36030236241564,1.0841034399425944,1611874712461.0,0.6816124273698896,1.0,0.6816124273698896,1.0003979935315557,7295.0,0.3035485736601377,
2488969,long,entry,1332.8,104108.0,1332.8,104108.0,424.3158564037577,0.0,0.019528061224489798,0.019528061224489798,33.05897856523094,72.83332708216531,169.37983042364027,105.47167362777674,-19.150821769367703,119.37983042364013,1.0841085323453503,1611874759890.0,1.0,1.0,1.0,1.0003979013474558,47429.0,0.30356101384055445,1325.0
2489052,long,close,1333.75,-104108.0,1332.8,0.0,0.0,0.0556375877436273,0.01951415182755389,0.0751517395711812,33.07849271705849,72.86564233018093,169.45498216321147,105.52731121552037,-19.150821769367703,119.45498216321131,1.0841375798202766,1611874801369.0,0.6813009941386828,1.0,0.6813009941386828,1.000397916270943,41479.0,0.3035711367324622,
2500524,long,entry,1348.9,105425.0,1348.9,105425.0,429.44289423099866,0.0,0.019539068870931868,0.019539068870931868,33.09803178592942,72.87404412979542,169.4745212320824,105.52731121552037,-19.150821769367703,119.47452123208224,1.0837723543256965,1611880392587.0,1.0,1.0,1.0,1.0003978241722735,5591218.0,0.304970291141689,1341.25
2500599,long,close,1349.85,-105425.0,1348.9,0.0,0.0,0.05500497218915581,0.01952531762788458,0.0745302898170404,33.1175571035573,72.90609215441675,169.54905152189943,105.58231618770952,-19.150821769367703,119.54905152189927,1.083802448071709,1611880412287.0,0.681374911536579,1.0,0.681374911536579,1.000397837836045,19700.0,0.3049794383331719,
2500787,long,entry,1348.25,105432.0,1348.25,105432.0,429.2340060728913,0.0,0.019549786760615615,0.019549786760615615,33.13710689031792,72.91449856272382,169.56860130866005,105.58231618770952,-19.150821769367703,119.5686013086599,1.0838047553108183,1611880501390.0,1.0,1.0,1.0,1.0003977458226552,89103.0,0.3050023672931558,1341.25
2501492,long,close,1349.2,-105432.0,1348.25,0.0,0.0,0.05506165853124456,0.019536021345982802,0.07459767987722736,33.1566429116639,72.94657556507103,169.64319898853728,105.63737784624077,-19.150821769367703,119.64319898853712,1.0838139826501112,1611880834848.0,0.6800939026846348,1.0,0.6800939026846348,1.0003977595529754,333458.0,0.30508835089309516,
2501688,long,entry,1345.75,105295.0,1345.75,105295.0,428.43827048643567,0.0,0.019560653910458855,0.019560653910458855,33.17620356557436,72.95498664625252,169.66275964244772,105.63737784624077,-19.150821769367703,119.66275964244758,1.0838078841425272,1611881050317.0,1.0,1.0,1.0,1.0003976676249744,215469.0,0.30511225555350385,1338.75
2501747,long,close,1346.7,-105295.0,1345.75,0.0,0.0,0.055194538397379075,0.019546855275859507,0.07474139367323858,33.195750420850224,72.98712544553202,169.73750103612096,105.69257238463814,-19.150821769367703,119.73750103612082,1.0838347524678267,1611881119095.0,0.6813519240739015,1.0,0.6813519240739015,1.000397681567922,68778.0,0.3051194513441371,
2501958,long,entry,1345.1,105303.0,1345.1,105303.0,428.23232716658316,0.0,0.01957159319009739,0.01957159319009739,33.215322014040325,72.99554123060376,169.75707262931107,105.69257238463814,-19.150821769367703,119.75707262931091,1.0838172222313385,1611881506452.0,1.0,1.0,1.0,1.000397589725206,387357.0,0.30514518544284236,1337.5
2501993,long,close,1346.05,-105303.0,1345.1,0.0,0.0,0.055252073936610566,0.019557780171613238,0.0748098541082238,33.234879794211935,73.0277094678703,169.8318824834193,105.74782445857475,-19.150821769367703,119.83188248341914,1.0838459251510624,1611881547670.0,0.6814340136383982,1.0,0.6814340136383982,1.0003976037359499,41218.0,0.30514945413220107,
2502067,long,entry,1344.8,105338.0,1344.8,105338.0,428.1366661381655,0.0,0.019582465794170136,0.019582465794170136,33.25446226000611,73.03612992816178,169.85146494921347,105.74782445857475,-19.150821769367703,119.85146494921331,1.083847623045094,1611881645863.0,1.0,1.0,1.0,1.0003975119782127,98193.0,0.3051584793611309,1337.5
2502090,long,close,1345.75,-105338.0,1344.8,0.0,0.0,0.05529509196942292,0.019568642021177782,0.0748637339906007,33.274030902027285,73.06832133377775,169.92632868320405,105.80311955054418,-19.150821769367703,119.9263286832039,1.0838753149654652,1611881702308.0,0.6815643985584489,1.0,0.6815643985584489,1.0003975260286027,56445.0,0.3051612844998523,
2502472,long,entry,1343.95,105330.0,1343.95,105330.0,427.8661607115612,0.0,0.01959336284832025,0.01959336284832025,33.293624264875604,73.07674647980252,169.94592204605237,105.80311955054418,-19.150821769367703,119.94592204605223,1.0838440454551515,1611882296266.0,1.0,1.0,1.0,1.000397434355726,593958.0,0.3052078741951386,1336.25
2502682,long,close,1344.9,-105330.0,1343.95,0.0,0.0,0.05536082892677666,0.019579522641088556,0.07494035156786522,33.31320378751669,73.1089708309767,170.02086239762025,105.85848037947096,-19.150821769367703,120.02086239762009,1.0838676616705984,1611882414030.0,0.6806968949913722,1.0,0.6806968949913722,1.0003974484890275,117764.0,0.30523348633129077,
2506635,long,entry,1336.75,104824.0,1336.75,104824.0,425.5739504246033,0.0,0.019604264073312137,0.019604264073312137,33.33280805159001,73.11740066452823,170.04046666169356,105.85848037947096,-19.150821769367703,120.0404666616934,1.0835786472410056,1611886900506.0,1.0,1.0,1.0,1.0003973569008353,4486476.0,0.305715604303717,1328.75
2506781,long,close,1337.7,-104824.0,1336.75,0.0,0.0,0.055689768616731805,0.01959034163115796,0.07528011024788976,33.352398393221165,73.14977111193483,170.11574677194145,105.91417014808769,-19.150821769367703,120.11574677194129,1.0836045875105687,1611886983982.0,0.6812299536162666,1.0,0.6812299536162666,1.0003973716188317,83476.0,0.30573341083647043,
2506914,long,entry,1336.05,104828.0,1336.05,104828.0,425.35227884012266,0.0,0.01961528385913701,0.01961528385913701,33.372013677080304,73.15820568399425,170.13536205580058,105.91417014808769,-19.150821769367703,120.13536205580043,1.0836084595322024,1611887049411.0,1.0,1.0,1.0,1.000397280115146,65429.0,0.30574963185603343,1328.75
2507177,long,close,1337.0,-104828.0,1336.05,0.0,0.0,0.055750245822532345,0.019601346297681378,0.07535159212021372,33.39161502337799,73.19060686860595,170.2107136479208,105.96992039391023,-19.150821769367703,120.21071364792064,1.0836286222994205,1611887220487.0,0.6809897784976768,1.0,0.6809897784976768,1.0003972949046576,171076.0,0.3057817080075002,
2507368,long,entry,1334.9,104796.0,1334.9,104796.0,424.9854888074325,0.0,0.019626189227657503,0.019626189227657503,33.411241212605646,73.19904612997385,170.23033983714848,105.96992039391023,-19.150821769367703,120.23033983714829,1.083627747710067,1611887357765.0,1.0,1.0,1.0,1.0003972034850819,137278.0,0.3058050028551434,1327.5
2507533,long,close,1335.85,-104796.0,1334.9,0.0,0.0,0.05582926156760295,0.0196122319122656,0.07544149347986855,33.43085344451791,73.23148597217019,170.30578133062835,106.02574965547784,-19.150821769367703,120.30578133062816,1.083652794424929,1611887455092.0,0.6811213739955487,1.0,0.6811213739955487,1.0003972183808945,97327.0,0.30582512667640577,
2507854,long,entry,1333.7,104760.0,1333.7,104760.0,424.60268666667054,0.0,0.019637099797555672,0.019637099797555672,33.450490544315464,73.23992992508315,170.3254184304259,106.02574965547784,-19.150821769367703,120.32541843042571,1.0836359875394792,1611887833622.0,1.0,1.0,1.0,1.000397127045246,378530.0,0.30586427665595267,1326.25
2508036,long,reentry,1326.25,194120.0,1328.8612888115633,298880.0,767.6173600970019,0.0,0.036591894439208295,0.036591894439208295,33.48708243875467,73.255664439692,170.3620103248651,106.02574965547784,-19.150821769367703,120.36201032486493,1.0836488738828287,1611887869489.0,0.679835102799977,1.0,0.679835102799977,1.0003970680075338,35867.0,0.30588647384061785,1317.6
2508649,long,reentry,1317.6,553824.0,1321.547177449619,852704.0,1067.2590879916406,0.0,0.10508196721311477,0.10508196721311477,33.592164405967786,73.30084968559363,170.46709229207823,106.02574965547784,-19.150821769367703,120.46709229207804,1.083683967842791,1611888001117.0,0.41739033805396236,1.0,0.41739033805396236,1.0003971391385134,131628.0,0.30596123688567156,1299.6
2508842,long,close,1322.45,-44879.0,1321.547177449619,807825.0,1054.722458135868,0.023183747445653973,0.008484063669703959,0.031667811115357936,33.60064846963749,73.31446684437324,170.49876010319358,106.0489334029235,-19.150821769367703,120.49876010319339,1.0836954378786074,1611888027153.0,0.1895670984952232,1.0,0.1895670984952232,1.0003970707273009,26036.0,0.3059847756584209,1299.6
2508874,long,close,1322.45,-42517.0,1321.547177449619,765308.0,1041.8049469574214,0.021963577400273403,0.008037543952512381,0.030001121352785785,33.60868601359,73.32736732655493,170.52876122454637,106.07089698032377,-19.150821769367703,120.52876122454617,1.0837072222064144,1611888037885.0,0.20181439523545638,1.0,0.20181439523545638,1.0003969991859802,10732.0,0.30598867846012034,1300.8
2510119,long,close,1322.45,-42517.0,1321.547177449619,722791.0,1027.7371126263936,0.021963577400273403,0.008037543952512381,0.030001121352785785,33.616723557542514,73.34026780873664,170.55876234589917,106.09286055772404,-19.150821769367703,120.55876234589896,1.0836786350643703,1611888659874.0,0.20702926856643214,1.0,0.20702926856643214,1.0003969276809255,621989.0,0.30614052183873675,1302.0
2510167,long,close,1322.45,-42517.0,1321.547177449619,680274.0,1012.358137705504,0.021963577400273403,0.008037543952512381,0.030001121352785785,33.624761101495025,73.35316829091835,170.58876346725197,106.11482413512431,-19.150821769367703,120.58876346725174,1.0836873318827236,1611888717221.0,0.2225891735049973,1.0,0.2225891735049973,1.0003968562121053,57347.0,0.3061463760412858,1303.2
2510180,long,close,1323.45,-45351.0,1321.547177449619,634923.0,994.25129052538,0.049339523125919285,0.008566814008840531,0.05790633713475982,33.63332791550386,73.3780680158863,170.64666980438673,106.16416365825023,-19.150821769367703,120.64666980438649,1.0837110302199275,1611888723100.0,0.23454074499602737,1.0,0.23454074499602737,1.0003968376574939,5879.0,0.30614796155447616,1303.2
2510219,long,close,1323.55,-45351.0,1321.547177449619,589572.0,974.1432257634567,0.05192856441905485,0.008566166748517247,0.0604947311675721,33.64189408225238,73.40408075028836,170.7071645355543,106.21609222266929,-19.150821769367703,120.70716453555406,1.0837334967377423,1611888763801.0,0.24823160521312612,1.0,0.24823160521312612,1.0003968239787537,40701.0,0.30615271809404726,1304.4
2510221,long,close,1323.65,-45351.0,1321.547177449619,544221.0,951.6838455756921,0.05451721451493738,0.008565519585993275,0.06308273410093065,33.65045960183837,73.43120632595175,170.77024726965524,106.27060943718422,-19.150821769367703,120.77024726965499,1.0837595856010962,1611888765806.0,1.0,1.0,1.0,1.0003968151652383,2005.0,0.3061529620191535,1305.6
2510231,long,close,1323.75,-45351.0,1321.547177449619,498870.0,926.4363324648049,0.057105473502205004,0.008564872521246459,0.06567034602345147,33.65902447435962,73.45944457474184,170.8359176156787,106.32771491068642,-19.150821769367703,120.83591761567844,1.0837866591788239,1611888769039.0,0.2810154908203135,1.0,0.2810154908203135,1.0003968112061006,3233.0,0.30615418164468455,1306.8
2510373,long,close,1322.45,-41572.0,1321.547177449619,457298.0,900.4330144183781,0.02147540606543655,0.00785889825702295,0.029334304322459502,33.66688337261664,73.4720583256005,170.86525192000116,106.34919031675186,-19.150821769367703,120.8652519200009,1.0837905937738288,1611888893872.0,0.29868559238091985,1.0,0.29868559238091985,1.0003967385378878,124833.0,0.3061715003272255,1306.8
2510388,long,close,1324.0,-45729.0,1321.547177449619,411569.0,867.8769135608928,0.06410430234282948,0.00863462990936556,0.07273893225219503,33.675518002526005,73.50333606646893,170.93799085225334,106.41329461909469,-19.150821769367703,120.9379908522531,1.0838203415224428,1611888900787.0,0.31929769094467936,1.0,0.31929769094467936,1.0003967478861855,6915.0,0.30617332976552214,1308.0
2510413,long,close,1322.45,-41156.0,1321.547177449619,370413.0,834.4265572305196,0.021260507361423715,0.0077802563423947976,0.029040763703818515,33.6832982588684,73.51582359486157,170.96703161595715,106.4345551264561,-19.150821769367703,120.96703161595691,1.0838307999641743,1611888924944.0,0.34353699666359605,1.0,0.34353699666359605,1.000396674698131,24157.0,0.3061763788293497,1309.2
2510481,long,close,1322.45,-41157.0,1321.547177449619,329256.0,796.0722108059015,0.021261023944846823,0.007780445385458808,0.02904146933030563,33.691078704253854,73.52831142667361,170.99607308528746,106.45581615040095,-19.150821769367703,120.99607308528722,1.0838380001983976,1611888998342.0,0.36879113640416084,1.0,0.36879113640416084,1.0003966015493075,73398.0,0.3061846722829609,1309.2
2510509,long,close,1324.6,-47036.0,1321.547177449619,282220.0,744.612713537844,0.08202845289265484,0.008877396950022648,0.0909058498426775,33.699956101203874,73.56740094210596,171.08697893513013,106.5378446032936,-19.150821769367703,121.0869789351299,1.0838740991529854,1611889022796.0,0.3981915551815078,1.0,0.3981915551815078,1.0003966450743584,24454.0,0.3061880872344479,1310.4
2510513,long,close,1325.0,-47036.0,1321.547177449619,235184.0,682.7977307652549,0.09274832845494994,0.008874716981132076,0.10162304543608203,33.70883081818501,73.61109885164346,171.1886019805662,106.63059293174855,-19.150821769367703,121.18860198056599,1.0839162242264677,1611889023025.0,1.0,1.0,1.0,1.0003967086644832,229.0,0.3061885750846603,1311.6
2510525,long,close,1325.5,-47036.0,1321.547177449619,188148.0,607.1622563637189,0.10613907456001398,0.008871369294605809,0.11501044385461978,33.71770218747961,73.66055334250096,171.30361242442083,106.73673200630857,-19.150821769367703,121.3036124244206,1.083963797236888,1611889024390.0,0.48473928931422494,1.0,0.48473928931422494,1.0003967972882677,1365.0,0.3061900386352976,1312.8
2510537,long,close,1325.6,-188148.0,1321.547177449619,0.0,0.0,0.43527330018160093,0.03548355461677731,0.47075685479837825,33.753185742096385,73.86297879006426,171.7743692792192,107.17200530649018,-19.150821769367703,121.77436927921899,1.084157861180645,1611889035219.0,0.5419544669279024,1.0,0.5419544669279024,1.0003975536584928,10829.0,0.3061915021859348,
2511491,long,entry,1321.4,104689.0,1321.4,104689.0,420.68709698063833,0.0,0.01980645527470864,0.01980645527470864,33.772992197371096,73.87149556583238,171.7941757344939,107.17200530649018,-19.150821769367703,121.79417573449369,1.084130940149235,1611889564201.0,1.0,1.0,1.0,1.000397462773624,528982.0,0.30630785446159753,1314.0
2511644,long,close,1322.3,-104689.0,1321.4,0.0,0.0,0.05392364742413458,0.019792974362852607,0.07371662178698718,33.79278517173395,73.90319371320078,171.8678923562809,107.2259289539143,-19.150821769367703,121.86789235628068,1.0841563500689113,1611889639996.0,0.6808866745197312,1.0,0.6808866745197312,1.000397472955542,75795.0,0.30632651473222267,
2512044,long,entry,1320.1,104643.0,1320.1,104643.0,420.273365272782,0.0,0.019817248693280814,0.019817248693280814,33.812602420427226,73.91171513013889,171.88770960497416,107.2259289539143,-19.150821769367703,121.88770960497396,1.0841494702059744,1611889866986.0,1.0,1.0,1.0,1.0003973821551497,226990.0,0.3063752997534649,1312.8
2512516,long,reentry,1312.8,193903.0,1315.3587142349922,298546.0,759.8057281981804,0.0,0.036925464655697744,0.036925464655697744,33.84952788508292,73.92759307994083,171.92463506962986,107.2259289539143,-19.150821769367703,121.92463506962966,1.084147829318793,1611890121426.0,0.6798527021346166,1.0,0.6798527021346166,1.0003973234302774,254440.0,0.3064328660785307,1304.4
2513257,long,reentry,1304.4,553205.0,1308.2411229338154,851751.0,1056.484256932267,0.0,0.10602671726464274,0.10602671726464274,33.95555460234756,73.97318456836464,172.0306617868945,107.2259289539143,-19.150821769367703,122.0306617868943,1.084177497602999,1611890333313.0,0.41748324590931846,1.0,0.41748324590931846,1.000397393963123,211887.0,0.3065232403303819,1286.4
2518393,long,close,1309.15,-44829.0,1308.2411229338154,806922.0,1044.0723736755567,0.02378959176689246,0.008560707329183057,0.03235029909607552,33.96411530967674,73.98709519697596,172.0630120859906,107.2497185456812,-19.150821769367703,122.06301208599038,1.084042556285284,1611892572120.0,0.18032100478526886,1.0,0.18032100478526886,1.0003973266644244,2238807.0,0.307149640003132,1286.4
2518441,long,close,1309.15,-42469.0,1308.2411229338154,764453.0,1031.2836375639663,0.022537200757281134,0.008110033227666806,0.03064723398494794,33.97222534290441,74.00027350758948,172.09365931997556,107.27225574643849,-19.150821769367703,122.09365931997533,1.0840515543948215,1611892626700.0,0.20220648454530704,1.0,0.20220648454530704,1.0003972562163725,54580.0,0.30715549420568106,1287.6
2518520,long,close,1309.15,-42469.0,1308.2411229338154,721984.0,1017.3561107673492,0.022537200757281134,0.008110033227666806,0.03064723398494794,33.980335376132075,74.01345181820302,172.1243065539605,107.29479294719577,-19.150821769367703,122.12430655396028,1.084056011793229,1611892749911.0,0.2117075195383403,1.0,0.2117075195383403,1.0003971858033947,123211.0,0.3071651292473764,1288.8
2518793,long,close,1309.15,-42469.0,1308.2411229338154,679515.0,1002.1305975996839,0.022537200757281134,0.008110033227666806,0.03064723398494794,33.98844540935974,74.02663012881655,172.15495378794546,107.31733014795306,-19.150821769367703,122.15495378794523,1.0840528715300821,1611892988006.0,0.2208645523512547,1.0,0.2208645523512547,1.0003971154254603,238095.0,0.3071984250243742,1290.0
2519360,long,close,1309.15,-42469.0,1308.2411229338154,637046.0,985.4167793854942,0.022537200757281134,0.008110033227666806,0.03064723398494794,33.99655544258741,74.03980843943008,172.1856010219304,107.33986734871034,-19.150821769367703,122.18560102193018,1.0840419447929548,1611893343918.0,0.22966361934069962,1.0,0.22966361934069962,1.0003970450825395,355912.0,0.30726757779198505,1290.0
2519616,long,close,1309.15,-42469.0,1308.2411229338154,594577.0,966.9852178869751,0.022537200757281134,0.008110033227666806,0.03064723398494794,34.004665475815074,74.0529867500436,172.21624825591536,107.36240454946763,-19.150821769367703,122.21624825591513,1.0840455770714752,1611893479492.0,0.24431228574732036,1.0,0.24431228574732036,1.0003969747746022,135574.0,0.3072988002055801,1291.2
2519685,long,close,1309.15,-42469.0,1308.2411229338154,552108.0,946.5567596572082,0.022537200757281134,0.008110033227666806,0.03064723398494794,34.01277550904274,74.06616506065713,172.2468954899003,107.38494175022491,-19.150821769367703,122.24689548990008,1.0840556235084415,1611893517942.0,0.26040367288464183,1.0,0.26040367288464183,1.0003969045016183,38450.0,0.30730721562174435,1292.4
2519726,long,close,1310.4,-46009.0,1308.2411229338154,506099.0,921.7158918862433,0.057940071383191995,0.008777663308913308,0.0667177346921053,34.02155317235165,74.09485368657474,172.31361322459242,107.4428818216081,-19.150821769367703,122.31361322459219,1.084080796719093,1611893551535.0,0.2771892942940642,1.0,0.2771892942940642,1.0003969014333884,33593.0,0.3073122160864217,1292.4
2519792,long,close,1310.5,-46009.0,1308.2411229338154,460090.0,893.5707005088823,0.06061925133249576,0.008776993513925982,0.06939624484642173,34.03033016586558,74.1246940718587,172.38300946943883,107.5035010729406,-19.150821769367703,122.3830094694386,1.0841059301569516,1611893602183.0,0.29607767535799356,1.0,0.29607767535799356,1.0003969033028255,50648.0,0.30732026561492665,1293.6
2519829,long,close,1312.15,-51121.0,1308.2411229338154,408969.0,857.4765275651599,0.11640726122870124,0.009739930648172846,0.1261471918768741,34.04007009651375,74.17893736436575,172.5091566613157,107.6199083341693,-19.150821769367703,122.50915666131547,1.0841558805410723,1611893629305.0,0.31837926655564114,1.0,0.31837926655564114,1.0003970106185456,27122.0,0.3073247782293916,1294.8
2519837,long,close,1312.45,-51121.0,1308.2411229338154,357848.0,815.1263218403514,0.12531267993250758,0.009737704293496895,0.1350503842260045,34.04980780080725,74.23700902958292,172.6442070455417,107.7452210141018,-19.150821769367703,122.64420704554148,1.084211182884371,1611893630119.0,0.34663477021856154,1.0,0.34663477021856154,1.000397134224517,814.0,0.3073257539298164,1296.0
2519844,long,close,1312.9,-51121.0,1308.2411229338154,306727.0,764.7392922322869,0.13866317709778464,0.009734366669205574,0.14839754376699021,34.05954216747646,74.30081997340272,172.79260458930867,107.88388419119958,-19.150821769367703,122.79260458930847,1.0842719159590106,1611893630834.0,1.0,1.0,1.0,1.0003972823077998,715.0,0.30732660766768816,1297.2
2519894,long,close,1311.65,-51121.0,1308.2411229338154,255606.0,703.9011268826006,0.10155584408514819,0.009743643502458734,0.11129948758760692,34.06928581097892,74.34867875306539,172.90390407689625,107.98544003528474,-19.150821769367703,122.90390407689607,1.0843148959748903,1611893669665.0,0.41671932557982844,1.0,0.41671932557982844,1.0003973613372836,38831.0,0.30733270579534344,1298.4
2520015,long,close,1309.15,-42601.0,1308.2411229338154,213005.0,642.679184050672,0.022607249745954308,0.008135240423175342,0.030742490169129652,34.07742105140209,74.36189802383811,172.93464656706539,108.0080472850307,-19.150821769367703,122.9346465670652,1.0843175637725655,1611893819169.0,0.462280946577594,1.0,0.462280946577594,1.00039729104778,149504.0,0.3073474632642692,1298.4
2520063,long,close,1309.15,-42601.0,1308.2411229338154,170404.0,568.5098016349305,0.022607249745954308,0.008135240423175342,0.030742490169129652,34.08555629182526,74.37511729461085,172.96538905723452,108.03065453477666,-19.150821769367703,122.96538905723433,1.0843239531445963,1611893912475.0,0.5086926197915511,1.0,0.5086926197915511,1.0003972207931502,93306.0,0.30735331746681827,1299.6
2520068,long,close,1309.2,-170404.0,1308.2411229338154,0.0,0.0,0.0954001205378461,0.032539718912312866,0.12793983945015897,34.118096010737574,74.43013142557442,173.09332889668468,108.1260546553145,-19.150821769367703,123.0933288966845,1.0843761615504575,1611893913876.0,0.5657412812627045,1.0,0.5657412812627045,1.0003973303277789,1401.0,0.30735392727958377,
2548491,long,entry,1361.5,108694.0,1361.5,108694.0,433.452976401056,0.0,0.019958501652589056,0.019958501652589056,34.13805451239016,74.43871358128503,173.11328739833726,108.1260546553145,-19.150821769367703,123.11328739833709,1.0834983757643484,1611907413102.0,1.0,1.0,1.0,1.000397240124639,13499226.0,0.31082046892650267,1353.75
2548505,long,close,1362.45,-108694.0,1361.5,0.0,0.0,0.055666120796971245,0.01994458512238981,0.07561070591936106,34.15799909751255,74.47122618483036,173.18889810425665,108.18172077611148,-19.150821769367703,123.18889810425645,1.083528911071376,1611907413365.0,0.6813431528020173,1.0,0.6813431528020173,1.000397252761846,263.0,0.3108221764022462,
2548507,long,entry,1361.45,108750.0,1361.45,108750.0,433.4370064929461,0.0,0.019969517793528957,0.019969517793528957,34.17796861530608,74.47981307748158,173.20886762205018,108.18172077611148,-19.150821769367703,123.20886762204998,1.0835369567932485,1611907413694.0,1.0,1.0,1.0,1.0003971626411525,329.0,0.31082242032735236,1353.75
2548511,long,close,1362.4,-108750.0,1361.45,0.0,0.0,0.05569888991148694,0.019955593071051082,0.07565448298253802,34.19792420837713,74.51234450516407,173.28452210503272,108.23741966602296,-19.150821769367703,123.28452210503252,1.0835675055556666,1611907413779.0,0.6813900275706071,1.0,0.6813900275706071,1.0003971752987837,85.0,0.3108229081775648,
2548518,long,entry,1361.45,108810.0,1361.45,108810.0,433.4368831269424,0.0,0.01998053545851849,0.01998053545851849,34.217904743835646,74.52093613541123,173.30450264049125,108.23741966602296,-19.150821769367703,123.30450264049104,1.0835755313980002,1611907414418.0,1.0,1.0,1.0,1.0003970852603894,639.0,0.31082376191543654,1353.75
2548764,long,close,1362.4,-108810.0,1361.45,0.0,0.0,0.05572962033350708,0.019966603053435113,0.0756962233869422,34.23787134688908,74.55348551146761,173.38019886387818,108.29314928635647,-19.150821769367703,123.38019886387798,1.083605310650364,1611907426353.0,0.6802147829962061,1.0,0.6802147829962061,1.000397097934586,11935.0,0.3108537647035005,
2548807,long,entry,1360.6,108802.0,1360.6,108802.0,433.1659806596355,0.0,0.019991547846538293,0.019991547846538293,34.25786289473562,74.56208187704162,173.4001904117247,108.29314928635647,-19.150821769367703,123.40019041172452,1.0836132880270302,1611907427740.0,1.0,1.0,1.0,1.000397007978333,1387.0,0.310859009093284,1352.5
2549584,long,close,1377.05,-108802.0,1360.6,0.0,0.0,0.9552622259919586,0.019752732290040303,0.9750149582819989,34.277615627025654,74.98133830910288,174.3752053700067,109.24841151234843,-19.150821769367703,124.37520537000653,1.0840029880624111,1611907469272.0,0.6814838923051322,1.0,0.6814838923051322,1.0003986711281476,41532.0,0.31095377399704704,
2551765,long,entry,1359.5,109338.0,1359.5,109338.0,432.81596334297075,0.0,0.020106289076866495,0.020106289076866495,34.29772191610252,74.98998401340593,174.39531165908357,109.24841151234843,-19.150821769367703,124.39531165908339,1.084003162716651,1611907590101.0,1.0,1.0,1.0,1.0003985807273479,120829.0,0.31121977432537024,1351.25
2551850,long,close,1360.45,-109338.0,1359.5,0.0,0.0,0.056160754523947046,0.02009224888823551,0.07625300341218255,34.31781416499075,75.02277280487317,174.47156466249575,109.30457226687237,-19.150821769367703,124.47156466249557,1.0840334588376495,1611907594683.0,0.6810141405881485,1.0,0.6810141405881485,1.0003985930554105,4582.0,0.31123014114238423,
2551864,long,entry,1359.25,109379.0,1359.25,109379.0,432.73827571119165,0.0,0.02011752804855619,0.02011752804855619,34.33793169303931,75.03142334193406,174.4916821905443,109.30457226687237,-19.150821769367703,124.49168219054413,1.0840414712483057,1611907595561.0,1.0,1.0,1.0,1.000398502737375,878.0,0.3112318486181277,1351.25
2551872,long,close,1360.2,-109379.0,1359.25,0.0,0.0,0.056202475065809686,0.020103477429789737,0.07630595249559942,34.3580351704691,75.06423490150716,174.5679881430399,109.36077474193819,-19.150821769367703,124.56798814303973,1.0840719920492325,1611907596786.0,0.6816228106892351,1.0,0.6816228106892351,1.0003985151021777,1225.0,0.31123282431855254,
2552397,long,entry,1358.3,109363.0,1358.3,109363.0,432.43593607793815,0.0,0.020128653463888688,0.020128653463888688,34.37816382393299,75.07289022249664,174.5881167965038,109.36077474193819,-19.150821769367703,124.58811679650361,1.0840785438722698,1611907620001.0,1.0,1.0,1.0,1.000398424866542,23215.0,0.3112968546589329,1351.25
2552430,long,close,1359.25,-109363.0,1358.3,0.0,0.0,0.056272858681465164,0.02011458524921832,0.07638744393068349,34.398278409182204,75.10573682338683,174.6645042404345,109.41704760061965,-19.150821769367703,124.6645042404343,1.0841089962901111,1611907622519.0,0.681388148036148,1.0,0.681388148036148,1.00039843731999,2518.0,0.3113008794231854,
2552435,long,entry,1358.2,109415.0,1358.2,109415.0,432.402983840802,0.0,0.020139706965100868,0.020139706965100868,34.41841811614731,75.11439689738182,174.6846439473996,109.41704760061965,-19.150821769367703,124.6846439473994,1.0841170636493729,1611907622562.0,1.0,1.0,1.0,1.0003983471664442,43.0,0.31130148923595097,1350.0
2552439,long,close,1359.15,-109415.0,1358.2,0.0,0.0,0.056307903077201835,0.020125629989331567,0.0764335330665334,34.43854374613664,75.14726331660043,174.76107748046613,109.47335550369685,-19.150821769367703,124.76107748046593,1.0841476730350117,1611907622720.0,0.6814476323553839,1.0,0.6814476323553839,1.000398359643718,158.0,0.31130197708616336,
2552573,long,entry,1357.9,109451.0,1357.9,109451.0,432.3066153867947,0.0,0.02015078429928566,0.02015078429928566,34.45869453043592,75.15592815384913,174.78122826476542,109.47335550369685,-19.150821769367703,124.78122826476522,1.0841553082888964,1611907629368.0,1.0,1.0,1.0,1.0003982695721554,6648.0,0.31131832006827953,1350.0
2552585,long,close,1358.85,-109451.0,1357.9,0.0,0.0,0.05635131201918114,0.020136696471280864,0.076488008490462,34.478831226907204,75.18881799750002,174.85771627325587,109.52970681571603,-19.150821769367703,124.85771627325568,1.0841859002367449,1611907629881.0,0.6815186272382535,1.0,0.6815186272382535,1.0003982820883988,513.0,0.31131978361891677,
2571690,long,entry,1372.3,110673.0,1372.3,110673.0,436.89146457287313,0.0,0.020161954383152374,0.020161954383152374,34.49899318129036,75.19748763788478,174.87787822763903,109.52970681571603,-19.150821769367703,124.87787822763883,1.084048092545148,1611909861185.0,1.0,1.0,1.0,1.0003981920988316,2231304.0,0.3136498781959982,1365.0
2571969,long,close,1373.25,-110673.0,1372.3,0.0,0.0,0.05579131742653577,0.020148006553795738,0.07593932398033151,34.519141187844156,75.23014154719633,174.95381755161935,109.58549813314256,-19.150821769367703,124.95381755161917,1.0840772766146054,1611909878821.0,0.681066200990712,1.0,0.681066200990712,1.0003982035575973,17636.0,0.3136839057483147,
2572314,long,entry,1370.75,110609.0,1370.75,110609.0,436.3986726594712,0.0,0.020173080430421302,0.020173080430421302,34.53931426827458,75.2388159717814,174.97399063204978,109.58549813314256,-19.150821769367703,124.97399063204959,1.0840836734278325,1611909904238.0,1.0,1.0,1.0,1.000398113650264,25417.0,0.31372598282913605,1362.5
2572393,long,close,1371.7,-110609.0,1370.75,0.0,0.0,0.055885183083470485,0.02015910913465043,0.07604429221812092,34.55947337740923,75.27151501743519,175.0500349242679,109.64138331622604,-19.150821769367703,125.0500349242677,1.0841135580353138,1611909911528.0,0.6813328908251698,1.0,0.6813328908251698,1.0003981252414615,7290.0,0.31373561787083143,
2572427,long,entry,1370.45,110645.0,1370.45,110645.0,436.30150579142105,0.0,0.020184063628735087,0.020184063628735087,34.579657441037966,75.28019416479555,175.07021898789662,109.64138331622604,-19.150821769367703,125.07021898789644,1.084121333540552,1611909915828.0,1.0,1.0,1.0,1.0003980354159059,4300.0,0.313739764597637,1362.5
2572435,long,close,1371.4,-110645.0,1370.45,0.0,0.0,0.055927841467983,0.020170081668368093,0.0760979231363511,34.599827522706335,75.31291627174419,175.14631691103298,109.69731115769402,-19.150821769367703,125.14631691103278,1.084151571986247,1611909917784.0,0.6815317475975029,1.0,0.6815317475975029,1.0003980470459937,1956.0,0.31374074029806187,
2578947,long,entry,1365.8,110331.0,1365.8,110331.0,434.82321461534985,0.0,0.02019530677990921,0.02019530677990921,34.620022829486246,75.32160025365954,175.16651221781288,109.69731115769402,-19.150821769367703,125.1665122178127,1.0840634860098592,1611911390616.0,1.0,1.0,1.0,1.0003979573025314,1472832.0,0.3145349604438851,1357.5
2579007,long,close,1366.75,-110331.0,1365.8,0.0,0.0,0.056149380474596035,0.020181269434790563,0.0763306499093866,34.64020409892104,75.35442243312059,175.2428428677223,109.75346053816861,-19.150821769367703,125.24284286772208,1.0840936149124227,1611911394884.0,0.6813081100737689,1.0,0.6813081100737689,1.0003979692957103,4268.0,0.3145422781970715,
2579033,long,entry,1365.55,110371.0,1365.55,110371.0,434.7419965784489,0.0,0.02020632712094028,0.02020632712094028,34.66041042604198,75.36311115378258,175.26304919484323,109.75346053816861,-19.150821769367703,125.26304919484302,1.0841014672773583,1611911397873.0,1.0,1.0,1.0,1.0003978796336415,2989.0,0.31454544922345223,1357.5
2579040,long,close,1366.5,-110371.0,1365.55,0.0,0.0,0.056190298616594914,0.020192279546286135,0.07638257816288105,34.680602705588264,75.39595566239262,175.3394317730061,109.80965083678521,-19.150821769367703,125.3394317730059,1.084131796975554,1611911399136.0,0.6815660160568037,1.0,0.6815660160568037,1.0003978916616787,1263.0,0.31454630296132396,
2580625,long,entry,1362.95,110222.0,1362.95,110222.0,433.9154129658305,0.0,0.020217542829891046,0.020217542829891046,34.700820248418154,75.40464920580948,175.359649315836,109.80965083678521,-19.150821769367703,125.3596493158358,1.0841084919993853,1611911879712.0,1.0,1.0,1.0,1.0003978020812037,480576.0,0.31473961360799624,1355.0
2581188,long,close,1363.9,-110222.0,1362.95,0.0,0.0,0.05632866247788463,0.020203460664271575,0.07653212314215621,34.721023709082424,75.43755801876061,175.43618143897817,109.86597949926309,-19.150821769367703,125.43618143897795,1.0841342097687114,1611911952162.0,0.6804746590825991,1.0,0.6804746590825991,1.0003978143203254,72450.0,0.31480827852539467,
2582202,long,entry,1359.35,109991.0,1359.35,109991.0,432.7678730292468,0.0,0.0202286019053224,0.0202286019053224,34.74125231098775,75.44625631757991,175.4564100408835,109.86597949926309,-19.150821769367703,125.45641004088327,1.0841129672453347,1611912401234.0,1.0,1.0,1.0,1.0003977248209313,449072.0,0.3149319485542437,1351.25
2582222,long,close,1360.3,-109991.0,1359.35,0.0,0.0,0.056508628420367066,0.020214474748217307,0.07672310316858437,34.76146678573596,75.4792472519424,175.5331331440521,109.92248812768345,-19.150821769367703,125.53313314405186,1.0841432007835494,1611912405190.0,0.6815424607018309,1.0,0.6815424607018309,1.0003977373452142,3956.0,0.3149343878053058,
2582334,long,entry,1359.05,110028.0,1359.05,110028.0,432.6737286216072,0.0,0.020239873441006587,0.020239873441006587,34.78170665917697,75.48795039752203,175.5533730174931,109.92248812768345,-19.150821769367703,125.55337301749286,1.0841476716635958,1611912459939.0,1.0,1.0,1.0,1.000397647927024,54749.0,0.3149480476112536,1351.25
2582764,long,reentry,1351.25,203881.0,1353.983971947284,313909.0,782.16359296632,0.0,0.03772081406105458,0.03772081406105458,34.81942747323802,75.50417034756829,175.59109383155416,109.92248812768345,-19.150821769367703,125.59109383155392,1.0841555793407673,1611912568433.0,0.6797855768046128,1.0,0.6797855768046128,1.0003975900800135,108494.0,0.31500049150908904,1342.5
2582859,long,close,1354.95,-44844.0,1353.983971947284,269065.0,728.979141930054,0.023613332879667208,0.008274106055574005,0.031887438935241215,34.827701579293596,75.51788194631045,175.62298127048942,109.94610146056311,-19.150821769367703,125.62298127048916,1.0841674641551875,1611912580371.0,0.42061956076568885,1.0,0.42061956076568885,1.000397521743144,11938.0,0.31501207795163405,1343.75
2582918,long,close,1354.95,-44844.0,1353.983971947284,224221.0,665.6157848770893,0.023613332879667208,0.008274106055574005,0.031887438935241215,34.83597568534917,75.53159354505262,175.65486870942468,109.96971479344278,-19.150821769367703,125.6548687094244,1.084179233663125,1611912594040.0,0.4607344711273458,1.0,0.4607344711273458,1.0003974534390732,13669.0,0.3150192737422673,1343.75
2582958,long,close,1354.95,-44844.0,1353.983971947284,179377.0,588.8421007050698,0.023613332879667208,0.008274106055574005,0.031887438935241215,34.84424979140474,75.54530514379476,175.68675614835993,109.99332812632244,-19.150821769367703,125.68675614835965,1.084191016811666,1611912607463.0,0.5079172107514218,1.0,0.5079172107514218,1.0003973851677732,13423.0,0.3150241522443915,1345.0
2582959,long,close,1355.0,-179377.0,1353.983971947284,0.0,0.0,0.09933896638460425,0.03309538745387454,0.1324343538384788,34.87734517885862,75.60225191594532,175.8191905021984,110.09266709270705,-19.150821769367703,125.81919050219813,1.084243562868497,1611912607545.0,1.0,1.0,1.0,1.0003974977976466,82.0,0.3150242742069446,
2626450,long,entry,1410.65,114392.0,1410.65,114392.0,449.10237025285346,0.0,0.020272923829440327,0.020272923829440327,34.89761810268806,75.61096927319198,175.83946342602786,110.09266709270705,-19.150821769367703,125.83946342602756,1.0833078458604821,1611927224920.0,1.0,1.0,1.0,1.0003974086247969,14617375.0,0.3203285476040578,1402.7
2626712,long,reentry,1402.7,211968.0,1405.4865436940802,326360.0,811.8931652080814,0.0,0.0377785699009054,0.0377785699009054,34.935396672588965,75.62721405824936,175.87724199592876,110.09266709270705,-19.150821769367703,125.87724199592847,1.0833217396557917,1611927239243.0,0.6798186502314523,1.0,0.6798186502314523,1.000397350956337,14323.0,0.3203605017929715,1393.6
2627030,long,close,1406.45,-46622.0,1405.4865436940802,279738.0,756.6882042302557,0.022723327838217146,0.008287176934835935,0.03101050477305308,34.9436838495238,75.64054857530176,175.9082525007018,110.11539042054527,-19.150821769367703,125.90825250070152,1.0833330694223826,1611927252135.0,0.4193712613830498,1.0,0.4193712613830498,1.0003972811564192,12892.0,0.32039928588485905,1394.9
2627039,long,close,1406.45,-46623.0,1405.4865436940802,233115.0,690.9162633826276,0.022723815233177427,0.008287354687333357,0.031011169920510784,34.951971204211134,75.65388337836758,175.9392636706223,110.13811423577845,-19.150821769367703,125.93926367062203,1.0833451922530126,1611927252579.0,0.46219743835802723,1.0,0.46219743835802723,1.0003972113919521,444.0,0.320400383547837,1394.9
2627068,long,close,1406.45,-46623.0,1405.4865436940802,186492.0,611.2241315386449,0.022723815233177427,0.008287354687333357,0.031011169920510784,34.96025855889847,75.6672181814334,175.9702748405428,110.16083805101162,-19.150821769367703,125.97027484054253,1.0833571954681054,1611927254864.0,0.5081571358728403,1.0,0.5081571358728403,1.0003971416617115,2285.0,0.32040392046187705,1396.2
2627070,long,close,1406.6,-186492.0,1405.4865436940802,0.0,0.0,0.10503549358562314,0.0331458836911702,0.13818137727679333,34.993404442589636,75.72663617366243,176.1084562178196,110.26587354459724,-19.150821769367703,126.10845621781932,1.0834113005352015,1611927254950.0,0.5653362739733716,1.0,0.5653362739733716,1.0003972640709171,86.0,0.32040416438698327,
2627102,long,entry,1408.2,114381.0,1408.2,114381.0,448.32183018373837,0.0,0.02030624201107797,0.02030624201107797,35.01371068460072,75.7353678577272,176.12876245983068,110.26587354459724,-19.150821769367703,126.1287624598304,1.0834191250935388,1611927256887.0,1.0,1.0,1.0,1.00039717514046,1937.0,0.32040806718868264,1400.1
2627172,long,close,1409.2,-114381.0,1408.2,0.0,0.0,0.05763906332976641,0.02029183224524553,0.07793089557501194,35.034002516845966,75.76887814282445,176.2066933554057,110.32351260792701,-19.150821769367703,126.2066933554054,1.0834494433328385,1611927259669.0,0.68111399801996,1.0,0.68111399801996,1.0003971894182984,2782.0,0.32041660456740007,
2627179,long,entry,1408.0,114428.0,1408.0,114428.0,448.2566706162998,0.0,0.02031747159090909,0.02031747159090909,35.05431998843687,75.77761465560855,176.2270108269966,110.32351260792701,-19.150821769367703,126.22701082699632,1.0834573733864725,1611927259959.0,1.0,1.0,1.0,1.0003971005672552,290.0,0.3204174583052718,1400.1
2627182,long,close,1409.0,-114428.0,1408.0,0.0,0.0,0.057679124459641726,0.020303051809794182,0.0779821762694359,35.07462304024667,75.8111469914044,176.30499300326605,110.38119173238665,-19.150821769367703,126.30499300326575,1.0834878671404324,1611927260060.0,0.6814096157666668,1.0,0.6814096157666668,1.0003971148735515,101.0,0.3204178241929311,
2627184,long,entry,1407.0,114411.0,1407.0,114411.0,447.9396021520538,0.0,0.020328891257995738,0.020328891257995738,35.09495193150467,75.81988841464535,176.32532189452405,110.38119173238665,-19.150821769367703,126.32532189452374,1.0834958127915462,1611927260111.0,1.0,1.0,1.0,1.000397026102115,51.0,0.3204180681180373,1398.8
2627195,long,close,1408.0,-114411.0,1407.0,0.0,0.0,0.05775253198293862,0.020314453125,0.07806698510793862,35.11526638462967,75.85345721824176,176.403388879632,110.4389442643696,-19.150821769367703,126.40338887963168,1.083526323572491,1611927260215.0,0.681533111405884,1.0,0.681533111405884,1.0003970404966025,104.0,0.3204194097061215,
2627211,long,entry,1407.9,114548.0,1407.9,114548.0,448.22592105102797,0.0,0.020340223027203636,0.020340223027203636,35.135606607656875,75.86220351414346,176.4237291026592,110.4389442643696,-19.150821769367703,126.42372910265888,1.083534242417541,1611927260689.0,1.0,1.0,1.0,1.0003969518044427,474.0,0.32042136110697117,1400.1
2627574,long,reentry,1400.1,212257.0,1402.8339679625465,326805.0,810.3376678016706,0.0,0.03790032854796086,0.03790032854796086,35.17350693620484,75.87850065541907,176.46162943120714,110.4389442643696,-19.150821769367703,126.46162943120684,1.0835472282335228,1611927289172.0,0.6798500617470605,1.0,0.6798500617470605,1.000396894490784,28483.0,0.32046563351374846,1391.0
2627830,long,reentry,1391.0,605569.0,1395.1479062050207,932374.0,1126.6849355789602,0.0,0.10883698777857656,0.10883698777857656,35.28234392398341,75.92530056016386,176.57046641898572,110.4389442643696,-19.150821769367703,126.57046641898542,1.083588796897566,1611927303876.0,0.41742142578692937,1.0,0.41742142578692937,1.0003969636495127,14704.0,0.3204968559273435,1371.5
2628680,long,close,1396.1,-49072.0,1395.1479062050207,883302.0,1113.4497838098769,0.02398704305478648,0.008787336150705536,0.03277437920549202,35.291131260134115,75.93939354322221,176.6032407981912,110.46293130742438,-19.150821769367703,126.60324079819091,1.0835990819578556,1611927343073.0,0.18447762615977686,1.0,0.18447762615977686,1.0003968971811028,39197.0,0.3206005240974832,1372.8
2628683,long,close,1396.1,-46489.0,1395.1479062050207,836813.0,1099.812642908507,0.02272443846947279,0.008324797650598095,0.031049236120070885,35.29945605778472,75.95274471475385,176.63429003431128,110.48565574589385,-19.150821769367703,126.63429003431098,1.083611153524785,1611927343835.0,0.2021426793666462,1.0,0.2021426793666462,1.000396827672114,762.0,0.3206008899851425,1372.8
2628704,long,close,1396.1,-46489.0,1395.1479062050207,790324.0,1084.9611226439486,0.02272443846947279,0.008324797650598095,0.031049236120070885,35.30778085543532,75.96609588628549,176.66533927043136,110.50838018436332,-19.150821769367703,126.66533927043105,1.083623196486348,1611927345012.0,0.21157558126921605,1.0,0.21157558126921605,1.0003967581971043,1177.0,0.3206034511987577,1374.1
2628707,long,close,1396.1,-46489.0,1395.1479062050207,743835.0,1068.7254544714615,0.02272443846947279,0.008324797650598095,0.031049236120070885,35.31610565308592,75.97944705781713,176.69638850655144,110.53110462283279,-19.150821769367703,126.69638850655112,1.083635296014994,1611927345275.0,0.22241731337780507,1.0,0.22241731337780507,1.000396688756045,263.0,0.32060381708641705,1375.4
2628713,long,close,1396.1,-46489.0,1395.1479062050207,697346.0,1050.9026786083332,0.02272443846947279,0.008324797650598095,0.031049236120070885,35.32443045073652,75.99279822934875,176.72743774267153,110.55382906130225,-19.150821769367703,126.72743774267119,1.0836473746339255,1611927345833.0,0.2338611029273727,1.0,0.2338611029273727,1.0003966193489078,558.0,0.32060454886173567,1376.7
2628729,long,close,1397.25,-49810.0,1395.1479062050207,647536.0,1029.7184379046184,0.05371236337964846,0.008912148863839684,0.06262451224348814,35.333342599600364,76.01972676961344,176.790062254915,110.6075414246819,-19.150821769367703,126.79006225491467,1.0836717230689683,1611927347073.0,0.24736612575497155,1.0,0.24736612575497155,1.00039660607928,1240.0,0.32060650026258536,1376.7
2628737,long,close,1397.35,-49810.0,1395.1479062050207,597726.0,1006.053854111343,0.05626352060262929,0.008911511074533938,0.06517503167716324,35.3422541106749,76.04775203323463,176.85523728659217,110.66380494528453,-19.150821769367703,126.85523728659183,1.0836971103316264,1611927347493.0,0.2628545794941525,1.0,0.2628545794941525,1.000396597306935,420.0,0.3206074759630102,1378.0
2628750,long,close,1396.1,-45978.0,1395.1479062050207,551748.0,981.6665426634526,0.022474654906524553,0.008233292744072775,0.03070794765059733,35.350487403418974,76.06095645072439,176.88594523424277,110.68627960019106,-19.150821769367703,126.88594523424243,1.0837089686276793,1611927349252.0,0.27953748631384784,1.0,0.27953748631384784,1.0003965273386544,1759.0,0.3206090614762006,1379.3
2628778,long,close,1396.1,-45979.0,1395.1479062050207,505769.0,954.3265075074866,0.022475143719759286,0.008233471814339949,0.030708615534099235,35.35872087523332,76.07416115540406,176.91665384977688,110.70875474391082,-19.150821769367703,126.91665384977652,1.0837208390002309,1611927350796.0,0.2958168339274398,1.0,0.2958168339274398,1.0003964574060007,1544.0,0.32061247642768753,1379.3
2628820,long,close,1396.1,-45979.0,1395.1479062050207,459790.0,923.4636502351769,0.022475143719759286,0.008233471814339949,0.030708615534099235,35.36695434704766,76.08736586008372,176.947362465311,110.73122988763058,-19.150821769367703,126.94736246531062,1.0837326762743245,1611927352825.0,0.315109439136295,1.0,0.315109439136295,1.000396387507759,2029.0,0.320617598854918,1380.6
2628832,long,close,1396.1,-45979.0,1395.1479062050207,413811.0,888.3501985698006,0.022475143719759286,0.008233471814339949,0.030708615534099235,35.375187818862,76.10057056476339,176.9780710808451,110.75370503135034,-19.150821769367703,126.97807108084471,1.0837445331950963,1611927354517.0,0.3381612196408106,1.0,0.3381612196408106,1.0003963176439001,1692.0,0.32061906240555527,1381.9
2628846,long,close,1396.1,-45979.0,1395.1479062050207,367832.0,848.0430895314074,0.022475143719759286,0.008233471814339949,0.030708615534099235,35.383421290676345,76.11377526944305,177.0087796963792,110.7761801750701,-19.150821769367703,127.00877969637881,1.0837564031608933,1611927355975.0,0.3633951782078895,1.0,0.3633951782078895,1.0003962478143955,1458.0,0.32062076988129873,1381.9
2628852,long,close,1396.1,-45979.0,1395.1479062050207,321853.0,801.2980021648743,0.022475143719759286,0.008233471814339949,0.030708615534099235,35.39165476249069,76.12697997412272,177.03948831191332,110.79865531878986,-19.150821769367703,127.0394883119129,1.083768302421898,1611927356946.0,0.39258454354374,1.0,0.39258454354374,1.0003961780192157,971.0,0.32062150165661735,1383.2
2628890,long,close,1398.75,-53642.0,1395.1479062050207,268211.0,736.2092108416417,0.09901468903161136,0.009587488829311886,0.10860217786092324,35.40124225132,76.17367891060292,177.14809048977423,110.89767000782146,-19.150821769367703,127.14809048977382,1.0838102403461611,1611927362381.0,0.42633304541460887,1.0,0.42633304541460887,1.0003962460534064,5435.0,0.3206261362336354,1384.5
2628896,long,close,1399.3,-53642.0,1395.1479062050207,214569.0,656.2191949073967,0.11408827970157757,0.009583720431644394,0.12367200013322197,35.41082597175164,76.2268578706602,177.27176248990745,111.01175828752304,-19.150821769367703,127.27176248990705,1.0838583401890334,1611927362774.0,1.0,1.0,1.0,1.0003963405544034,393.0,0.320626868008954,1385.8
2628918,long,close,1400.1,-53642.0,1395.1479062050207,160927.0,555.565166379156,0.1359923618251792,0.009578244411113494,0.1455706062362927,35.42040421616276,76.2894532313418,177.41733309614372,111.14775064934821,-19.150821769367703,127.41733309614334,1.083914839498093,1611927364438.0,0.5311882872602988,1.0,0.5311882872602988,1.000396473493773,1664.0,0.3206295511851223,1385.8
2628920,long,close,1400.2,-160927.0,1395.1479062050207,0.0,0.0,0.41618842277165724,0.02873285959148693,0.44492128236314415,35.449137075754244,76.48076938275796,177.86225437850686,111.56393907211987,-19.150821769367703,127.86225437850648,1.0840875804225154,1611927364453.0,1.0,1.0,1.0,1.0003971334027681,15.0,0.32062979511022854,
2629006,long,entry,1399.65,114818.0,1399.65,114818.0,445.59796615077954,0.0,0.02050834137105705,0.02050834137105705,35.4696454171253,76.4895879695475,177.88276271987792,111.56393907211987,-19.150821769367703,127.88276271987753,1.0840951942748829,1611927369709.0,1.0,1.0,1.0,1.0003970452362165,5256.0,0.3206402838897956,1392.3
2629012,long,close,1400.65,-114818.0,1399.65,0.0,0.0,0.058568068742534764,0.02049369935387142,0.07906176809640618,35.49013911647917,76.52358452982895,177.96182448797433,111.6225071408624,-19.150821769367703,127.96182448797394,1.0841258319278975,1611927369903.0,0.6815906490758659,1.0,0.6815906490758659,1.0003970600622372,194.0,0.32064101566511427,
2629017,long,entry,1399.6,114879.0,1399.6,114879.0,445.5842605474394,0.0,0.020519969991426124,0.020519969991426124,35.510659086470596,76.53240811692527,177.98234445796575,111.6225071408624,-19.150821769367703,127.98234445796537,1.0841337828947237,1611927369934.0,1.0,1.0,1.0,1.000396971973999,31.0,0.3206416254778798,1392.3
2629029,long,close,1400.6,-114879.0,1399.6,0.0,0.0,0.05860336995980757,0.02050531914893617,0.07910868910874375,35.531164405619535,76.56642485324203,178.06145314707447,111.68111051082221,-19.150821769367703,128.0614531470741,1.0841643847231477,1611927370716.0,0.681406935115516,1.0,0.681406935115516,1.0003969868183185,782.0,0.320643089028517,
2629041,long,entry,1399.55,114939.0,1399.55,114939.0,445.5677898404384,0.0,0.02053142081383302,0.02053142081383302,35.55169582643337,76.57525336419197,178.0819845678883,111.68111051082221,-19.150821769367703,128.08198456788793,1.0841722615587208,1611927371900.0,1.0,1.0,1.0,1.0003968988079415,1184.0,0.3206445525791543,1392.3
2629094,long,close,1400.55,-114939.0,1399.55,0.0,0.0,0.05863816590291234,0.02051676127235729,0.07915492717526963,35.57221258770572,76.60928998287733,178.16113949506357,111.73974867672511,-19.150821769367703,128.1611394950632,1.0842023952666142,1611927379962.0,0.6815325639050543,1.0,0.6815325639050543,1.0003969136692588,8062.0,0.3206510165944689,
2629479,long,entry,1398.6,114925.0,1398.6,114925.0,445.2645823786987,0.0,0.020542864292864296,0.020542864292864296,35.592755451998585,76.61812341452327,178.18168235935644,111.73974867672511,-19.150821769367703,128.18168235935607,1.084206914608063,1611927433163.0,1.0,1.0,1.0,1.0003968257365914,53201.0,0.3206979721774145,1391.0
2629616,long,close,1399.6,-114925.0,1398.6,0.0,0.0,0.05871067245745197,0.020528186624749933,0.0792388590822019,35.61328363862334,76.65219612392862,178.26092121843865,111.79845934918256,-19.150821769367703,128.26092121843828,1.084236686213339,1611927447061.0,0.6809740041708829,1.0,0.6809740041708829,1.0003968406808297,13898.0,0.32071468104719,
2630971,long,entry,1395.65,114747.0,1395.65,114747.0,444.32587759885536,0.0,0.02055440117507971,0.02055440117507971,35.63383803979842,76.6610345164339,178.28147561961373,111.79845934918256,-19.150821769367703,128.28147561961336,1.0842255469342983,1611927742788.0,1.0,1.0,1.0,1.0003967528258695,295727.0,0.320879940306648,1388.4
2631529,long,reentry,1388.4,212626.0,1390.9411862004504,327373.0,803.3890000160887,0.0,0.038286156727167966,0.038286156727167966,35.67212419652559,76.67749756382659,178.3197617763409,111.79845934918256,-19.150821769367703,128.31976177634053,1.0842353385057062,1611927820506.0,0.679961193071736,1.0,0.679961193071736,1.0003966960516333,77718.0,0.3209479954112809,1379.3
2632072,long,reentry,1379.3,606622.0,1383.3803323893596,933995.0,1117.1180915016275,0.0,0.109951062132966,0.109951062132966,35.78207525865855,76.72477652054377,178.42971283847388,111.79845934918256,-19.150821769367703,128.4297128384735,1.08427365862928,1611927885362.0,0.41751749137858346,1.0,0.41751749137858346,1.0003967646125087,64856.0,0.32101422107761723,1360.0
2632350,long,close,1384.35,-49157.0,1383.3803323893596,884838.0,1103.991790536395,0.024889762798538412,0.008877270921371042,0.03376703371990945,35.790952529579926,76.73929634504333,178.4634798721938,111.8233491119811,-19.150821769367703,128.4634798721934,1.0842856917448163,1611927901094.0,0.18834737421322512,1.0,0.18834737421322512,1.0003966999178213,15732.0,0.32104812666738053,1361.25
2632356,long,close,1385.2,-49157.0,1383.3803323893596,835681.0,1089.6506228705248,0.046679194745308496,0.008871823563384349,0.05555101830869284,35.79982435314331,76.76318328291607,178.5190308905025,111.87002830672641,-19.150821769367703,128.5190308905021,1.0843071477786526,1611927901191.0,1.0,1.0,1.0,1.0003966732959166,97.0,0.3210488584426992,1361.25
2632365,long,close,1385.25,-49157.0,1383.3803323893596,786524.0,1073.9539076954281,0.04796009329262737,0.008871503338747517,0.05683159663137489,35.80869585648205,76.78762086946757,178.5758624871339,111.91798840001904,-19.150821769367703,128.5758624871335,1.0843290431749337,1611927902045.0,0.2126232944067312,1.0,0.2126232944067312,1.0003966488952911,854.0,0.32104995610567716,1362.5
2632371,long,close,1385.35,-49157.0,1383.3803323893596,737367.0,1056.698369539421,0.050521613006414494,0.008870862958819071,0.05939247596523357,35.817566719440876,76.81315963413262,178.63525496309913,111.96851001302545,-19.150821769367703,128.63525496309873,1.0843519400545947,1611927902599.0,0.2246379989203464,1.0,0.2246379989203464,1.000396628944703,554.0,0.3210506878809958,1363.75
2632387,long,close,1386.45,-52669.0,1383.3803323893596,684698.0,1036.1597001933542,0.08429476716738657,0.009497096902160194,0.09379186406954676,35.827063816343035,76.85349013568253,178.72904682716867,112.05280478019284,-19.150821769367703,128.72904682716828,1.084388098036203,1611927903256.0,0.23706843107510842,1.0,0.23706843107510842,1.0003966689227817,657.0,0.32105263928184546,1365.0
2632390,long,close,1386.6,-52669.0,1383.3803323893596,632029.0,1013.1779773674019,0.08840428551535405,0.009496069522573201,0.09790035503792725,35.83655988586561,76.89558728834885,178.82694718220662,112.1412090657082,-19.150821769367703,128.8269471822062,1.0844258264988995,1611927903855.0,1.0,1.0,1.0,1.000396715943689,599.0,0.3210530051695048,1366.25
2632392,long,close,1386.75,-52669.0,1383.3803323893596,579360.0,987.2916283861701,0.09251291483826253,0.009495042365242474,0.102007957203505,35.846054928230856,76.93945070994636,178.92895513941014,112.23372198054646,-19.150821769367703,128.9289551394097,1.0844651293526404,1611927904293.0,1.0,1.0,1.0,1.0003967699876568,438.0,0.32105324909461097,1366.25
2632396,long,close,1386.95,-52669.0,1383.3803323893596,526691.0,957.9126078995636,0.09798970483948591,0.009493673167742168,0.10748337800722807,35.855548601398596,76.98566856248947,179.03643851741737,112.33171168538595,-19.150821769367703,129.03643851741694,1.0845065109099172,1611927904881.0,0.28807929882739386,1.0,0.28807929882739386,1.000396833413303,588.0,0.3210537369448234,1367.5
2632429,long,close,1385.9,-52669.0,1383.3803323893596,474022.0,924.3478750961748,0.06921892245654494,0.009500865863337902,0.07871978831988284,35.86504946726193,77.01951807146702,179.11515830573725,112.4009306078425,-19.150821769367703,129.11515830573683,1.0845366901696356,1611927907062.0,0.3086408950239518,1.0,0.3086408950239518,1.00039684673778,2181.0,0.3210577617090759,1368.75
2632441,long,close,1386.1,-52669.0,1383.3803323893596,421353.0,885.5507358298765,0.0747024320811489,0.00949949498593175,0.08420192706708066,35.874548962247864,77.05572490010586,179.19936023280434,112.47563303992365,-19.150821769367703,129.1993602328039,1.084568992474383,1611927908851.0,0.33303421957127155,1.0,0.33303421957127155,1.000396869507433,1789.0,0.32105922525971314,1370.0
2632459,long,close,1386.3,-52669.0,1383.3803323893596,368684.0,840.1987465651921,0.08018435950576867,0.009498124504075597,0.08968248400984427,35.88404708675194,77.0942883682301,179.28904271681418,112.55581739942942,-19.150821769367703,129.28904271681375,1.084603364601484,1611927911017.0,0.36107450517324924,1.0,0.36107450517324924,1.000396901697367,2166.0,0.32106142058566906,1371.25
2632506,long,close,1388.85,-61447.0,1383.3803323893596,307237.0,776.4066180308388,0.17493015440182244,0.011060769701551645,0.1859909241033741,35.89510785645349,77.17426446559455,179.47503364091756,112.73074755383124,-19.150821769367703,129.47503364091713,1.0846746281471298,1611927915021.0,0.3941020072364664,1.0,0.3941020072364664,1.000397100601917,4004.0,0.321067152825665,1372.5
2632542,long,close,1389.6,-61447.0,1383.3803323893596,245790.0,696.9772665438717,0.1988091908904956,0.011054799942429477,0.20986399083292506,35.90616265639592,77.2645059816527,179.6848976317505,112.92955674472174,-19.150821769367703,129.68489763175006,1.0847550526597696,1611927918035.0,0.4408105311456381,1.0,0.4408105311456381,1.000397340329545,3014.0,0.3210715434775768,1372.5
2632677,long,close,1384.35,-49158.0,1383.3803323893596,196632.0,618.2134540488984,0.024890269130552135,0.008877451511539713,0.033767720642091846,35.91504010790746,77.27902610152881,179.7186653523926,112.95444701385229,-19.150821769367703,129.71866535239215,1.0847673289220499,1611927928617.0,0.4961306585621748,1.0,0.4961306585621748,1.0003972753078696,10582.0,0.32108800842224605,1373.75
2632682,long,close,1384.4,-196632.0,1383.3803323893596,0.0,0.0,0.10469106872768341,0.03550852354810748,0.1401995922757909,35.95054863145557,77.33931192620742,179.8588649446684,113.05913808257998,-19.150821769367703,129.85886494466794,1.0848211034340878,1611927928997.0,0.5534269122339738,1.0,0.5534269122339738,1.0003973941028383,380.0,0.3210886182350116,
2632690,long,entry,1384.9,114884.0,1384.9,114884.0,440.9038836533805,0.0,0.02073868149324861,0.02073868149324861,35.97128731294882,77.3482295592495,179.87960362616164,113.05913808257998,-19.150821769367703,129.87960362616118,1.0848289957973007,1611927929957.0,1.0,1.0,1.0,1.0003973065668275,960.0,0.32108959393543646,1377.5
2632737,long,close,1385.85,-114884.0,1384.9,0.0,0.0,0.05686545417926527,0.020724465129703794,0.07758991930896907,35.99201177807852,77.38159322455238,179.95719354547063,113.11600353675924,-19.150821769367703,129.95719354547015,1.084858515276845,1611927933558.0,0.6811513713817035,1.0,0.6811513713817035,1.0003973171240466,3601.0,0.3210953261754324,
2632754,long,entry,1387.35,115150.0,1387.35,115150.0,441.6834625635412,0.0,0.02074999099001694,0.02074999099001694,36.01276176906854,77.39051572067808,179.97794353646066,113.11600353675924,-19.150821769367703,129.97794353646017,1.0848664164347606,1611927934386.0,1.0,1.0,1.0,1.0003972296661487,828.0,0.3210973995388352,1379.3
2632890,long,close,1388.3,-115150.0,1387.35,0.0,0.0,0.05679605687681428,0.020735791975797738,0.07753184885261202,36.033497561044335,77.4238544156847,180.05547538531326,113.17279959363606,-19.150821769367703,130.05547538531277,1.084895365431146,1611927946175.0,0.6809452359854508,1.0,0.6809452359854508,1.0003972400675907,11789.0,0.32111398644605754,
2632898,long,entry,1387.9,115258.0,1387.9,115258.0,441.8570746646845,0.0,0.02076122199005692,0.02076122199005692,36.05425878303439,77.43278174114043,180.07623660730331,113.17279959363606,-19.150821769367703,130.07623660730283,1.0849032545534394,1611927947190.0,1.0,1.0,1.0,1.0003971526876076,1015.0,0.3211149621464824,1380.6
2632921,long,close,1388.85,-115258.0,1387.9,0.0,0.0,0.05680429388501124,0.020747020916585666,0.07755131480159691,36.07500580395098,77.46612880650511,180.15378792210493,113.22960388752107,-19.150821769367703,130.15378792210444,1.0849327535362072,1611927950402.0,0.6815788745975683,1.0,0.6815788745975683,1.0003971630670965,3212.0,0.3211177672852038,
2632956,long,entry,1388.3,115355.0,1388.3,115355.0,441.9866179263416,0.0,0.020772707628034286,0.020772707628034286,36.09577851157901,77.47506107078517,180.17456062973295,113.22960388752107,-19.150821769367703,130.17456062973247,1.08494061852047,1611927951792.0,1.0,1.0,1.0,1.0003970757653462,1390.0,0.3211220359745625,1380.6
2632993,long,close,1389.25,-115355.0,1388.3,0.0,0.0,0.056819355037994054,0.02075850278927479,0.07757785782726884,36.11653701436829,77.5084195496509,180.25213848756022,113.28642324255905,-19.150821769367703,130.25213848755973,1.0849699490032227,1611927957511.0,0.6814281260441535,1.0,0.6814281260441535,1.000397086135072,5719.0,0.3211265485890274,
2633086,long,entry,1388.0,115393.0,1388.0,115393.0,441.89101748351897,0.0,0.020784041786743514,0.020784041786743514,36.13732105615503,77.5173566876192,180.27292252934697,113.28642324255905,-19.150821769367703,130.2729225293465,1.0849765118798753,1611927978895.0,1.0,1.0,1.0,1.0003969989111685,21384.0,0.32113789110646623,1380.6
2633274,long,close,1388.95,-115393.0,1388.0,0.0,0.0,0.056862636372525734,0.020769826127650385,0.07763246250017612,36.15809088228268,77.55073864649428,180.35055499184716,113.34328587893158,-19.150821769367703,130.35055499184665,1.0850040278961024,1611928012538.0,0.6810026944713814,1.0,0.6810026944713814,1.0003970093192849,33643.0,0.3211608200664501,
2633294,long,entry,1387.4,115406.0,1387.4,115406.0,441.6997477897,0.0,0.020795372639469508,0.020795372639469508,36.17888625492215,77.55968065672926,180.37135036448663,113.34328587893158,-19.150821769367703,130.37135036448612,1.085011803686639,1611928015298.0,1.0,1.0,1.0,1.000396922173077,2760.0,0.32116325931751216,1379.3
2633311,long,close,1388.35,-115406.0,1387.4,0.0,0.0,0.05691822381241025,0.020781143083516404,0.07769936689592666,36.199667398005666,77.5930913844945,180.44904973138256,113.400204102744,-19.150821769367703,130.44904973138205,1.085041282111167,1611928018967.0,0.6814741849068291,1.0,0.6814741849068291,1.0003969326405142,3669.0,0.32116533268091496,
2633331,long,entry,1387.3,115460.0,1387.3,115460.0,441.6660540107557,0.0,0.020806602753550063,0.020806602753550063,36.22047400075922,77.60203822367852,180.4698563341361,113.400204102744,-19.150821769367703,130.46985633413559,1.0850490316061623,1611928022132.0,1.0,1.0,1.0,1.0003968455716756,3165.0,0.3211677719319771,1379.3
2633587,long,close,1388.25,-115460.0,1387.3,0.0,0.0,0.05695306354293995,0.020792364487664326,0.07774542803060427,36.24126636524688,77.63546875773169,180.54760176216672,113.45715716628693,-19.150821769367703,130.54760176216618,1.085075353218387,1611928074244.0,0.6807617968841665,1.0,0.6807617968841665,1.000396856062525,52112.0,0.3211989943455721,
2633633,long,entry,1386.4,115449.0,1386.4,115449.0,441.38186392630683,0.0,0.020818126081938833,0.020818126081938833,36.26208449132882,77.64442055194692,180.56841988824866,113.45715716628693,-19.150821769367703,130.56841988824812,1.0850828659641558,1611928081038.0,1.0,1.0,1.0,1.00039676907142,6794.0,0.321204604623015,1378.0
2633670,long,close,1387.35,-115449.0,1386.4,0.0,0.0,0.0570215728628974,0.020803870688723105,0.07782544355162051,36.282888362017545,77.67788549267412,180.6462453318003,113.51417873914983,-19.150821769367703,130.64624533179975,1.0851117072907082,1611928094719.0,0.6815426667198364,1.0,0.6815426667198364,1.0003967796436437,13681.0,0.32120911723747986,
2647018,long,entry,1387.35,115591.0,1387.35,115591.0,441.68370874475534,0.0,0.020829459040617008,0.020829459040617008,36.303717821058164,77.68684216006159,180.6670747908409,113.51417873914983,-19.150821769367703,130.66707479084036,1.0847031502957865,1611934510244.0,1.0,1.0,1.0,1.000396692729783,6415525.0,0.32283707339633266,1379.3
2647035,long,close,1388.3,-115591.0,1387.35,0.0,0.0,0.05701357369038505,0.020815205647194412,0.07782877933757947,36.32453302670536,77.72030853517674,180.74490357017848,113.57119231284021,-19.150821769367703,130.74490357017794,1.0847325864800936,1611934512292.0,0.6815087188168767,1.0,0.6815087188168767,1.0003967032521033,2048.0,0.32283914675973546,
2648811,long,entry,1384.6,115425.0,1384.6,115425.0,440.8085217051508,0.0,0.020840856565072948,0.020840856565072948,36.34537388327043,77.72927010349973,180.76574442674357,113.57119231284021,-19.150821769367703,130.76574442674303,1.08467343854912,1611935550695.0,1.0,1.0,1.0,1.0003966164154905,1038403.0,0.3230557522540509,1376.25
2649335,long,reentry,1376.25,213882.0,1379.1767484444606,329307.0,796.7840627518812,0.0,0.03885231607629428,0.03885231607629428,36.38422619934673,77.74597659941253,180.80459674281985,113.57119231284021,-19.150821769367703,130.8045967428193,1.0846815016319422,1611935654189.0,0.6796798883078511,1.0,0.6796798883078511,1.0003965603695129,103494.0,0.32311966063187825,1367.5
2650440,long,close,1380.15,-47043.0,1379.1767484444606,282264.0,742.6123453105102,0.024053257440585868,0.008521356374307142,0.03257461381489301,36.39274755572104,77.75998368335294,180.83717135663474,113.5952455702808,-19.150821769367703,130.8371713566342,1.084680645226724,1611935858943.0,0.41785339172069763,1.0,0.41785339172069763,1.000396493635308,204754.0,0.32325442925305986,1368.75
2650583,long,close,1380.15,-47044.0,1379.1767484444606,235220.0,678.0703118241386,0.02405376874423233,0.008521537514038328,0.03257530625827066,36.40126909323507,77.773991065044,180.86974666289302,113.61929933902503,-19.150821769367703,130.86974666289248,1.0846912104641895,1611935886651.0,0.4609767399938229,1.0,0.4609767399938229,1.0003964269334251,27708.0,0.32327186989815393,1368.75
2650648,long,close,1380.15,-47044.0,1379.1767484444606,188176.0,599.8667507851414,0.02405376874423233,0.008521537514038328,0.03257530625827066,36.40979063074911,77.78799844673506,180.9023219691513,113.64335310776927,-19.150821769367703,130.90232196915076,1.0847023058487673,1611935906105.0,0.508448793487159,1.0,0.508448793487159,1.000396360262657,19454.0,0.3232797974641058,1370.0
2650649,long,close,1380.2,-188176.0,1379.1767484444606,0.0,0.0,0.10115438088275486,0.03408491522967686,0.1352392961124317,36.443875545978784,77.8461513440634,181.03756126526372,113.74450748865203,-19.150821769367703,131.0375612652632,1.0847535533110648,1611935906190.0,1.0,1.0,1.0,1.0003964684450313,85.0,0.3232799194266589,
2651743,long,entry,1375.9,114885.0,1375.9,114885.0,438.03754171095295,0.0,0.02087451849698379,0.02087451849698379,36.464750064475766,77.8551273870171,181.0584357837607,113.74450748865203,-19.150821769367703,131.0584357837602,1.0847376158486177,1611936275500.0,1.0,1.0,1.0,1.0003963818410746,369310.0,0.3234133464597564,1368.75
2652282,long,close,1376.85,-114885.0,1375.9,0.0,0.0,0.05761206397830241,0.020860115480989216,0.07847217945929162,36.48561017995676,77.88887042418459,181.13690796321998,113.80211955263033,-19.150821769367703,131.13690796321947,1.08475891863179,1611936405727.0,0.680031014089881,1.0,0.680031014089881,1.0003963932405515,130227.0,0.3234790842758803,
2657608,long,entry,1373.6,114756.0,1373.6,114756.0,437.3055831388673,0.0,0.020885993011065813,0.020885993011065813,36.50649617296782,77.89785140117935,181.15779395623105,113.80211955263033,-19.150821769367703,131.15779395623053,1.084598095237287,1611939024209.0,1.0,1.0,1.0,1.000396306713092,2618482.0,0.3241286568337204,1366.25
2657702,long,close,1374.55,-114756.0,1373.6,0.0,0.0,0.05774018656437694,0.02087155796442472,0.07861174452880165,36.52736773093225,77.93165445132674,181.23640570075986,113.8598597391947,-19.150821769367703,131.23640570075935,1.0846269290445445,1611939037425.0,0.6811595762904252,1.0,0.6811595762904252,1.0003963182925706,13216.0,0.32414012131371234,
2658151,long,entry,1372.3,114710.0,1372.3,114710.0,436.8907420152495,0.0,0.020897398528018654,0.020897398528018654,36.54826512946027,77.94064033269377,181.25730309928787,113.8598597391947,-19.150821769367703,131.25730309928736,1.0846238839845166,1611939207392.0,1.0,1.0,1.0,1.000396231841289,169967.0,0.32419488250005674,1365.0
2658261,long,close,1373.25,-114710.0,1372.3,0.0,0.0,0.057826407723635564,0.02088294192608775,0.07870934964972331,36.56914807138636,77.97448535304316,181.3360124489376,113.91768614691834,-19.150821769367703,131.33601244893708,1.0846505555288115,1611939254480.0,0.6813807307356698,1.0,0.6813807307356698,1.0003962435289953,47088.0,0.3242082983808983,
2658752,long,entry,1370.95,114661.0,1370.95,114661.0,436.4632188838602,0.0,0.02090904117582698,0.02090904117582698,36.590057112562185,77.98347624074877,181.35692149011342,113.91768614691834,-19.150821769367703,131.3569214901129,1.0846403854719098,1611939535176.0,1.0,1.0,1.0,1.000396157154122,280696.0,0.32426818199447316,1363.75
2658782,long,close,1371.9,-114661.0,1370.95,0.0,0.0,0.05791555978434772,0.020894562285880894,0.07881012207022861,36.61095167484807,78.01736459323897,181.43573161218364,113.97560170670269,-19.150821769367703,131.43573161218313,1.084669547871145,1611939543785.0,0.6814253356564649,1.0,0.6814253356564649,1.0003961689550516,8609.0,0.3242718408710663,
2659585,long,entry,1369.8,114627.0,1369.8,114627.0,436.094948904286,0.0,0.020920389837932547,0.020920389837932547,36.631872064686,78.02636036086928,181.45665200202157,113.97560170670269,-19.150821769367703,131.45665200202106,1.0846575189567984,1611939853351.0,1.0,1.0,1.0,1.0003960826559142,309566.0,0.32436977680121004,1362.5
2659922,long,reentry,1362.5,212403.0,1365.0587166315017,327030.0,788.4678020458866,0.0,0.03897302752293578,0.03897302752293578,36.670845092208936,78.04311876270414,181.4956250295445,113.97560170670269,-19.150821769367703,131.495625029544,1.0846705939623675,1611939878387.0,0.6799185666231524,1.0,0.6799185666231524,1.0003960269678422,25036.0,0.32441087818160663,1353.75
2660116,long,close,1366.0,-46718.0,1365.0587166315017,280312.0,734.8491849915575,0.023583192484297924,0.008550146412884334,0.032133338897182256,36.67939523862182,78.05693609842992,181.52775836844168,113.99918489918699,-19.150821769367703,131.52775836844117,1.084682034249061,1611939888731.0,0.420116347690015,1.0,0.420116347690015,1.0003959597269847,10344.0,0.3244345389169091,1353.75
2660126,long,close,1366.0,-46718.0,1365.0587166315017,233594.0,670.9698264438555,0.023583192484297924,0.008550146412884334,0.032133338897182256,36.68794538503471,78.0707534341557,181.55989170733886,114.02276809167128,-19.150821769367703,131.55989170733835,1.0846940578706858,1611939889975.0,0.46182636860261633,1.0,0.46182636860261633,1.0003958925177874,1244.0,0.32443575854244017,1355.0
2660432,long,close,1369.9,-58398.0,1365.0587166315017,175196.0,571.3672516606138,0.15118833314047755,0.010657347251624205,0.16184568039210176,36.69860273228633,78.14034707672431,181.72173738773097,114.17395642481176,-19.150821769367703,131.72173738773046,1.0847512975672078,1611939947316.0,0.5087709009123249,1.0,0.5087709009123249,1.0003960445283497,57341.0,0.32447307908369044,1356.25
2660435,long,close,1369.95,-175196.0,1365.0587166315017,0.0,0.0,0.4582378522688158,0.03197123982627103,0.49020909209508684,36.7305739721126,78.3511369863252,182.21194647982605,114.63219427708057,-19.150821769367703,132.21194647982554,1.0849354951654904,1611939947918.0,0.5829131676322259,1.0,0.5829131676322259,1.0003967497104884,602.0,0.3244734449713498,
2660600,long,entry,1366.7,114857.0,1366.7,114857.0,435.10835409000214,0.0,0.021009914392331894,0.021009914392331894,36.75158388650493,78.3601712495139,182.23295639421838,114.63219427708057,-19.150821769367703,132.23295639421787,1.084941094000218,1611939983355.0,1.0,1.0,1.0,1.0003966633920331,35437.0,0.3244935687926122,1358.75
2660672,long,close,1367.65,-114857.0,1366.7,0.0,0.0,0.05837580864318793,0.020995320440171095,0.07937112908335903,36.7725792069451,78.39430083501973,182.31232752330172,114.69057008572376,-19.150821769367703,132.31232752330124,1.0849686902692313,1611940017220.0,0.6813560204393979,1.0,0.6813560204393979,1.0003966753121634,33865.0,0.3245023500964358,
2660688,long,entry,1366.45,114900.0,1366.45,114900.0,435.0307124340526,0.0,0.021021625379633358,0.021021625379633358,36.793600832324735,78.40334013393299,182.33334914868135,114.69057008572376,-19.150821769367703,132.33334914868087,1.0849761522041739,1611940023784.0,1.0,1.0,1.0,1.000396589069652,6564.0,0.3245043014972855,1358.75
2660692,long,close,1367.4,-114900.0,1366.45,0.0,0.0,0.05841902621222707,0.021007020623080297,0.07942604683530737,36.814607852947816,78.43749333407216,182.41277519551664,114.74898911193598,-19.150821769367703,132.41277519551616,1.0850058216181544,1611940025601.0,0.681564460393037,1.0,0.681564460393037,1.0003966010240528,1817.0,0.3245047893474979,
2660699,long,entry,1366.45,114963.0,1366.45,114963.0,435.02991413589575,0.0,0.021033151597204435,0.021033151597204435,36.83564100454502,78.44653758925895,182.43380834711385,114.74898911193598,-19.150821769367703,132.43380834711337,1.0850136565704043,1611940026390.0,1.0,1.0,1.0,1.0003965148570353,789.0,0.32450564308536967,1358.75
2661177,long,reentry,1358.75,213026.0,1361.448917036852,327989.0,786.4533834465891,0.0,0.03919521619135234,0.03919521619135234,36.87483622073637,78.46339153222124,182.4730035633052,114.74898911193598,-19.150821769367703,132.47300356330473,1.0850185106046784,1611940178711.0,0.6798190077751558,1.0,0.6798190077751558,1.0003964592277892,152321.0,0.3245639411857541,1350.0
2661267,long,close,1362.4,-46855.0,1361.448917036852,281134.0,732.9769085617779,0.024025274513724923,0.00859787874339401,0.03262315325711893,36.883434099479764,78.4774194881218,182.50562671656232,114.7730143864497,-19.150821769367703,132.50562671656184,1.0850292353085287,1611940201948.0,0.42078849355826403,1.0,0.42078849355826403,1.0003963925918984,23237.0,0.3245749178155336,1351.25
2661876,long,reentry,1351.25,520941.0,1354.8248057753183,802075.0,1056.4129405221427,0.0,0.0963813135985199,0.0963813135985199,36.979815413078285,78.51886345296916,182.60200803016085,114.7730143864497,-19.150821769367703,132.60200803016036,1.0850568204024442,1611940333830.0,0.4575363317334385,1.0,0.4575363317334385,1.0003964328915453,131882.0,0.32464919301037487,1335.0
2661965,long,close,1355.75,-44559.0,1354.8248057753183,757516.0,1041.643230829731,0.02244427576807343,0.008216669739996314,0.030660945508069744,36.98803208281828,78.53204765953762,182.6326689756689,114.79545866221778,-19.150821769367703,132.63266897566842,1.085067196774892,1611940350931.0,0.2180511173041135,1.0,0.2180511173041135,1.000396362977914,17101.0,0.32466004767760126,1335.0
2662041,long,close,1355.75,-44559.0,1354.8248057753183,712957.0,1025.513348217057,0.02244427576807343,0.008216669739996314,0.030660945508069744,36.99624875255827,78.54523186610609,182.66332992117697,114.81790293798586,-19.150821769367703,132.66332992117648,1.085077380483245,1611940370981.0,0.23015170848842906,1.0,0.23015170848842906,1.0003962930984254,20050.0,0.3246693168316373,1336.25
2662059,long,close,1356.8,-47530.0,1354.8248057753183,665427.0,1006.5448564990043,0.05107150391608396,0.00875773879716981,0.05982924271325377,37.005006491355445,78.5709584404728,182.72315916389022,114.86897444190194,-19.150821769367703,132.72315916388973,1.0850996989510713,1611940372157.0,0.24374960494299103,1.0,0.24374960494299103,1.0003962720782094,1176.0,0.32467151215759316,1337.5
2662334,long,close,1355.75,-44361.0,1354.8248057753183,621066.0,987.0248793532145,0.022344543579243373,0.0081801585838097,0.030524702163053072,37.01318664993926,78.5840840624029,182.75368386605325,114.89131898548118,-19.150821769367703,132.7536838660528,1.0851016243382179,1611940519079.0,0.2555141593942276,1.0,0.2555141593942276,1.000396202015873,146922.0,0.3247050518596972,1337.5
2662348,long,close,1355.75,-44361.0,1354.8248057753183,576705.0,965.4220766854988,0.022344543579243373,0.0081801585838097,0.030524702163053072,37.02136680852307,78.597209684333,182.7842085682163,114.91366352906041,-19.150821769367703,132.78420856821586,1.0851124103274548,1611940528884.0,0.2718101889754587,1.0,0.2718101889754587,1.000396131987827,9805.0,0.3247067593354407,1338.75
2662370,long,close,1357.05,-48058.0,1354.8248057753183,528647.0,939.2015188753701,0.05816404853460331,0.00885339523230537,0.06701744376690869,37.03022020375538,78.62602718515276,182.8512260119832,114.97182757759502,-19.150821769367703,132.85122601198276,1.0851370429675034,1611940535585.0,0.28801056330580127,1.0,0.28801056330580127,1.0003961229821654,6701.0,0.324709442511609,1340.0
2662401,long,close,1358.6,-52864.0,1354.8248057753183,475783.0,906.3022165053663,0.10842378680527255,0.009727660827322245,0.1181514476325948,37.0399478645827,78.67683230763478,182.96937745961577,115.0802513644003,-19.150821769367703,132.96937745961534,1.0851809369329701,1611940539851.0,0.30813884429070343,1.0,0.30813884429070343,1.0003961993203099,4266.0,0.32471322335075525,1340.0
2662440,long,close,1359.2,-59472.0,1354.8248057753183,416311.0,863.0765024780109,0.14130039481880385,0.010938787522071806,0.15223918234087566,37.05088665210477,78.74229515604135,183.12161664195665,115.2215517592191,-19.150821769367703,133.12161664195622,1.0852368879143177,1611940554105.0,0.3328655012842353,1.0,0.3328655012842353,1.0003963323340839,14254.0,0.3247179798903264,1341.25
2662454,long,close,1359.65,-59473.0,1354.8248057753183,356838.0,811.4452810476339,0.15578454811499284,0.010935351009450962,0.1667198991244438,37.06182200311422,78.81398471266488,183.2883365410811,115.37733630733409,-19.150821769367703,133.28833654108067,1.0852990747384395,1611940554803.0,1.0,1.0,1.0,1.0003964891751906,698.0,0.3247196873660699,1342.5
2662494,long,close,1358.0,-50976.0,1354.8248057753183,305862.0,758.593621753434,0.08797375724257661,0.00938438880706922,0.09735814604964584,37.071206391921294,78.85584871546621,183.38569468713072,115.46531006457667,-19.150821769367703,133.38569468713033,1.0853345145679125,1611940568330.0,0.40189778060910014,1.0,0.40189778060910014,1.0003965302601707,13527.0,0.3247245658681941,1343.75
2662500,long,close,1358.35,-50977.0,1354.8248057753183,254885.0,695.1818223162004,0.09764780758723313,0.009382154820186256,0.10702996240741938,37.08058854674148,78.9018715993014,183.49272464953813,115.5629578721639,-19.150821769367703,133.49272464953773,1.0853740928909872,1611940573339.0,0.4415124628186453,1.0,0.4415124628186453,1.0003965873157838,5009.0,0.3247252976435127,1345.0
2662505,long,close,1358.85,-50977.0,1354.8248057753183,203908.0,617.7011422074937,0.11145677078432951,0.009378702579386982,0.1208354733637165,37.08996724932087,78.9538308528478,183.61356012290187,115.67441464294824,-19.150821769367703,133.61356012290145,1.0854190292661436,1611940574686.0,1.0,1.0,1.0,1.0003966671659237,1347.0,0.3247259074562783,1345.0
2662506,long,close,1359.0,-203908.0,1354.8248057753183,0.0,0.0,0.46238991329959916,0.037510669610007354,0.49990058290960654,37.12747791893088,79.16878810349894,184.1134607058115,116.13680455624784,-19.150821769367703,134.11346070581106,1.0856049978450408,1611940574711.0,1.0,1.0,1.0,1.0003973752436384,25.0,0.3247260294188314,
2662663,long,entry,1359.3,115427.0,1359.3,115427.0,432.7518565211464,0.0,0.0212291252850732,0.0212291252850732,37.14870704421595,79.17791662737152,184.13468983109655,116.13680455624784,-19.150821769367703,134.13468983109613,1.0856105850626991,1611940610074.0,1.0,1.0,1.0,1.0003972892867752,35363.0,0.3247451775396689,1351.25
2662830,long,close,1360.25,-115427.0,1359.3,0.0,0.0,0.059305771794371055,0.02121429884212461,0.08052007063649566,37.16992134305808,79.21254025774522,184.21520990173306,116.19611032804221,-19.150821769367703,134.2152099017326,1.0856357724463486,1611940682613.0,0.6811553829278715,1.0,0.6811553829278715,1.0003973014704162,72539.0,0.32476554528603757,
2662907,long,entry,1358.65,115436.0,1358.65,115436.0,432.5460474334639,0.0,0.021240937695506567,0.021240937695506567,37.19116228075359,79.22167386095428,184.23645083942856,116.19611032804221,-19.150821769367703,134.2364508394281,1.0856422436710425,1611940704371.0,1.0,1.0,1.0,1.0003972155885053,21758.0,0.32477493640262667,1351.25
2663217,long,close,1359.6,-115436.0,1358.65,0.0,0.0,0.05936713977854814,0.021226095910561932,0.08059323568911007,37.21238837666415,79.25632895230059,184.31704407511765,116.25547746782075,-19.150821769367703,134.31704407511722,1.0856601375547,1611940889128.0,0.6808602593916967,1.0,0.6808602593916967,1.0003972278345254,184757.0,0.3248127447940894,
2663286,long,entry,1357.65,115415.0,1357.65,115415.0,432.2281935110889,0.0,0.021252716090303096,0.021252716090303096,37.23364109275445,79.26546762021943,184.33829679120797,116.25547746782075,-19.150821769367703,134.33829679120754,1.0856650302706727,1611940935129.0,1.0,1.0,1.0,1.0003971420273614,46001.0,0.3248211602102537,1350.0
2663567,long,reentry,1350.0,213863.0,1352.6813961151367,329278.0,781.3879775197763,0.0,0.03960425925925926,0.03960425925925926,37.27324535201371,79.2824974517009,184.37790105046722,116.25547746782075,-19.150821769367703,134.3779010504668,1.085677878861888,1611940963460.0,0.6798191092180533,1.0,0.6798191092180533,1.0003970865624687,28331.0,0.32485543168767633,1341.25
2663793,long,close,1353.65,-47039.0,1352.6813961151367,282239.0,728.2549057714532,0.024882979538004606,0.008687437668525836,0.033570417206530444,37.28193278968224,79.29693273109972,184.41147146767375,116.28036044735876,-19.150821769367703,134.41147146767332,1.0856852157517152,1611941042049.0,0.4210225418496026,1.0,0.4210225418496026,1.0003970211623194,78589.0,0.3248829952246782,1342.5
2663805,long,close,1353.65,-47039.0,1352.6813961151367,235200.0,664.9532978777364,0.024882979538004606,0.008687437668525836,0.033570417206530444,37.290620227350765,79.31136801049853,184.44504188488028,116.30524342689677,-19.150821769367703,134.44504188487986,1.0856973076733134,1611941047524.0,0.461946874199148,1.0,0.461946874199148,1.000396955791864,5475.0,0.32488445877531547,1342.5
2663816,long,close,1353.65,-47040.0,1352.6813961151367,188160.0,588.2534100379166,0.024883508524155204,0.008687622354375207,0.03357113087853041,37.29930784970514,79.32580359677628,184.4786130157588,116.33012693542092,-19.150821769367703,134.47861301575838,1.0857086964172125,1611941063772.0,0.5087519962487171,1.0,0.5087519962487171,1.0003968904522549,16248.0,0.32488580036339965,1343.75
2663822,long,close,1354.0,-188160.0,1352.6813961151367,0.0,0.0,0.13546511621218213,0.03474150664697193,0.17020662285915406,37.33404935635211,79.39899244460572,184.64881963861797,116.46559205163311,-19.150821769367703,134.64881963861754,1.08577161296325,1611941066125.0,0.5655279662927607,1.0,0.5655279662927607,1.0003970501628476,2353.0,0.32488653213871826,
2663825,long,entry,1354.25,115333.0,1354.25,115333.0,431.14525538865894,0.0,0.021290935942403545,0.021290935942403545,37.355340292294514,79.40814754706096,184.67011057456037,116.46559205163311,-19.150821769367703,134.67011057455994,1.085779306457939,1611941069072.0,1.0,1.0,1.0,1.0003969645660031,2947.0,0.32488689802637755,1346.25
2663865,long,close,1355.2,-115333.0,1354.25,0.0,0.0,0.05970008602504129,0.021276010920897287,0.08097609694593857,37.376616303215414,79.44296726874771,184.7510866715063,116.52529213765816,-19.150821769367703,134.75108667150587,1.0858080282938793,1611941088426.0,0.6816118927824399,1.0,0.6816118927824399,1.0003969771761199,19354.0,0.3248917765285018,
2664258,long,entry,1354.85,115448.0,1354.85,115448.0,431.33626568965076,0.0,0.021302727239177772,0.021302727239177772,37.397919030454595,79.45212744146055,184.77238939874547,116.52529213765816,-19.150821769367703,134.77238939874505,1.0858092843773497,1611941190156.0,1.0,1.0,1.0,1.0003968916534096,101730.0,0.32493970781187226,1347.5
2664347,long,close,1355.8,-115448.0,1354.85,0.0,0.0,0.059706714492462495,0.021287800560554654,0.08099451505301715,37.41920683101515,79.48695508293333,184.85338391379847,116.58499885215062,-19.150821769367703,134.85338391379807,1.085837508321505,1611941216965.0,0.681070453111279,1.0,0.681070453111279,1.0003969042345897,26809.0,0.32495056247909865,
2664366,long,entry,1354.55,115486.0,1354.55,115486.0,431.23986390421646,0.0,0.02131445867631317,0.02131445867631317,37.44052128969147,79.49612030016415,184.87469837247477,116.58499885215062,-19.150821769367703,134.87469837247437,1.0858448354281416,1611941225524.0,1.0,1.0,1.0,1.0003968187858057,8559.0,0.32495287976760767,1347.5
2664915,long,close,1355.5,-115486.0,1354.55,0.0,0.0,0.05975281665067962,0.021299520472150498,0.08105233712283012,37.461820810163616,79.53097280512696,184.9557507095976,116.6447516688013,-19.150821769367703,134.9557507095972,1.0858580264773552,1611941482969.0,0.6803025695720836,1.0,0.6803025695720836,1.0003968314027403,257445.0,0.32501983720926264,
2666158,long,entry,1350.95,115243.0,1350.95,115243.0,430.09412740714515,0.0,0.02132628890780562,0.02132628890780562,37.483147099071424,79.54014310935732,184.9770769985054,116.6447516688013,-19.150821769367703,134.977076998505,1.0858121785508223,1611942307670.0,1.0,1.0,1.0,1.0003967460279088,824701.0,0.3251714366627728,1343.75
2666232,long,close,1351.9,-115243.0,1350.95,0.0,0.0,0.0599451866629581,0.021311302611139876,0.08125648927409798,37.50445840168256,79.57508339974518,185.0583334877795,116.70469685546426,-19.150821769367703,135.0583334877791,1.0858407540901513,1611942329705.0,0.6814353548573104,1.0,0.6814353548573104,1.0003967589202292,22035.0,0.32518046189170263,
2666365,long,entry,1350.45,115264.0,1350.45,115264.0,429.934324056574,0.0,0.02133807249435373,0.02133807249435373,37.525796474176914,79.58425877091776,185.07967156027385,116.70469685546426,-19.150821769367703,135.07967156027345,1.0858447998661094,1611942388549.0,1.0,1.0,1.0,1.0003966736190373,58844.0,0.32519668291126563,1342.5
2666676,long,reentry,1342.5,213584.0,1345.2865421106408,328848.0,777.1710673774588,0.0,0.039773556797020486,0.039773556797020486,37.56557003097394,79.60136140034048,185.11944511707088,116.70469685546426,-19.150821769367703,135.11944511707048,1.08585646141887,1611942434926.0,0.6797390412629342,1.0,0.6797390412629342,1.0003966185477013,46377.0,0.32523461326528147,1333.75
2667488,long,close,1346.25,-46978.0,1345.2865421106408,281870.0,724.328668186399,0.02499117910270246,0.008723862581244196,0.03371504168394666,37.57429389355518,79.61585886826457,185.15316015875482,116.72968803456696,-19.150821769367703,135.15316015875442,1.0858607688945583,1611942559816.0,0.41926316654028856,1.0,0.41926316654028856,1.0003965535823292,124890.0,0.32533364685840316,1335.0
2667602,long,close,1346.25,-46978.0,1345.2865421106408,234892.0,661.372403581284,0.02499117910270246,0.008723862581244196,0.03371504168394666,37.58301775613642,79.63035633618865,185.18687520043875,116.75467921366966,-19.150821769367703,135.18687520043835,1.085871458565885,1611942586684.0,0.46146567421085577,1.0,0.46146567421085577,1.0003964886462555,26868.0,0.3253475505894572,1335.0
2667615,long,close,1346.25,-46978.0,1345.2865421106408,187914.0,585.0913514615263,0.02499117910270246,0.008723862581244196,0.03371504168394666,37.59174161871766,79.64485380411276,185.22059024212268,116.77967039277236,-19.150821769367703,135.22059024212228,1.0858838058488005,1611942588071.0,0.5080721457984425,1.0,0.5080721457984425,1.0003964237394578,1387.0,0.3253491361026476,1336.25
2667622,long,close,1346.3,-187914.0,1345.2865421106408,0.0,0.0,0.10514973961853953,0.034894525737205674,0.1400442653557452,37.62663614445487,79.70507283821571,185.3606345074784,116.8848201323909,-19.150821769367703,135.36063450747804,1.0859352840065124,1611942590558.0,0.5653917537890241,1.0,0.5653917537890241,1.0003965325461497,2487.0,0.3253499898405193,
2667637,long,entry,1346.0,115072.0,1346.0,115072.0,428.51798878146354,0.0,0.021372956909361068,0.021372956909361068,37.64800910136423,79.71426320968675,185.38200746438778,116.8848201323909,-19.150821769367703,135.3820074643874,1.0859428952218768,1611942594648.0,1.0,1.0,1.0,1.0003964474683078,4090.0,0.3253518192788159,1338.75
2667656,long,close,1346.95,-115072.0,1346.0,0.0,0.0,0.06029714262264327,0.02135788262370541,0.08165502524634868,37.669366983987935,79.74937487054267,185.46366248963412,116.94511727501354,-19.150821769367703,135.46366248963378,1.0859724157478512,1611942603370.0,0.6813992648464955,1.0,0.6813992648464955,1.0003964607796327,8722.0,0.3253541365673249,
2668156,long,entry,1345.0,115051.0,1345.0,115051.0,428.2011124263218,0.0,0.021384944237918216,0.021384944237918216,37.69075192822585,79.75857039656498,185.48504743387204,116.94511727501354,-19.150821769367703,135.4850474338717,1.0859692429475238,1611942772805.0,1.0,1.0,1.0,1.0003963757751047,169435.0,0.32541511784387767,1337.5
2668195,long,close,1345.95,-115051.0,1345.0,0.0,0.0,0.06037578521051954,0.02136985029161559,0.08174563550213512,37.712121778517464,79.7937210198309,185.56679306937417,117.00549306022407,-19.150821769367703,135.56679306937383,1.085998582503474,1611942784506.0,0.6814098341383715,1.0,0.6814098341383715,1.0003963891737289,11701.0,0.3254198743834488,
2669893,long,entry,1342.55,114905.0,1342.55,114905.0,427.4203807182335,0.0,0.021396782242747013,0.021396782242747013,37.73351856076021,79.80292163619528,185.58818985161693,117.00549306022407,-19.150821769367703,135.5881898516166,1.0859384150607245,1611943828280.0,1.0,1.0,1.0,1.0003963042421156,1043774.0,0.325626966798622,1335.0
2669943,long,close,1343.5,-114905.0,1342.55,0.0,0.0,0.060519369201661705,0.021381652400446594,0.0819010216021083,37.75490021316066,79.83813907548418,185.67009087321904,117.06601242942573,-19.150821769367703,135.6700908732187,1.0859680350593373,1611943835943.0,0.6815049324007202,1.0,0.6815049324007202,1.0003963178331403,7663.0,0.3256330649262773,
2670558,long,entry,1341.3,114862.0,1341.3,114862.0,427.022630964608,0.0,0.021408707969879967,0.021408707969879967,37.77630892113054,79.84734481991123,185.6914995811889,117.06601242942573,-19.150821769367703,135.69149958118857,1.0859555920066657,1611944147732.0,1.0,1.0,1.0,1.0003962329743845,311789.0,0.3257080718964372,1333.75
2670621,long,close,1342.25,-114862.0,1341.3,0.0,0.0,0.0606094917381609,0.02139355559694543,0.08200304733510633,37.79770247672749,79.88260613026532,185.773502628524,117.12662192116389,-19.150821769367703,135.77350262852366,1.085984521650221,1611944166208.0,0.6813858377432509,1.0,0.6813858377432509,1.0003962466704455,18476.0,0.3257157555372829,
2670655,long,entry,1341.05,114905.0,1341.05,114905.0,426.9441841161873,0.0,0.02142071511129339,0.02142071511129339,37.81912319183878,79.89181703776318,185.7949233436353,117.12662192116389,-19.150821769367703,135.79492334363496,1.08599109029657,1611944186167.0,1.0,1.0,1.0,1.0003961618845165,19959.0,0.3257199022640884,1333.75
2670972,long,reentry,1333.75,212918.0,1336.308717661665,327823.0,771.8891013961792,0.0,0.039909653233364574,0.039909653233364574,37.85903284507214,79.90897818865352,185.83483299686867,117.12662192116389,-19.150821769367703,135.83483299686833,1.0859983588406572,1611944299570.0,0.6798798949417506,1.0,0.6798798949417506,1.0003961071715584,113403.0,0.3257585643934229,1325.0
2671956,long,reentry,1325.0,607456.0,1328.9637987702065,935279.0,1073.2265307033565,0.0,0.11461433962264152,0.11461433962264152,37.973647184694784,79.95826235469127,185.94944733649132,117.12662192116389,-19.150821769367703,135.94944733649098,1.0860289391649958,1611944475949.0,0.41742020348226033,1.0,0.41742020348226033,1.0003961737042206,176379.0,0.3258785755456788,1306.8
2672551,long,close,1329.9,-49225.0,1328.9637987702065,886054.0,1060.617872124363,0.026074908627521508,0.0092535153019024,0.03532842392942391,37.982900699996684,79.97345357698092,185.98477576042075,117.15269682979141,-19.150821769367703,135.9847757604204,1.086036265074317,1611944562432.0,0.18694959795200264,1.0,0.18694959795200264,1.0003961115379414,86483.0,0.32595114326477653,1306.8
2672699,long,close,1329.9,-46634.0,1328.9637987702065,839420.0,1047.6262709568207,0.02470243349793475,0.00876644860515828,0.033468882103093026,37.99166714860184,79.98784519628525,186.01824464252385,117.17739926328935,-19.150821769367703,136.01824464252348,1.0860469364835086,1611944587078.0,0.20004685890231697,1.0,0.20004685890231697,1.0003960463842552,24646.0,0.32596919372263616,1308.0
2672707,long,close,1330.8,-49377.0,1328.9637987702065,790043.0,1032.5724153511358,0.05126477207696771,0.009275811541929666,0.06054058361889737,38.000942960143774,80.01387764724137,186.07878522614274,117.22866403536631,-19.150821769367703,136.07878522614237,1.086069067320424,1611944588195.0,0.21228146098964573,1.0,0.21228146098964573,1.000396025114659,1117.0,0.325970169423061,1309.2
2672724,long,close,1330.85,-49377.0,1328.9637987702065,740666.0,1016.0240902534615,0.05265874007365005,0.009275463049930495,0.06193420312358054,38.010218423193706,80.04050935458451,186.1407194292663,117.28132277543996,-19.150821769367703,136.14071942926594,1.0860915757631218,1611944591251.0,0.2236297628938829,1.0,0.2236297628938829,1.0003960060819765,3056.0,0.3259722427864638,1310.4
2672743,long,close,1330.9,-49377.0,1328.9637987702065,691289.0,997.7475575964926,0.05405260333158712,0.009275114584116012,0.06332771791570313,38.01949353777782,80.06774027328827,186.20404714718202,117.33537537877154,-19.150821769367703,136.20404714718165,1.0861144624334536,1611944596227.0,0.23607211259138233,1.0,0.23607211259138233,1.000395989281788,4976.0,0.32597456007497283,1310.4
2672751,long,close,1330.95,-49377.0,1328.9637987702065,641912.0,977.4576555641598,0.055446361862577946,0.009274766144483264,0.06472112800706122,38.028768303922305,80.0955703583313,186.26876827518907,117.39082174063412,-19.150821769367703,136.2687682751887,1.086138041841245,1611944598294.0,0.25029300251982367,1.0,0.25029300251982367,1.000395974709631,2067.0,0.3259755357753977,1311.6
2672752,long,close,1331.05,-49377.0,1328.9637987702065,592535.0,954.8006916790473,0.05823356479093846,0.009274069343751174,0.06750763413468963,38.03804237326606,80.12459864100921,186.33627590932375,117.44905530542506,-19.150821769367703,136.3362759093234,1.0861627365582769,1611944598789.0,1.0,1.0,1.0,1.000395964611919,495.0,0.3259756577379508,1312.8
2672786,long,close,1331.15,-49377.0,1328.9637987702065,543158.0,929.337997835895,0.061020348953134594,0.009273372647710625,0.07029372160084522,38.04731574591377,80.15482494129756,186.40656963092457,117.5100756543782,-19.150821769367703,136.40656963092425,1.086187998016574,1611944606096.0,0.2824014943601914,1.0,0.2824014943601914,1.0003959589790727,7307.0,0.3259798044647564,1314.0
2672788,long,close,1331.25,-49378.0,1328.9637987702065,493780.0,900.514753954787,0.06380800667906492,0.00927286384976526,0.07308087052883018,38.05658860976354,80.18624971562495,186.4796505014534,117.57388366105727,-19.150821769367703,136.47965050145308,1.0862147457905738,1611944606120.0,1.0,1.0,1.0,1.00039595780372,24.0,0.32598004838986255,1314.0
2672795,long,close,1331.4,-49378.0,1328.9637987702065,444402.0,867.6186019935451,0.0679868547411514,0.009271819137749736,0.07725867387890115,38.06586042890129,80.21947094539289,186.5569091753323,117.64187051579842,-19.150821769367703,136.55690917533198,1.0862428815044622,1611944608142.0,0.3236078011381026,1.0,0.3236078011381026,1.0003959633187103,2022.0,0.3259809021277343,1315.2
2672806,long,close,1331.55,-49378.0,1328.9637987702065,395024.0,829.7233524868615,0.07216476130316105,0.009270774661109234,0.08143553596427028,38.0751312035624,80.25448822585751,186.63834471129655,117.71403527710157,-19.150821769367703,136.63834471129624,1.0862724916694155,1611944610804.0,0.34834114316242676,1.0,0.34834114316242676,1.0003959755081682,2662.0,0.32598224371581846,1316.4
2672820,long,close,1331.8,-49378.0,1328.9637987702065,345646.0,785.5939932915385,0.07912584754817645,0.009269034389547981,0.08839488193772443,38.08440023795195,80.29249802509074,186.72673959323427,117.79316112464974,-19.150821769367703,136.72673959323396,1.0863046366238338,1611944613414.0,0.3768740546829924,1.0,0.3768740546829924,1.0003959988366986,2610.0,0.3259839511915619,1317.6
2672825,long,close,1332.05,-49378.0,1328.9637987702065,296268.0,733.5606262915975,0.08608432087091271,0.009267294771217297,0.09535161564213,38.09366753272317,80.33349921981686,186.8220912088764,117.87924544552065,-19.150821769367703,136.8220912088761,1.0863394708626124,1611944613544.0,0.4101261501039657,1.0,0.4101261501039657,1.0003960332742134,130.0,0.3259845610043275,1317.6
2672847,long,close,1332.9,-59253.0,1328.9637987702065,237015.0,657.3144591698264,0.13166699309682106,0.011113549403556154,0.14278054250037722,38.10478108212672,80.39489485309201,186.96487175137676,118.01091243861747,-19.150821769367703,136.96487175137648,1.0863914388984746,1611944616213.0,0.4494028174648371,1.0,0.4494028174648371,1.0003961438322948,2669.0,0.3259872441804958,1318.8
2672880,long,close,1333.7,-59253.0,1328.9637987702065,177762.0,560.2125953256889,0.15833217873929825,0.011106883107145535,0.16943906184644378,38.11588796523387,80.46775364968597,187.1343108132232,118.16924461735677,-19.150821769367703,137.13431081322292,1.0864530583306087,1611944619424.0,0.5067058467768658,1.0,0.5067058467768658,1.0003962969357698,3211.0,0.3259912689447483,1320.0
2672886,long,close,1333.75,-177762.0,1328.9637987702065,0.0,0.0,0.48000117293735023,0.03331996251171509,0.5133211354490653,38.14920792774558,80.68848173792908,187.64763194867228,118.64924579029412,-19.150821769367703,137.647631948672,1.0866399443919001,1611944621085.0,0.5799403176802843,1.0,0.5799403176802843,1.000397000422641,1661.0,0.3259920007200669,
2673000,long,entry,1332.1,115289.0,1332.1,115289.0,424.09330910460613,0.0,0.021636701448840178,0.021636701448840178,38.17084462919442,80.69778551955208,187.66926865012113,118.64924579029412,-19.150821769367703,137.66926865012084,1.0866459706850062,1611944649186.0,1.0,1.0,1.0,1.0003969158936505,28101.0,0.32600590445112093,1325.0
2673052,long,close,1333.05,-115289.0,1332.1,0.0,0.0,0.06167770564164753,0.02162128202242977,0.0832989876640773,38.19246591121685,80.73360408424763,187.7525676377852,118.71092349593576,-19.150821769367703,137.75256763778492,1.086675625521435,1611944658938.0,0.6811807930351781,1.0,0.6811807930351781,1.0003969299739057,9752.0,0.32601224650388244,
2673066,long,entry,1331.9,115336.0,1331.9,115336.0,424.02924951274434,0.0,0.021648772430362638,0.021648772430362638,38.21411468364721,80.7429130563927,187.77421641021556,118.71092349593576,-19.150821769367703,137.77421641021527,1.0866829549533967,1611944667189.0,1.0,1.0,1.0,1.0003968455166916,8251.0,0.3260139539796259,1325.0
2673528,long,close,1332.85,-115336.0,1331.9,0.0,0.0,0.06172137542511931,0.02163334208650636,0.08335471751162567,38.23574802573372,80.77875558492269,187.8575711277272,118.77264487136088,-19.150821769367703,137.8575711277269,1.086704440589783,1611944801333.0,0.6800624367052142,1.0,0.6800624367052142,1.000396859624203,134144.0,0.32607030067916065,
2673654,long,entry,1330.25,115258.0,1330.25,115258.0,423.50511036638574,0.0,0.021660965983837623,0.021660965983837623,38.25740899171756,80.78806980029574,187.87923209371104,118.77264487136088,-19.150821769367703,137.87923209371075,1.0867101292318655,1611944834547.0,1.0,1.0,1.0,1.0003967752388325,33214.0,0.326085667960852,1322.5
2674030,long,reentry,1322.5,213573.0,1325.216439447619,328831.0,765.5653938055873,0.0,0.04037296786389414,0.04037296786389414,38.29778195958146,80.80543017647723,187.91960506157494,118.77264487136088,-19.150821769367703,137.91960506157466,1.0867139132508066,1611945000194.0,0.6797571852498123,1.0,0.6797571852498123,1.000396720743955,165647.0,0.3261315258808197,1314.0
2674206,long,close,1326.15,-46975.0,1325.216439447619,281856.0,713.5126281392518,0.0249534050790866,0.008855521622742526,0.033808926701829126,38.3066374812042,80.819968014959,187.95341398827676,118.79759827643997,-19.150821769367703,137.95341398827648,1.086724641216062,1611945023799.0,0.41996030321204125,1.0,0.41996030321204125,1.0003966558045774,23605.0,0.3261529912901662,1315.2
2674297,long,close,1326.15,-46976.0,1325.216439447619,234880.0,651.4958592288357,0.02495393628515534,0.00885571013837047,0.03380964642352581,38.31549319134257,80.83450616292112,187.98722363470029,118.82255221272513,-19.150821769367703,137.9872236347,1.0867352778047994,1611945048761.0,0.46188572107601966,1.0,0.46188572107601966,1.0003965908955452,24962.0,0.32616408988249884,1315.2
2674303,long,close,1326.15,-46976.0,1325.216439447619,187904.0,576.3530654111041,0.02495393628515534,0.00885571013837047,0.03380964642352581,38.32434890148094,80.84904431088323,188.0210332811238,118.84750614901029,-19.150821769367703,138.02103328112352,1.0867471452154567,1611945054956.0,0.5088610182971461,1.0,0.5088610182971461,1.000396526015688,6195.0,0.32616482165781746,1316.4
2674305,long,close,1326.25,-187904.0,1325.216439447619,0.0,0.0,0.11049935397860727,0.035420169651272385,0.14591952362987964,38.35976907113221,80.91178970604409,188.1669528047537,118.9580055029889,-19.150821769367703,138.1669528047534,1.0868000674192522,1611945055407.0,0.5655248084044294,1.0,0.5655248084044294,1.000396639565321,451.0,0.3261650655829237,
2674308,long,entry,1326.6,115131.0,1326.6,115131.0,422.34295931089144,0.0,0.021696630483943918,0.021696630483943918,38.38146570161616,80.92111925715218,188.18864943523764,118.9580055029889,-19.150821769367703,138.18864943523735,1.0868078776431147,1611945056317.0,1.0,1.0,1.0,1.0003965553972363,910.0,0.326165431470583,1318.8
2674497,long,reentry,1318.8,213337.0,1321.5339704324317,328468.0,763.4489338219582,0.0,0.04044149984834699,0.04044149984834699,38.421907201464506,80.93850910208698,188.229090935086,118.9580055029889,-19.150821769367703,138.2290909350857,1.0868204706999116,1611945087850.0,0.6797399360675704,1.0,0.6797399360675704,1.0003965010691358,31533.0,0.3261884823931199,1310.4
2675650,long,close,1322.45,-46924.0,1321.5339704324317,281544.0,711.540646532271,0.02459500560823,0.00887065673560437,0.03346566234383437,38.43077785820011,80.95289933689483,188.26255659742984,118.98260050859713,-19.150821769367703,138.26255659742955,1.086825594896292,1611945194427.0,0.41768129833190326,1.0,0.41768129833190326,1.0003964356781696,106577.0,0.32632910521685066,1311.6
2675654,long,close,1322.45,-46924.0,1321.5339704324317,234620.0,649.6969331084211,0.02459500560823,0.00887065673560437,0.03346566234383437,38.43964851493571,80.96728957170268,188.29602225977368,119.00719551420536,-19.150821769367703,138.2960222597734,1.0868376940847408,1611945194920.0,0.461565912574899,1.0,0.461565912574899,1.000396370316846,493.0,0.32632959306706305,1311.6
2675657,long,close,1322.45,-46924.0,1321.5339704324317,187696.0,574.7634001252471,0.02459500560823,0.00887065673560437,0.03346566234383437,38.448519171671315,80.98167980651053,188.32948792211752,119.0317905198136,-19.150821769367703,138.32948792211724,1.086849804599024,1611945195210.0,1.0,1.0,1.0,1.0003963049851419,290.0,0.3263299589547224,1312.8
2675688,long,close,1322.45,-187696.0,1321.5339704324317,0.0,0.0,0.09838002243292,0.03548262694241748,0.13386264937533748,38.48400179861373,81.03924074574192,188.46335057149284,119.13017054224652,-19.150821769367703,138.46335057149258,1.0868979887628536,1611945199980.0,0.5650345087594618,1.0,0.5650345087594618,1.000396398902481,4770.0,0.32633373979386865,
2675813,long,entry,1321.95,114908.0,1321.95,114908.0,420.8621589838577,0.0,0.021730776504406368,0.021730776504406368,38.50573257511814,81.0485849796388,188.48508134799724,119.13017054224652,-19.150821769367703,138.48508134799698,1.0869043372611618,1611945223090.0,1.0,1.0,1.0,1.0003963149570239,23110.0,0.32634898511300686,1314.0
2675866,long,close,1322.85,-114908.0,1321.95,0.0,0.0,0.05913806963438736,0.021715991986997772,0.08085406162138513,38.52744856710513,81.08335222613601,188.56593540961865,119.1893086118809,-19.150821769367703,138.56593540961836,1.0869331441637948,1611945230180.0,0.6810442144874137,1.0,0.6810442144874137,1.000396324704031,7090.0,0.32635544912832143,
2675899,long,entry,1321.7,114949.0,1321.7,114949.0,420.78306168380976,0.0,0.021742642051902853,0.021742642051902853,38.54919120915704,81.09270156221832,188.58767805167054,119.1893086118809,-19.150821769367703,138.58767805167025,1.0869405646932888,1611945237005.0,1.0,1.0,1.0,1.0003962408308824,6825.0,0.3263594738925739,1314.0
2675913,long,close,1322.6,-114949.0,1321.7,0.0,0.0,0.0591815449771947,0.021727846665658555,0.08090939164285325,38.57091905582269,81.12749260062476,188.6685874433134,119.2484901568581,-19.150821769367703,138.6685874433131,1.0869695356785294,1611945241674.0,0.6815506401151777,1.0,0.6815506401151777,1.000396250612093,4669.0,0.3263611813683174,
2677790,long,entry,1319.65,114833.0,1319.65,114833.0,420.1299350995099,0.0,0.021754442465805327,0.021754442465805327,38.5926734982885,81.13684701088506,188.69034188577922,119.2484901568581,-19.150821769367703,138.6903418857789,1.0869361435227858,1611945868199.0,1.0,1.0,1.0,1.0003961668110195,626525.0,0.3265901050804965,1312.8
2678511,long,close,1320.55,-114833.0,1319.65,0.0,0.0,0.05930558697275884,0.021739616069062134,0.08104520304182097,38.61441311435756,81.17169644819305,188.77138708882103,119.30779574383085,-19.150821769367703,138.77138708882072,1.0869555228257366,1611946018843.0,0.6810794890503588,1.0,0.6810794890503588,1.000396176753461,150644.0,0.3266780400812856,
2705393,long,entry,1379.65,120120.0,1379.65,120120.0,439.23312694622547,0.0,0.021766390026455983,0.021766390026455983,38.63617950438402,81.18105599590442,188.79315347884747,119.30779574383085,-19.150821769367703,138.79315347884716,1.0861967334116447,1611957766189.0,1.0,1.0,1.0,1.000396093024513,11747346.0,0.3299566374338689,1372.5
2705431,long,close,1380.6,-120120.0,1379.65,0.0,0.0,0.05991038830980832,0.021751412429378534,0.08166180073918686,38.6579309168134,81.21617057022226,188.87481527958667,119.36770613214065,-19.150821769367703,138.87481527958636,1.0862258640049118,1611957767760.0,0.6813456711069171,1.0,0.6813456711069171,1.0003961038864682,1571.0,0.3299612720108869,
2705461,long,entry,1379.5,120172.0,1379.5,120172.0,439.1834891398403,0.0,0.021778180500181224,0.021778180500181224,38.67970909731358,81.22553518783734,188.89659346008685,119.36770613214065,-19.150821769367703,138.89659346008654,1.0862335138124775,1611957769986.0,1.0,1.0,1.0,1.000396020228902,2226.0,0.32996493088748,1371.25
2705573,long,reentry,1371.25,222678.0,1374.1416989937288,342850.0,793.8620969229547,0.0,0.040597629899726526,0.040597629899726526,38.720306727213305,81.24299216869423,188.93719108998658,119.36770613214065,-19.150821769367703,138.93719108998627,1.0862480383399862,1611957770018.0,0.679673615739878,1.0,0.679673615739878,1.0003959662930009,32.0,0.32997859069342783,1362.5
2705630,long,close,1375.1,-48978.0,1374.1416989937288,293872.0,739.8881367579955,0.024839176319546213,0.008904443313213585,0.0337436196327598,38.72921117052652,81.25750192513631,188.97093470961934,119.3925453084602,-19.150821769367703,138.97093470961903,1.0862601083393657,1611957770047.0,0.4202000460685402,1.0,0.4202000460685402,1.0003959015734765,29.0,0.32998554255895485,1363.75
2705637,long,close,1375.1,-48978.0,1374.1416989937288,244894.0,675.5832335359327,0.024839176319546213,0.008904443313213585,0.0337436196327598,38.73811561383973,81.2720116815784,189.0046783292521,119.41738448477975,-19.150821769367703,139.0046783292518,1.0862721715257235,1611957770150.0,0.4615666872190114,1.0,0.4615666872190114,1.0003958368829862,103.0,0.32998639629682663,1363.75
2705645,long,close,1375.1,-48978.0,1374.1416989937288,195916.0,597.6673722194995,0.024839176319546213,0.008904443313213585,0.0337436196327598,38.747020057152945,81.28652143802049,189.03842194888486,119.44222366109929,-19.150821769367703,139.03842194888455,1.0862842381289635,1611957770169.0,0.5081122475984327,1.0,0.5081122475984327,1.0003957722215073,19.0,0.3299873719972515,1365.0
2705650,long,close,1376.55,-195916.0,1374.1416989937288,0.0,0.0,0.24943486822839467,0.03558098143910501,0.28501584966749965,38.78260103859205,81.40907825337752,189.32343779855236,119.69165852932768,-19.150821769367703,139.32343779855205,1.086386088051592,1611957770179.0,1.0,1.0,1.0,1.0003961027760349,10.0,0.329987981810017,
2705655,long,entry,1376.65,120209.0,1376.65,120209.0,438.2772171277021,0.0,0.021829985835179602,0.021829985835179602,38.80443102442723,81.41846514728664,189.34526778438754,119.69165852932768,-19.150821769367703,139.34526778438723,1.0863938771790829,1611957770270.0,1.0,1.0,1.0,1.0003960192681751,91.0,0.3299885916227825,1368.75
2705664,long,close,1377.6,-120209.0,1376.65,0.0,0.0,0.06021627916207442,0.021814931765389085,0.0820312109274635,38.82624595619262,81.45373856798545,189.427298995315,119.75187480848976,-19.150821769367703,139.4272989953147,1.0864231496517271,1611957770449.0,0.6811369828099657,1.0,0.6811369828099657,1.0003960303312456,179.0,0.32998968928576045,
2705674,long,entry,1376.85,120292.0,1376.85,120292.0,438.3398365469944,0.0,0.021841885463194977,0.021841885463194977,38.84808784165582,81.46313057873462,189.4491408807782,119.75187480848976,-19.150821769367703,139.4491408807779,1.086430933694542,1611957770622.0,1.0,1.0,1.0,1.0003959468944346,173.0,0.3299909089112915,1368.75
2705683,long,close,1377.8,-120292.0,1376.85,0.0,0.0,0.06024035764272616,0.021826825373784296,0.08206718301651045,38.869914667029605,81.49841946743172,189.5312080637947,119.81211516613249,-19.150821769367703,139.5312080637944,1.0864602020504874,1611957770830.0,0.6814274962411466,1.0,0.6814274962411466,1.000395957958273,208.0,0.32999200657426947,
2705692,long,entry,1378.0,120459.0,1378.0,120459.0,438.70717843024124,0.0,0.021853955007256894,0.021853955007256894,38.891768622036864,81.50781666808484,189.55306201880197,119.81211516613249,-19.150821769367703,139.55306201880165,1.0864679538045987,1611957771505.0,1.0,1.0,1.0,1.0003958745926629,675.0,0.3299931042372474,1370.0
2705799,long,close,1378.95,-120459.0,1378.0,0.0,0.0,0.06022337940286321,0.02183889916240618,0.08206227856526939,38.91360752119927,81.5431034478679,189.63512429736724,119.87233854553534,-19.150821769367703,139.63512429736693,1.08649651367087,1611957782367.0,0.6805801605954048,1.0,0.6805801605954048,1.000395885593204,10862.0,0.3300061542304297,
2709894,long,entry,1374.7,120236.0,1374.7,120236.0,437.65553167967755,0.0,0.021865861642540188,0.021865861642540188,38.935473382841806,81.5525057683742,189.65699015900978,119.87233854553534,-19.150821769367703,139.65699015900947,1.0863856572752228,1611959612371.0,1.0,1.0,1.0,1.0003958022984512,1830004.0,0.33050559088539694,1367.5
2709921,long,close,1375.65,-120236.0,1374.7,0.0,0.0,0.06040073728176199,0.02185076145821975,0.08225149873998175,38.957324144300024,81.58787391283239,189.73924165774974,119.93273928281711,-19.150821769367703,139.73924165774946,1.0864149320184229,1611959612381.0,0.6814386347274611,1.0,0.6814386347274611,1.0003958135395634,10.0,0.33050888387433075,
2709927,long,entry,1374.4,120276.0,1374.4,120276.0,437.5606221029615,0.0,0.02187791036088475,0.02187791036088475,38.97920205466091,81.59728141428756,189.76111956811062,119.93273928281711,-19.150821769367703,139.76111956811033,1.0864226952163243,1611959612716.0,1.0,1.0,1.0,1.0003957303156776,335.0,0.33050961564964937,1366.25
2710059,long,close,1375.35,-120276.0,1374.4,0.0,0.0,0.06044720207317878,0.021862798560366454,0.08231000063354524,39.00106485322127,81.63267471456,189.84342956874417,119.99318648489029,-19.150821769367703,139.8434295687439,1.0864509128616084,1611959629128.0,0.6809270994983326,1.0,0.6809270994983326,1.00039574159232,16412.0,0.3305257147066593,
2718051,long,entry,1377.3,120596.0,1377.3,120596.0,438.4839603768953,0.0,0.021889929572351703,0.021889929572351703,39.022954782793626,81.64208738427611,189.86531949831652,119.99318648489029,-19.150821769367703,139.86531949831624,1.086206770214403,1611963527997.0,1.0,1.0,1.0,1.0003956584391265,3898869.0,0.3315004394310788,1370.0
2718256,long,close,1378.25,-120596.0,1377.3,0.0,0.0,0.06035315245778228,0.021874841284237258,0.08222799374201953,39.04482962407786,81.67744542158518,189.94754749205856,120.05353963734807,-19.150821769367703,139.94754749205825,1.0862330466169368,1611963572554.0,0.6809285352905983,1.0,0.6809285352905983,1.0003956695318255,44557.0,0.33152544175446547,
2718444,long,entry,1376.25,120570.0,1376.25,120570.0,438.14929708811366,0.0,0.02190190735694823,0.02190190735694823,39.06673153143481,81.68686324174867,189.9694493994155,120.05353963734807,-19.150821769367703,139.9694493994152,1.0862350297345589,1611963662214.0,1.0,1.0,1.0,1.0003955864492222,89660.0,0.3315483707144493,1368.75
2718613,long,close,1377.2,-120570.0,1376.25,0.0,0.0,0.060432216058964504,0.021886799302933486,0.082319015361898,39.088618330737745,81.72226041835428,190.0517684147774,120.11397185340704,-19.150821769367703,140.0517684147771,1.0862586356885597,1611963748409.0,0.6810792320208803,1.0,0.6810792320208803,1.0003955976282775,86195.0,0.33156898238592414,
2718714,long,entry,1375.55,120575.0,1375.55,120575.0,437.92695371965806,0.0,0.021913961688052052,0.021913961688052052,39.110532292425795,81.73168342188015,190.07368237646546,120.11397185340704,-19.150821769367703,140.07368237646514,1.0862628411729252,1611963803562.0,1.0,1.0,1.0,1.0003955146162353,55153.0,0.3315813006037878,1367.5
2718744,long,close,1376.5,-120575.0,1375.55,0.0,0.0,0.060496225510056276,0.021898837631674536,0.08239506314173081,39.13243113005747,81.7671132990311,190.1560774396072,120.17446807891709,-19.150821769367703,140.15607743960686,1.0862893537846114,1611963844790.0,0.6815771440997178,1.0,0.6815771440997178,1.0003955258580297,41228.0,0.33158495948038097,
2719909,long,entry,1373.6,120470.0,1373.6,120470.0,437.3057556405716,0.0,0.02192596097845079,0.02192596097845079,39.15435709103592,81.77654146225183,190.17800340058565,120.17446807891709,-19.150821769367703,140.1780034005853,1.0862478912051035,1611964608574.0,1.0,1.0,1.0,1.000395442916324,763784.0,0.33172704585474894,1366.25
2720029,long,close,1374.55,-120470.0,1373.6,0.0,0.0,0.06061522077634712,0.021910807173256705,0.08252602794960383,39.176267898209176,81.81202765427017,190.26052942853528,120.23508329969343,-19.150821769367703,140.2605294285349,1.0862745974418906,1611964647031.0,0.6809617307648854,1.0,0.6809617307648854,1.0003954543060627,38457.0,0.3317416813611216,
2720069,long,entry,1373.2,120501.0,1373.2,120501.0,437.178227354503,0.0,0.02193799155257792,0.02193799155257792,39.19820588976175,81.82146099063779,190.28246742008787,120.23508329969343,-19.150821769367703,140.2824674200875,1.0862814776475884,1611964660620.0,1.0,1.0,1.0,1.0003953714345686,13589.0,0.3317465598632458,1365.0
2720096,long,close,1374.15,-120501.0,1373.2,0.0,0.0,0.060666133900815204,0.02192282501910272,0.08258895891991792,39.220128714780856,81.85697424297334,190.36505637900777,120.29574943359424,-19.150821769367703,140.36505637900743,1.0863101687612706,1611964668361.0,0.6813453643685973,1.0,0.6813453643685973,1.0003953828660543,7741.0,0.33174985285217967,
2720116,long,entry,1373.05,120554.0,1373.05,120554.0,437.1303930372131,0.0,0.021950038236043846,0.021950038236043846,39.2420787530169,81.86641275941484,190.3870064172438,120.29574943359424,-19.150821769367703,140.38700641724347,1.086316267816354,1611964694065.0,1.0,1.0,1.0,1.0003953000646673,25704.0,0.3317522921032418,1365.0
2720179,long,close,1374.0,-120554.0,1373.05,0.0,0.0,0.06070607372413434,0.02193486171761281,0.08264093544174715,39.26401361473451,81.90194836165479,190.46964735268557,120.35645550731837,-19.150821769367703,140.46964735268523,1.0863424992489787,1611964739990.0,0.6813918418096115,1.0,0.6813918418096115,1.0003953115207351,45925.0,0.33175997574408744,
2720196,long,entry,1372.85,120603.0,1372.85,120603.0,437.0675563147263,0.0,0.02196215901227374,0.02196215901227374,39.285975773746785,81.91139209003008,190.49160951169785,120.35645550731837,-19.150821769367703,140.4916095116975,1.086349618204926,1611964749866.0,1.0,1.0,1.0,1.000395228789448,9876.0,0.33176204910749024,1365.0
2720662,long,close,1373.8,-120603.0,1372.85,0.0,0.0,0.06074843808897808,0.021946971902751494,0.08269540999172957,39.307922745649535,81.94695111632652,190.5743049216896,120.41720394540735,-19.150821769367703,140.57430492168925,1.0863669071659048,1611964934477.0,0.680120352534324,1.0,0.680120352534324,1.000395240273859,184611.0,0.33181888365723744,
2724322,long,entry,1368.05,120247.0,1368.05,120247.0,435.53849756879066,0.0,0.021974160301158584,0.021974160301158584,39.32989690595069,81.95640000525603,190.59627908199076,120.41720394540735,-19.150821769367703,140.59627908199042,1.0861941681374117,1611967739004.0,1.0,1.0,1.0,1.0003951576123626,2804527.0,0.3322652666016037,1360.0
2724337,long,close,1369.0,-120247.0,1368.05,0.0,0.0,0.06099474736625296,0.021958911614317022,0.08295365898056999,39.35185581756501,81.99207007861767,190.67923274097134,120.4781986927736,-19.150821769367703,140.67923274097097,1.0862230530417296,1611967743969.0,0.681565711885366,1.0,0.681565711885366,1.000395169440549,4965.0,0.3322670960399003,
2724931,long,entry,1366.85,120208.0,1366.85,120208.0,435.1572780955689,0.0,0.021986318908439113,0.021986318908439113,39.37384213647345,82.0015241957483,190.70121905987978,120.4781986927736,-19.150821769367703,140.7012190598794,1.0862003317616151,1611968218202.0,1.0,1.0,1.0,1.0003950868488345,474233.0,0.332339541796445,1358.75
2724967,long,close,1367.8,-120208.0,1366.85,0.0,0.0,0.0610820382015442,0.021971048398888728,0.08305308660043292,39.39581318487234,82.03723702298647,190.7842721464802,120.53928073097515,-19.150821769367703,140.78427214647985,1.0862289298520562,1611968227775.0,0.6813901902946486,1.0,0.6813901902946486,1.0003950987740624,9573.0,0.3323439324483568,
2725004,long,entry,1366.65,120256.0,1366.65,120256.0,435.0920573569004,0.0,0.021998317052646984,0.021998317052646984,39.41781150192499,82.04669629931911,190.80627046353283,120.53928073097515,-19.150821769367703,140.80627046353248,1.0862352812882514,1611968249324.0,1.0,1.0,1.0,1.00039501625173,21549.0,0.3323484450628217,1358.75
2725017,long,close,1367.6,-120256.0,1366.65,0.0,0.0,0.06112430886227896,0.021983035975431414,0.08310734483771037,39.43979453790042,82.08243245759932,190.88937780837054,120.60040503983743,-19.150821769367703,140.8893778083702,1.0862639113275199,1611968258447.0,0.6816360755446528,1.0,0.6816360755446528,1.0003950282038818,9123.0,0.3323500305760121,
2725059,long,entry,1366.5,120309.0,1366.5,120309.0,435.0441919982037,0.0,0.02201042810098793,0.02201042810098793,39.46180496600141,82.09189694168276,190.91138823647154,120.60040503983743,-19.150821769367703,140.9113882364712,1.0862700414983877,1611968283432.0,1.0,1.0,1.0,1.0003949457509842,24985.0,0.3323551530032425,1358.75
2725095,long,close,1367.45,-120309.0,1366.5,0.0,0.0,0.061164669116789805,0.02199513693370873,0.08315980605049854,39.48380010293512,82.12765565828447,190.994548042522,120.66156970895422,-19.150821769367703,140.9945480425217,1.0862978007800117,1611968306138.0,0.6816128571441717,1.0,0.6816128571441717,1.0003949577271674,22706.0,0.3323595436551543,
2726135,long,entry,1364.7,120217.0,1364.7,120217.0,434.47183087489395,0.0,0.02202260570088664,0.02202260570088664,39.50582270863601,82.13712537873585,191.0165706482229,120.66156970895422,-19.150821769367703,141.0165706482226,1.0862403938225809,1611969320263.0,1.0,1.0,1.0,1.0003948753436862,1014125.0,0.33248638471038405,1357.5
2726370,long,close,1365.65,-120217.0,1364.7,0.0,0.0,0.06127917230870823,0.022007285907809468,0.0832864582165177,39.52782999454382,82.17293855576895,191.09985710643943,120.72284888126292,-19.150821769367703,141.09985710643912,1.08626799811862,1611969345500.0,0.6806880308125572,1.0,0.6806880308125572,1.0003948874581556,25237.0,0.33251504591036385,
2726403,long,entry,1363.9,120213.0,1363.9,120213.0,434.2177046862521,0.0,0.022034789940611484,0.022034789940611484,39.549864784484434,82.18241351544341,191.12189189638005,120.72284888126292,-19.150821769367703,141.12189189637974,1.0862745806299707,1611969363366.0,1.0,1.0,1.0,1.0003948051439335,17866.0,0.33251907067461633,1356.25
2726614,long,reentry,1356.25,222754.0,1358.931393399365,342967.0,784.9926060458479,0.0,0.04106064516129033,0.04106064516129033,39.59092542964572,82.20006959286277,191.16295254154133,120.72284888126292,-19.150821769367703,141.16295254154102,1.0862877357171765,1611969382774.0,0.6798276768277156,1.0,0.6798276768277156,1.0003947521771193,19408.0,0.3325448047733216,1347.5
2726728,long,close,1359.9,-48995.0,1358.931393399365,293972.0,731.6136314069026,0.025679979981577155,0.009007096110008089,0.034687076091585244,39.59993252575573,82.21498503558215,191.19763961763292,120.7485288612445,-19.150821769367703,141.1976396176326,1.08629838397163,1611969406367.0,0.42118226954295246,1.0,0.42118226954295246,1.000394689416898,23593.0,0.33255870850437563,1348.75
2726762,long,close,1359.9,-48995.0,1358.931393399365,244977.0,668.01899409267,0.025679979981577155,0.009007096110008089,0.034687076091585244,39.608939621865744,82.22990047830153,191.2323266937245,120.77420884122607,-19.150821769367703,141.2323266937242,1.0863097950021798,1611969418047.0,0.4616529570221467,1.0,0.4616529570221467,1.0003946266839143,11680.0,0.33256285523118123,1348.75
2726993,long,close,1359.9,-48995.0,1358.931393399365,195982.0,590.9657701710241,0.025679979981577155,0.009007096110008089,0.034687076091585244,39.617946717975755,82.24481592102092,191.2670137698161,120.79988882120765,-19.150821769367703,141.26701376981578,1.086317117625536,1611969493333.0,0.5069970523301328,1.0,0.5069970523301328,1.0003945639781475,75286.0,0.33259102858094863,1350.0
2727023,long,close,1359.9,-195982.0,1358.931393399365,0.0,0.0,0.10272096819572311,0.03602875211412604,0.13874972030984917,39.65397547008988,82.30447830075416,191.40576349012593,120.90260978940337,-19.150821769367703,141.40576349012562,1.0863652763984204,1611969500408.0,0.5651145999182986,1.0,0.5651145999182986,1.0003946612166945,7075.0,0.3325946874575418,
2727035,long,entry,1360.7,120123.0,1360.7,120123.0,433.19909606411437,0.0,0.022070074226501063,0.022070074226501063,39.67604554431638,82.31396843267154,191.42783356435243,120.90260978940337,-19.150821769367703,141.4278335643521,1.0863724634358183,1611969508848.0,1.0,1.0,1.0,1.0003945791141242,8440.0,0.3325961510081791,1352.5
2727104,long,close,1361.65,-120123.0,1360.7,0.0,0.0,0.061591658694017865,0.02205467631182756,0.08364633500584542,39.698100220628206,82.34993635672406,191.51147989935828,120.96420144809738,-19.150821769367703,141.51147989935797,1.0863980672820865,1611969566137.0,0.6813072198454245,1.0,0.6813072198454245,1.0003945915642238,57289.0,0.33260456642434333,
2727176,long,entry,1361.3,120242.0,1361.3,120242.0,433.3892616446525,0.0,0.022082200837434805,0.022082200837434805,39.72018242146564,82.35943170308416,191.53356210019572,120.96420144809738,-19.150821769367703,141.5335621001954,1.0864029784961047,1611969609965.0,1.0,1.0,1.0,1.0003945095302433,43828.0,0.3326133477281669,1353.75
2727500,long,close,1362.25,-120242.0,1361.3,0.0,0.0,0.061598357997619924,0.022066801247935402,0.08366515924555533,39.742249222713575,82.39540772155975,191.61722725944128,121.02579980609501,-19.150821769367703,141.61722725944097,1.0864223913041435,1611969763334.0,0.6810852042792946,1.0,0.6810852042792946,1.0003945219515005,153369.0,0.3326528635953731,
2729400,long,entry,1358.85,120092.0,1358.85,120092.0,432.6095940754528,0.0,0.022094418074106784,0.022094418074106784,39.76434364078768,82.40490832133162,191.6393216775154,121.02579980609501,-19.150821769367703,141.63932167751508,1.0863323268079228,1611971285629.0,1.0,1.0,1.0,1.0003944399861509,1522295.0,0.33288459244627366,1351.25
2730091,long,reentry,1351.25,222530.0,1353.9138663016386,342622.0,782.0904455604986,0.0,0.04117113783533766,0.04117113783533766,39.805514778623014,82.4226119106008,191.68049281535073,121.02579980609501,-19.150821769367703,141.68049281535042,1.0863335660158875,1611971490448.0,0.6798330416848336,1.0,0.6798330416848336,1.0003943872808931,204819.0,0.3329688685704696,1342.5
2730285,long,close,1354.85,-48946.0,1353.9138663016386,293676.0,728.9095648670724,0.02497887260352914,0.00903162711739307,0.03401049972092221,39.81454640574041,82.4372364254808,191.71450331507165,121.05077867869853,-19.150821769367703,141.71450331507134,1.0863435997998192,1611971519170.0,0.42067374402926033,1.0,0.42067374402926033,1.0003943236324575,28722.0,0.33299252930577206,1343.75
2730463,long,close,1354.85,-48946.0,1353.9138663016386,244730.0,665.5506550905789,0.02497887260352914,0.00903162711739307,0.03401049972092221,39.8235780328578,82.4518609403608,191.74851381479257,121.07575755130206,-19.150821769367703,141.74851381479226,1.0863531950458007,1611971554688.0,0.4620196583754725,1.0,0.4620196583754725,1.0003942600121238,35518.0,0.33301423864022484,1343.75
2731529,long,reentry,1343.75,453484.0,1347.3125223785257,698214.0,1002.3457068540915,0.0,0.08436911627906978,0.08436911627906978,39.907947149136874,82.48813966036082,191.83288293107165,121.07575755130206,-19.150821769367703,141.83288293107134,1.086359094354591,1611971921616.0,0.5046880590231608,1.0,0.5046880590231608,1.0003942734210198,366928.0,0.33314425072183534,1330.0
2731919,long,close,1348.25,-46547.0,1347.3125223785257,651667.0,982.9751367366251,0.02402225815227582,0.008631003152234378,0.0326532613045102,39.916578152289105,82.50218056272175,191.86553619237617,121.09977980945433,-19.150821769367703,141.86553619237586,1.0863619956067243,1611972053927.0,0.2519808157805287,1.0,0.2519808157805287,1.0003942077465526,132311.0,0.33319181611754656,1330.0
2731960,long,close,1348.25,-46547.0,1347.3125223785257,605120.0,961.5345431388176,0.02402225815227582,0.008631003152234378,0.0326532613045102,39.92520915544134,82.5162214650827,191.8981894536807,121.1238020676066,-19.150821769367703,141.89818945368037,1.086372658666087,1611972065219.0,0.27068175045509335,1.0,0.27068175045509335,1.0003941421020852,11292.0,0.3331968165822239,1331.25
2731979,long,close,1349.55,-50426.0,1347.3125223785257,554694.0,935.5059402216583,0.06205201574291205,0.00934126190211552,0.07139327764502758,39.93455041734345,82.54692057447005,191.96958273132572,121.18585408334951,-19.150821769367703,141.9695827313254,1.0863972955424392,1611972069184.0,0.28698636080322,1.0,0.28698636080322,1.0003941356272519,3965.0,0.33319913387073286,1332.5
2731980,long,close,1349.65,-50426.0,1347.3125223785257,504268.0,906.0687857446042,0.06482051480626086,0.009340569777349683,0.07416108458361054,39.9438909871208,82.578809840841,192.04374381590932,121.25067459815577,-19.150821769367703,142.043743815909,1.0864231395436659,1611972069232.0,1.0,1.0,1.0,1.0003941333377036,48.0,0.33319925583328597,1332.5
2731984,long,close,1349.8,-50426.0,1347.3125223785257,453842.0,872.5058523511425,0.06897249425981071,0.009339531782486296,0.078312026042297,39.95323051890329,82.61248401203919,192.1220558419516,121.31964709241558,-19.150821769367703,142.1220558419513,1.086450383803179,1611972069845.0,0.3286638863819478,1.0,0.3286638863819478,1.0003941373332537,613.0,0.3331997436834984,1333.75
2731990,long,close,1350.15,-56730.0,1347.3125223785257,397112.0,828.6360725539599,0.08849013579511034,0.010504388401288745,0.09899452419639908,39.96373490730458,82.65505165744364,192.221050366148,121.40813722821069,-19.150821769367703,142.2210503661477,1.0864848423870834,1611972070091.0,0.3536514909614472,1.0,0.3536514909614472,1.000394172780797,246.0,0.33320047545881704,1335.0
2732014,long,close,1350.45,-56730.0,1347.3125223785257,340382.0,776.5578615106687,0.09782425855533353,0.010502054870598689,0.10832631342593221,39.974236962175176,82.70163197221679,192.32937667957393,121.50596148676603,-19.150821769367703,142.3293766795736,1.0865221681289283,1611972075992.0,0.3859908320892446,1.0,0.3859908320892446,1.0003942223312994,5901.0,0.33320340256009157,1336.25
2732023,long,close,1350.8,-56730.0,1347.3125223785257,283652.0,713.7369178862748,0.10870882830573128,0.01049933372816109,0.11920816203389237,39.98473629590334,82.75289148189135,192.4485848416078,121.61467031507176,-19.150821769367703,142.4485848416075,1.086563529623552,1611972077671.0,0.42498492298358487,1.0,0.42498492298358487,1.0003942883052093,1679.0,0.3332045002230695,1336.25
2732046,long,close,1351.3,-56730.0,1347.3125223785257,226922.0,636.4732225739358,0.12424843272837265,0.010495448827055429,0.13474388155542807,39.9952317447304,82.81083135096019,192.58332872316322,121.73891874780014,-19.150821769367703,142.58332872316294,1.0866101954263765,1611972080454.0,0.4716191013575105,1.0,0.4716191013575105,1.0003943777263147,2783.0,0.33320730536179094,1337.5
2732696,long,close,1348.25,-45384.0,1347.3125223785257,181538.0,560.7452562130597,0.02342205005656403,0.008415353235675877,0.031837403292239906,40.00364709796607,82.82452143437584,192.61516612645545,121.76234079785671,-19.150821769367703,142.61516612645516,1.0865948037792867,1611972491672.0,0.5258868318567278,1.0,0.5258868318567278,1.0003943107615674,411218.0,0.33328658102130954,1338.75
2732697,long,close,1348.3,-181538.0,1347.3125223785257,0.0,0.0,0.09868245108767877,0.03366053548913447,0.13234298657681323,40.03730763345521,82.88142891860387,192.74750911303227,121.86102324894439,-19.150821769367703,142.74750911303198,1.0866407604766064,1611972491699.0,1.0,1.0,1.0,1.0003943963055162,27.0,0.33328670298386265,
2732833,long,entry,1347.25,119769.0,1347.25,119769.0,428.916190950039,0.0,0.022224717016143997,0.022224717016143997,40.05953235047135,82.89098554692082,192.7697338300484,121.86102324894439,-19.150821769367703,142.76973383004812,1.0866435456022496,1611972568306.0,1.0,1.0,1.0,1.000394314759968,76607.0,0.333303289891085,1340.0
2732970,long,close,1348.2,-119769.0,1347.25,0.0,0.0,0.06264198535925294,0.022209056519804184,0.08485104187905712,40.081741406991156,82.92747149492881,192.85458487192747,121.92366523430364,-19.150821769367703,142.8545848719272,1.0866676690925112,1611972650987.0,0.6810201978581497,1.0,0.6810201978581497,1.0003943281513388,82681.0,0.33331999876086044,
2733009,long,entry,1346.75,119791.0,1346.75,119791.0,428.75685982787576,0.0,0.0222370521626137,0.0222370521626137,40.10397845915377,82.93703342735873,192.87682192409008,121.92366523430364,-19.150821769367703,142.8768219240898,1.0866749628315702,1611972657521.0,1.0,1.0,1.0,1.000394246673296,6534.0,0.3333247553004316,1338.75
2733016,long,close,1347.7,-119791.0,1346.75,0.0,0.0,0.06270000609774791,0.02222137716108926,0.08492138325883716,40.12619983631486,82.97354962216004,192.9617433073489,121.98636524040138,-19.150821769367703,142.96174330734863,1.0867038170434982,1611972666813.0,0.6817186104759292,1.0,0.6817186104759292,1.0003942601118363,9292.0,0.3333256090383033,
2733135,long,entry,1346.45,119831.0,1346.45,119831.0,428.66169152680544,0.0,0.02224943369601545,0.02224943369601545,40.14844927001088,82.98311687864931,192.98399274104491,121.98636524040138,-19.150821769367703,142.98399274104463,1.086705598902144,1611972758945.0,1.0,1.0,1.0,1.0003941787012427,92132.0,0.33334012258212287,1338.75
2733379,long,reentry,1338.75,222046.0,1341.4489200794437,341877.0,774.9172443976064,0.0,0.041465172735760975,0.041465172735760975,40.18991444274664,83.00094690292569,193.02545791378068,121.98636524040138,-19.150821769367703,143.0254579137804,1.0867117555450818,1611972886555.0,0.6797925662756364,1.0,0.6797925662756364,1.0003941263875047,127610.0,0.3333698814450806,1330.0
2734091,long,close,1342.4,-48839.0,1341.4489200794437,293038.0,722.2258779835672,0.025794534343035146,0.009095463349225268,0.034889997692260415,40.19900990609587,83.01594960193337,193.06034791147295,122.01215977474442,-19.150821769367703,143.06034791147266,1.0867022009016747,1611973222771.0,0.4191025154440732,1.0,0.4191025154440732,1.0003940641548446,336216.0,0.3334567187828918,1331.25
2734183,long,close,1345.45,-58607.0,1341.4489200794437,234431.0,645.2491534310568,0.1299226931078447,0.010889850979226281,0.140812544087071,40.20989975707509,83.07649899589082,193.20116045556003,122.14208246785226,-19.150821769367703,143.20116045555974,1.086747977224937,1611973269184.0,0.4622494486552494,1.0,0.4622494486552494,1.0003941618954546,46413.0,0.33346793933777746,1331.25
2734196,long,close,1346.2,-58607.0,1341.4489200794437,175824.0,547.8773944299058,0.15419067181656565,0.010883783984549101,0.16507445580111474,40.22078354105964,83.14748101188529,193.36623491136115,122.29627313966883,-19.150821769367703,143.36623491136086,1.0868048774449992,1611973272642.0,0.5204747670696664,1.0,0.5204747670696664,1.0003942960108172,3458.0,0.33346952485096787,1332.5
2734199,long,close,1346.25,-175824.0,1341.4489200794437,0.0,0.0,0.4674307025191804,0.032650696378830085,0.5000813988980105,40.25343423743847,83.36251601341144,193.86631631025915,122.76370384218801,-19.150821769367703,143.86631631025887,1.0869775838520925,1611973273641.0,0.5930193177611753,1.0,0.5930193177611753,1.0003949339754872,999.0,0.33346989073862715,
2734453,long,entry,1342.05,120000.0,1342.05,120000.0,427.26255261201663,0.0,0.022353861629596513,0.022353861629596513,40.275788099068066,83.37212817391216,193.88867017188875,122.76370384218801,-19.150821769367703,143.88867017188846,1.0869763187592267,1611973412679.0,1.0,1.0,1.0,1.0003948525110231,139038.0,0.33350086922711597,1335.0
2734689,long,reentry,1335.0,222360.0,1337.471083070452,342360.0,772.5196243235323,0.0,0.04164044943820225,0.04164044943820225,40.31742854850627,83.39003356717059,193.93031062132695,122.76370384218801,-19.150821769367703,143.93031062132667,1.0869833349948386,1611973526472.0,0.6799411568882605,1.0,0.6799411568882605,1.0003948000637373,113793.0,0.3335296523896489,1326.25
2735116,long,close,1338.4,-48908.0,1337.471083070452,293452.0,719.9841007089972,0.025379698144825002,0.009135534967124924,0.03451523311194993,40.32656408347339,83.40487511740874,193.9648258544389,122.78908354033284,-19.150821769367703,143.96482585443863,1.0869881205949383,1611973636698.0,0.4193764567278976,1.0,0.4193764567278976,1.0003947369353383,110226.0,0.33358173039982497,1327.5
2735198,long,close,1338.4,-48908.0,1337.471083070452,244544.0,657.3953637609972,0.025379698144825002,0.009135534967124924,0.03451523311194993,40.335699618440515,83.41971666764688,193.99934108755087,122.81446323847767,-19.150821769367703,143.9993410875506,1.086998114496444,1611973666217.0,0.4614323965224242,1.0,0.4614323965224242,1.0003946738344693,29519.0,0.33359173132917963,1327.5
2735209,long,close,1338.4,-48908.0,1337.471083070452,195636.0,581.5624199307041,0.025379698144825002,0.009135534967124924,0.03451523311194993,40.34483515340764,83.43455821788501,194.03385632066284,122.8398429366225,-19.150821769367703,144.03385632066255,1.0870095028825302,1611973674105.0,0.5087465522634904,1.0,0.5087465522634904,1.0003946107611097,7888.0,0.33359307291726376,1328.75
2735212,long,close,1339.0,-195636.0,1337.471083070452,0.0,0.0,0.16701969492812271,0.036526512322628824,0.20354620725075154,40.38136166573027,83.52208308700284,194.2374025279136,123.00686263155063,-19.150821769367703,144.2374025279133,1.0870795818576613,1611973674801.0,0.5656578513531468,1.0,0.5656578513531468,1.0003948010460229,696.0,0.3335934388049231,
2735240,long,entry,1339.25,119978.0,1339.25,119978.0,426.3690364414547,0.0,0.022396490573081948,0.022396490573081948,40.40375815630335,83.53171357794926,194.25979901848666,123.00686263155063,-19.150821769367703,144.25979901848638,1.087086301773629,1611973690143.0,1.0,1.0,1.0,1.000394719762115,15342.0,0.33359685375641007,1331.25
2735361,long,close,1340.2,-119978.0,1339.25,0.0,0.0,0.06350295790010967,0.022380614833606923,0.08588357273371659,40.426138771136955,83.56864351422476,194.34568259122037,123.07036558945074,-19.150821769367703,144.34568259122008,1.0871099568071005,1611973781525.0,0.6810047610044481,1.0,0.6810047610044481,1.0003947335370826,91382.0,0.33361161122533584,
2735623,long,entry,1338.35,119965.0,1338.35,119965.0,426.0844419040717,0.0,0.022409123174057608,0.022409123174057608,40.44854789431101,83.57827943718961,194.36809171439444,123.07036558945074,-19.150821769367703,144.36809171439415,1.0871093906692504,1611973909553.0,1.0,1.0,1.0,1.000394652320264,128028.0,0.33364356541424944,1331.25
2736102,long,reentry,1331.25,222295.0,1333.7386095366096,342260.0,770.3748201954066,0.0,0.04174553990610329,0.04174553990610329,40.490293434217115,83.59623001934924,194.40983725430056,123.07036558945074,-19.150821769367703,144.40983725430027,1.0871076622402207,1611974158446.0,0.6799245478485039,1.0,0.6799245478485039,1.00039460005623,248893.0,0.33370198547718705,1322.5
2736736,long,close,1334.65,-48894.0,1333.7386095366096,293366.0,717.9864421401973,0.025033520757383066,0.009158580901359906,0.03419210165874297,40.49945201511847,83.6109326230625,194.4440293559593,123.09539911020813,-19.150821769367703,144.444029355959,1.0871071802413725,1611974347828.0,0.41891395798951037,1.0,0.41891395798951037,1.0003945365222287,189382.0,0.33377930973585596,1323.75
2736807,long,close,1337.7,-58673.0,1333.7386095366096,234693.0,641.452735993878,0.13027362434365433,0.01096527622037826,0.1412389005640326,40.51041729133885,83.67166535030503,194.58526825652334,123.2256727345518,-19.150821769367703,144.58526825652302,1.087154768962904,1611974362604.0,0.4621018563528639,1.0,0.4621018563528639,1.000394632858323,14776.0,0.33378796907712643,1323.75
2736980,long,close,1334.65,-46938.0,1333.7386095366096,187755.0,566.1700665874763,0.024032057048105012,0.008792192709699172,0.03282424975780418,40.519209484048545,83.6857797777009,194.61809250628116,123.2497047915999,-19.150821769367703,144.61809250628082,1.087162065290044,1611974424159.0,0.5185011740024936,1.0,0.5185011740024936,1.0003945672646763,61555.0,0.3338090685988137,1325.0
2736981,long,close,1334.9,-187755.0,1333.7386095366096,0.0,0.0,0.1224758071671055,0.03516274627312908,0.15763855344023459,40.554372230321675,83.7535643556802,194.77573105972138,123.372180598767,-19.150821769367703,144.77573105972104,1.0872161392369992,1611974425025.0,1.0,1.0,1.0,1.0003946877915866,866.0,0.3338091905613668,
2737794,long,entry,1332.3,119687.0,1332.3,119687.0,424.1584334600612,0.0,0.022458718006455006,0.022458718006455006,40.57683094832813,83.76322160442297,194.79818977772783,123.372180598767,-19.150821769367703,144.7981897777275,1.0871879600954701,1611974979830.0,1.0,1.0,1.0,1.000394606729424,554805.0,0.3339083461170416,1325.0
2738215,long,close,1333.25,-119687.0,1332.3,0.0,0.0,0.0640113470275874,0.022442715169698108,0.0864540621972855,40.599273663497826,83.80039685116779,194.8846438399251,123.43619194579459,-19.150821769367703,144.88464383992476,1.0872049854094414,1611975175091.0,0.6800132522650514,1.0,0.6800132522650514,1.0003946210001722,195261.0,0.33395969235189904,
2743643,long,entry,1330.0,119547.0,1330.0,119547.0,423.42572933156083,0.0,0.02247124060150376,0.02247124060150376,40.62174490409933,83.81005948462644,194.9071150805266,123.43619194579459,-19.150821769367703,144.90711508052627,1.0869273340703427,1611979602147.0,1.0,1.0,1.0,1.0003945400043337,4427056.0,0.33462170509015593,1322.5
2743778,long,close,1330.95,-119547.0,1330.0,0.0,0.0,0.06415771763456102,0.02245520117209512,0.08661291880665614,40.64420010527142,83.84730303971331,194.9937279993333,123.50034966342915,-19.150821769367703,144.99372799933292,1.0869540449629684,1611979646895.0,0.6812273361954672,1.0,0.6812273361954672,1.0003945544504909,44748.0,0.3346381700348252,
2743874,long,entry,1329.4,119560.0,1329.4,119560.0,423.23482319891264,0.0,0.022483827290506995,0.022483827290506995,40.66668393256193,83.85697108544822,195.0162118266238,123.50034966342915,-19.150821769367703,145.01621182662342,1.0869555219138114,1611979743387.0,1.0,1.0,1.0,1.0003944735208954,96492.0,0.33464987843992333,1322.4
2743936,long,close,1330.35,-119560.0,1329.4,0.0,0.0,0.06422260585854571,0.022467771639042358,0.08669037749758807,40.689151704200974,83.89424794777219,195.10290220412136,123.5645722692877,-19.150821769367703,145.102902204121,1.0869820374023373,1611979791284.0,0.6813710583460719,1.0,0.6813710583460719,1.0003944880209847,47897.0,0.33465744011821585,
2748204,long,entry,1328.65,119559.0,1328.65,119559.0,422.99494940755943,0.0,0.022496330862153312,0.022496330862153312,40.71164803506313,83.90392137004291,195.1253985349835,123.5645722692877,-19.150821769367703,145.12539853498313,1.0867728731519792,1611983172802.0,1.0,1.0,1.0,1.0003944071573818,3381518.0,0.33517797629487034,1321.2
2748332,long,close,1329.6,-119559.0,1328.65,0.0,0.0,0.06429456774681826,0.02248025722021661,0.08677482496703487,40.734128292283344,83.94123454477874,195.21217335995055,123.62886683703451,-19.150821769367703,145.21217335995016,1.0867963852057407,1611983266854.0,0.6813117234931368,1.0,0.6813117234931368,1.0003944217215681,94052.0,0.33519358750166783,
2786471,long,entry,1352.9,121809.0,1352.9,121809.0,430.7144887971128,0.0,0.022508869835168897,0.022508869835168897,40.756637162118516,83.95091335880787,195.23468222978573,123.62886683703451,-19.150821769367703,145.23468222978534,1.0844820075070474,1612020553810.0,1.0,1.0,1.0,1.0003943409238798,37286956.0,0.3398451173145602,1345.0
2786795,long,close,1353.85,-121809.0,1352.9,0.0,0.0,0.0631781256222085,0.022493075303763346,0.08567120092597184,40.77913023742228,83.98775197520604,195.32035343071172,123.69204496265672,-19.150821769367703,145.3203534307113,1.0845065264886034,1612020616630.0,0.6805854953486501,1.0,0.6805854953486501,1.0003943537912037,62820.0,0.3398846331817664,
2812734,long,entry,1367.35,123179.0,1367.35,123179.0,435.3167087992987,0.0,0.0225214831608586,0.0225214831608586,40.80165172058314,83.99743621296521,195.34287491387258,123.69204496265672,-19.150821769367703,145.34287491387215,1.0827725192717697,1612049942769.0,1.0,1.0,1.0,1.000394273060122,29326139.0,0.34304821984677114,1360.0
2813409,long,close,1368.3,-123179.0,1367.35,0.0,0.0,0.06254595922769199,0.022505846671051672,0.08505180589874366,40.82415756725419,84.03400848950166,195.4279267197713,123.75459092188441,-19.150821769367703,145.4279267197709,1.0827768996278797,1612050340368.0,0.6804194040309081,1.0,0.6804194040309081,1.000394284952438,397599.0,0.3431305445701174,
2813509,long,entry,1365.15,123048.0,1365.15,123048.0,434.61498236919357,0.0,0.022533787495879573,0.022533787495879573,40.84669135475007,84.04369801812489,195.4504605072672,123.75459092188441,-19.150821769367703,145.4504605072668,1.0827803198285326,1612050406805.0,1.0,1.0,1.0,1.0003942042877951,66437.0,0.34314274082542795,1357.5
2813549,long,close,1366.1,-123048.0,1365.15,0.0,0.0,0.06268091097600438,0.02251811726813557,0.08519902824413995,40.869209472018206,84.08033360026988,195.53565953551134,123.81727183286041,-19.150821769367703,145.53565953551094,1.0828063503761287,1612050432583.0,0.6814490545906889,1.0,0.6814490545906889,1.0003942163415405,25778.0,0.34314761932755217,
2817974,long,entry,1360.25,122674.0,1360.25,122674.0,433.0551764188304,0.0,0.022546223120749862,0.022546223120749862,40.891755695138954,84.0900284762118,195.55820575863208,123.81727183286041,-19.150821769367703,145.5582057586317,1.082410377045289,1612057398869.0,1.0,1.0,1.0,1.0003941357433606,6966286.0,0.3436873036250442,1352.5
2818228,long,close,1361.2,-122674.0,1360.25,0.0,0.0,0.06294126348725258,0.02253048780487805,0.08547175129213064,40.91428618294383,84.12678132926742,195.64367750992423,123.88021309634766,-19.150821769367703,145.6436775099238,1.0824341224108467,1612057463399.0,0.6807319548666836,1.0,0.6807319548666836,1.0003941481433802,64530.0,0.343718282113533,
2820408,long,entry,1355.9,122349.0,1355.9,122349.0,431.669690974854,0.0,0.022558632642525257,0.022558632642525257,40.93684481558636,84.13648154130371,195.66623614256676,123.88021309634766,-19.150821769367703,145.66623614256633,1.0821799072558156,1612062015110.0,1.0,1.0,1.0,1.0003940676113805,4551711.0,0.3439841604793031,1348.75
2820721,long,close,1356.85,-122349.0,1355.9,0.0,0.0,0.06317780450424436,0.022542838191399198,0.08572064269564356,40.95938765377776,84.17334141766284,195.75195678526242,123.94339090085191,-19.150821769367703,145.75195678526197,1.082195304343568,1612062225343.0,0.6810008195574534,1.0,0.6810008195574534,1.0003940803214444,210233.0,0.3440223347584251,
2823661,long,entry,1351.1,121984.0,1351.1,121984.0,430.1431279058361,0.0,0.02257123825031456,0.02257123825031456,40.981958892028075,84.18304705011047,195.77452802351274,123.94339090085191,-19.150821769367703,145.7745280235123,1.081890697782363,1612067691073.0,1.0,1.0,1.0,1.0003939998556841,5465730.0,0.3443809046645554,1343.75
2824390,long,close,1352.05,-121984.0,1351.1,0.0,0.0,0.06343752475959738,0.022555378869124662,0.08599290362872204,41.0045142708972,84.22002399867083,195.86052092714147,124.0068284256115,-19.150821769367703,145.860520927141,1.0818642960900497,1612068637955.0,0.6803217064354085,1.0,0.6803217064354085,1.0003940129092672,946882.0,0.34446981536576937,
2824684,long,entry,1348.35,121803.0,1348.35,121803.0,429.2670620882068,0.0,0.02258371342752253,0.02258371342752253,41.02709798432472,84.22973499544467,195.883104640569,124.0068284256115,-19.150821769367703,145.88310464056855,1.0818343948922093,1612069291406.0,1.0,1.0,1.0,1.0003939325093112,653451.0,0.3445056723563824,1341.25
2824774,long,close,1349.3,-121803.0,1348.35,0.0,0.0,0.06360194991816524,0.022567812940042987,0.08616976285820824,41.049665797264765,84.2667879934737,195.96927440342722,124.07043037552967,-19.150821769367703,145.96927440342677,1.0818542237442719,1612069424968.0,0.681410819290332,1.0,0.681410819290332,1.0003939457649176,133562.0,0.3445166489861619,
2828251,long,entry,1343.1,121396.0,1343.1,121396.0,427.5953776815392,0.0,0.022596232596232595,0.022596232596232595,41.072262029861,84.27650437349008,195.99187063602346,124.07043037552967,-19.150821769367703,145.991870636023,1.0814930187309937,1612075945925.0,1.0,1.0,1.0,1.0003938654306457,6520957.0,0.34494071278330984,1335.0
2828310,long,close,1344.05,-121396.0,1343.1,0.0,0.0,0.06388578093500039,0.022580261150998846,0.08646604208599923,41.094842291012,84.31368477158708,196.07833667810948,124.13431615646466,-19.150821769367703,146.078336678109,1.0815185240028717,1612075978844.0,0.6814338776818482,1.0,0.6814338776818482,1.0003938790632179,32919.0,0.3449479085739431,
2828383,long,entry,1342.75,121432.0,1342.75,121432.0,427.4841738050871,0.0,0.022608825172221188,0.022608825172221188,41.11745111618422,84.32340656641114,196.1009455032817,124.13431615646466,-19.150821769367703,146.10094550328122,1.0815223184771918,1612076038510.0,1.0,1.0,1.0,1.0003937987944822,59666.0,0.3449568118403198,1335.0
2828401,long,close,1343.7,-121432.0,1342.75,0.0,0.0,0.06393803353013414,0.022592840663838654,0.08653087419397279,41.14004395684806,84.36061484231453,196.18747637747566,124.1982541899948,-19.150821769367703,146.1874763774752,1.0815486365133307,1612076057053.0,0.6816471747057737,1.0,0.6816471747057737,1.0003938124629361,18543.0,0.3449590071662757,
2828858,long,entry,1341.75,121409.0,1341.75,121409.0,427.1655544080524,0.0,0.0226213899757779,0.0226213899757779,41.162665346823836,84.37034204000412,196.21009776745143,124.1982541899948,-19.150821769367703,146.21009776745097,1.0815321110127976,1612076477868.0,1.0,1.0,1.0,1.0003937322595782,420815.0,0.34501474405304494,1333.75
2829024,long,close,1342.7,-121409.0,1341.75,0.0,0.0,0.06402121241375769,0.02260538467267446,0.08662659708643215,41.18527073149651,84.40759147675129,196.29672436453788,124.26227540240856,-19.150821769367703,146.2967243645374,1.0815568330416445,1612076524910.0,0.6811959441689287,1.0,0.6811959441689287,1.0003937460090828,47042.0,0.34503498983686043,
2844342,long,entry,1341.05,121413.0,1341.05,121413.0,426.942136431878,0.0,0.02263394355169457,0.02263394355169457,41.207904675048205,84.41732407247851,196.31935830808956,124.26227540240856,-19.150821769367703,146.31935830808908,1.0802739640040577,1612099819365.0,1.0,1.0,1.0,1.0003936658709502,23294455.0,0.34690321222533116,1333.75
2844730,long,close,1342.0,-121413.0,1341.05,0.0,0.0,0.0640901531270086,0.02261792101341282,0.08670807414042142,41.23052259606162,84.45460854435889,196.40606638223,124.32636555553557,-19.150821769367703,146.4060663822295,1.0802972023147954,1612099887085.0,0.6804684081638454,1.0,0.6804684081638454,1.0003936796803479,67720.0,0.34695053369593615,
2845417,long,entry,1338.75,121273.0,1338.75,121273.0,426.2116403016363,0.0,0.02264668534080299,0.02264668534080299,41.25316928140242,84.46434661905545,196.4287130675708,124.32636555553557,-19.150821769367703,146.42871306757033,1.0802617620872859,1612100666479.0,1.0,1.0,1.0,1.0003935996075897,779394.0,0.3470343219699196,1331.25
2845475,long,close,1339.7,-121273.0,1338.75,0.0,0.0,0.06423632477050276,0.02263062625961036,0.08686695103011312,41.275799907662034,84.50169940799839,196.5155800186009,124.39060188030608,-19.150821769367703,146.51558001860045,1.0802873331077314,1612100691780.0,0.6813132643176041,1.0,0.6813132643176041,1.000393613589948,25301.0,0.34704139579799975,
2846078,long,entry,1337.5,121227.0,1337.5,121227.0,425.8128991303862,0.0,0.0226592523364486,0.0226592523364486,41.29845915999848,84.51144288650305,196.53823927093734,124.39060188030608,-19.150821769367703,146.53823927093688,1.0802616891095214,1612101291654.0,1.0,1.0,1.0,1.0003935335821355,599874.0,0.3471149392175224,1330.0
2847438,long,reentry,1330.0,224633.0,1332.62881657318,345860.0,769.7985830099586,0.0,0.04222424812030075,0.04222424812030075,41.34068340811878,84.52959931319478,196.58046351905764,124.39060188030608,-19.150821769367703,146.5804635190572,1.0802187163404897,1612102321934.0,0.6798278889203457,1.0,0.6798278889203457,1.0003934822287799,1030280.0,0.34728080828974595,1321.25
2848350,long,reentry,1321.25,640878.0,1325.2383712799142,986738.0,1070.2529594578905,0.0,0.1212635761589404,0.1212635761589404,41.461946984277716,84.58174265094314,196.7017270952166,124.39060188030608,-19.150821769367703,146.70172709521614,1.0802460784418018,1612102509163.0,0.4173489380790504,1.0,0.4173489380790504,1.0003935463935838,187229.0,0.3473920381381782,1303.2
2852686,long,reentry,1303.2,225758.0,1321.134985682427,1212496.0,1111.6190543497185,0.0,0.04330839472068754,0.04330839472068754,41.505255378998406,84.60036526067303,196.7450354899373,124.39060188030608,-19.150821769367703,146.74503548993684,1.080190218120577,1612103783532.0,0.17871852092399923,1.0,0.17871852092399923,1.0003934965979235,1274369.0,0.34792086776844383,0.05
2884217,long,close,1322.05,-63815.0,1321.134985682427,1148681.0,1100.5504912259403,0.033431478936116685,0.012067433153057751,0.045498912089174434,41.51732281215146,84.61992979287137,196.79053440202645,124.4240333592422,-19.150821769367703,146.79053440202603,1.0787285017999115,1612131464120.0,0.1319545101126671,1.0,0.1319545101126671,1.0003934500140867,27680588.0,0.35176646903041475,1296.0
2884228,long,close,1322.05,-60456.0,1321.134985682427,1088225.0,1089.1037264317924,0.03167176197699397,0.011432245376498621,0.043104007353492596,41.52875505752796,84.63846451603338,196.83363840937994,124.4557051212192,-19.150821769367703,146.83363840937952,1.0787415587504976,1612131464323.0,0.16741650624054139,1.0,0.16741650624054139,1.000393399947998,203.0,0.35176781061849893,1297.2
2884232,long,close,1322.05,-57275.0,1321.134985682427,1030950.0,1077.2763764883616,0.030005295871912297,0.010830717446390078,0.040836013318302375,41.53958577497435,84.65602400176024,196.87447442269826,124.48571041709111,-19.150821769367703,146.87447442269783,1.078753887309013,1612131465258.0,0.17626311202829303,1.0,0.17626311202829303,1.0003933465900015,935.0,0.3517682984687114,1298.4
2884240,long,close,1322.05,-54260.0,1321.134985682427,976690.0,1065.0676032690326,0.028425794046441924,0.01026058015960062,0.03868637420604254,41.54984635513395,84.67265914266886,196.91316079690432,124.51413621113755,-19.150821769367703,146.91316079690387,1.0787654626233232,1612131468092.0,0.18480788763650274,1.0,0.18480788763650274,1.00039329011748,2834.0,0.3517692741691362,1298.4
2886609,long,reentry,1298.4,232638.0,1316.7614645209321,1209328.0,1107.8628445886122,0.0,0.04479320702402957,0.04479320702402957,41.59463956215798,84.6919202216892,196.95795400392836,124.51413621113755,-19.150821769367703,146.9579540039279,1.0786282705805856,1612134352494.0,0.1796760478537893,1.0,0.1796760478537893,1.0003932425617306,2884402.0,0.35205820345744326,0.05
2898054,long,close,1317.7,-63648.0,1316.7614645209321,1145680.0,1096.8273082539447,0.03442800060718933,0.01207558624876679,0.04650358685595612,41.60671514840675,84.71191676403726,197.0044575907843,124.54856421174475,-19.150821769367703,147.00445759078386,1.0783381293287877,1612140205136.0,0.12766705150502974,1.0,0.12766705150502974,1.0003931975084936,5852642.0,0.3534540648777362,1291.2
2898082,long,close,1317.7,-60298.0,1316.7614645209321,1085382.0,1085.41475523149,0.03261594363707111,0.01144000910677696,0.044055952743848076,41.61815515751353,84.7308608237171,197.04851354352814,124.58118015538182,-19.150821769367703,147.04851354352772,1.0783508860955955,1612140214904.0,0.16724067401568235,1.0,0.16724067401568235,1.000393148903547,9768.0,0.35345747982922315,1292.4
2898089,long,close,1318.5,-60299.0,1316.7614645209321,1025083.0,1072.9060264686868,0.06038185145149818,0.011433257489571483,0.07181510894106966,41.6295884150031,84.76174132056177,197.12032865246923,124.64156200683331,-19.150821769367703,147.1203286524688,1.0783724272044268,1612140216293.0,1.0,1.0,1.0,1.000393140681379,1389.0,0.3534583335670949,1293.6
2898110,long,close,1319.35,-60299.0,1316.7614645209321,964784.0,1059.1396919526856,0.08984565973932081,0.011425891537499528,0.10127155127682033,41.6410143065406,84.8052880876108,197.22160020374605,124.73140766657264,-19.150821769367703,147.22160020374562,1.0784026481985172,1612140221010.0,0.18663783908067097,1.0,0.18663783908067097,1.0003931752293693,4717.0,0.35346089478071013,1294.8
2898150,long,close,1320.2,-60299.0,1316.7614645209321,904485.0,1043.9233676097938,0.11927152796193934,0.011418535070443872,0.1306900630323832,41.65243284161104,84.86148481471473,197.35229026677843,124.85067919453458,-19.150821769367703,147.352290266778,1.0784414805868656,1612140229902.0,0.19737822677122943,1.0,0.19737822677122943,1.0003932523898569,8892.0,0.35346577328283435,1296.0
2898165,long,close,1321.0,-60299.0,1316.7614645209321,844186.0,1027.0254739489544,0.14693187029760843,0.011411619984859955,0.15834349028246839,41.6638444615959,84.92957251553618,197.5106337570609,124.99761106483218,-19.150821769367703,147.51063375706048,1.078489028719601,1612140230410.0,0.20920887235073565,1.0,0.20920887235073565,1.0003933694821194,508.0,0.3534676027211309,1297.2
2898170,long,close,1321.2,-60299.0,1316.7614645209321,783887.0,1008.186255595757,0.15384172193845772,0.011409892521949743,0.16525161446040745,41.67525435411785,85.00063070975416,197.6758853715213,125.15145278677065,-19.150821769367703,147.67588537152088,1.0785386398040067,1612140230420.0,0.22227445083567116,1.0,0.22227445083567116,1.000393496329384,10.0,0.35346821253389643,1298.4
2898209,long,close,1321.7,-65323.0,1316.7614645209321,718564.0,985.1609720157211,0.18536353436287986,0.01235586744344405,0.1977194018063239,41.68761022156129,85.08565005253088,197.87360477332763,125.33681632113353,-19.150821769367703,147.8736047733272,1.078597489042338,1612140239242.0,0.23654064170553407,1.0,0.23654064170553407,1.000393669874435,8822.0,0.35347296907346754,1299.6
2898212,long,close,1321.95,-65324.0,1316.7614645209321,653240.0,958.8683656406967,0.19471321310987869,0.012353719883505428,0.2070669329933841,41.6999639414448,85.17468883371802,198.080671706321,125.5315295342434,-19.150821769367703,148.08067170632057,1.0786595250141897,1612140239532.0,1.0,1.0,1.0,1.0003938565385952,290.0,0.3534733349611269,1300.8
2898298,long,close,1320.0,-54436.0,1316.7614645209321,598804.0,934.0315604005197,0.101427057220707,0.010309848484848486,0.11173690570555549,41.71027378992965,85.22273570317142,198.19240861202655,125.63295659146411,-19.150821769367703,148.19240861202613,1.0786912405658977,1612140273037.0,0.27341943953876136,1.0,0.27341943953876136,1.0003939052165924,33505.0,0.3534838237406939,1300.8
2898345,long,close,1320.4,-59880.0,1316.7614645209321,538924.0,902.8295595307122,0.12531290034934173,0.011337473492880945,0.13665037384222267,41.72161126342253,85.28149536392358,198.32905898586878,125.75826949181345,-19.150821769367703,148.32905898586836,1.0787309925823536,1612140294966.0,0.29240033302990937,1.0,0.29240033302990937,1.0003939897033074,21929.0,0.35348955598068993,1302.0
2898352,long,close,1320.7,-59880.0,1316.7614645209321,479044.0,866.625016239038,0.13561423160659297,0.011334898160066631,0.1469491297666596,41.732946161582596,85.34468348972324,198.47600811563544,125.89388372342005,-19.150821769367703,148.476008115635,1.078774743978973,1612140298681.0,0.31632307786095776,1.0,0.31632307786095776,1.0003940888419516,3715.0,0.35349040971856166,1303.2
2898355,long,close,1321.0,-59880.0,1316.7614645209321,419164.0,824.1171870742796,0.14591088398515387,0.011332323996971993,0.15724320798212585,41.74427848557957,85.41229806915555,198.63325132361757,126.0397946074052,-19.150821769367703,148.63325132361715,1.0788216647776983,1612140299992.0,1.0,1.0,1.0,1.0003942025805062,1311.0,0.35349077560622094,1304.4
2898370,long,close,1321.45,-59880.0,1316.7614645209321,359284.0,773.5030221842585,0.16134709662622942,0.011328464943811723,0.17267556157004116,41.75560695052338,85.48654856063067,198.8059268851876,126.20114170403143,-19.150821769367703,148.80592688518718,1.0788730979587202,1612140302429.0,0.3763302655711521,1.0,0.3763302655711521,1.0003943382569334,2437.0,0.35349260504451757,1305.6
2898426,long,close,1322.7,-71856.0,1316.7614645209321,287428.0,698.3494020462912,0.24500442678754417,0.013581310954865047,0.2585857377424092,41.76918826147824,85.5977404278599,199.06451262293,126.44614613081897,-19.150821769367703,149.06451262292958,1.0789496093615463,1612140314348.0,0.41445645557588306,1.0,0.41445645557588306,1.0003945969507764,11919.0,0.3534994349474915,1306.8
2898464,long,close,1323.7,-71857.0,1316.7614645209321,215571.0,600.9539387692814,0.286048857711361,0.013571239706882225,0.29962009741824325,41.782759501185126,85.72657706974975,199.36413272034827,126.73219498853034,-19.150821769367703,149.36413272034784,1.0790383828217436,1612140323555.0,0.47190759070909627,1.0,0.47190759070909627,1.0003949138014638,9207.0,0.35350406952450947,1308.0
2898465,long,close,1323.75,-215571.0,1316.7614645209321,0.0,0.0,0.8642978432561935,0.04071218130311615,0.9050100245593097,41.82347168248824,86.11573138031027,200.26914274490758,127.59649283178653,-19.150821769367703,150.26914274490716,1.0793071951115363,1612140323821.0,1.0,1.0,1.0,1.0003960941695025,266.0,0.3535041914870626,
2912574,long,entry,1308.35,120850.0,1308.35,120850.0,416.53263021578664,0.0,0.023092062521496544,0.023092062521496544,41.84656374500974,86.1256609671945,200.29223480742908,127.59649283178653,-19.150821769367703,150.29223480742866,1.0783750847677465,1612158443534.0,1.0,1.0,1.0,1.0003960140472696,18119713.0,0.35522496114882873,1300.8
2912836,long,close,1309.25,-120850.0,1308.35,0.0,0.0,0.06349545547251156,0.023076188657628414,0.08657164413013999,41.869639933667365,86.16288677417047,200.37880645155923,127.65998828725904,-19.150821769367703,150.3788064515588,1.0783994579579437,1612158462367.0,0.6807078071244592,1.0,0.6807078071244592,1.0003960243758376,18833.0,0.35525691533774234,
2913594,long,entry,1306.2,120717.0,1306.2,120717.0,415.8470177712561,0.0,0.0231046164446486,0.0231046164446486,41.89274455011201,86.17282175924166,200.40191106800387,127.65998828725904,-19.150821769367703,150.40191106800344,1.0783877441752077,1612158823088.0,1.0,1.0,1.0,1.000395944319075,360721.0,0.35534936295299635,1298.4
2913648,long,close,1307.1,-120717.0,1306.2,0.0,0.0,0.06363447264994038,0.023088707826486116,0.08672318047642649,41.9158332579385,86.21011272684652,200.48863424848028,127.72362275990898,-19.150821769367703,150.48863424847988,1.078411907855176,1612158846495.0,0.6814409240299861,1.0,0.6814409240299861,1.0003959548097474,23407.0,0.3553559489308641,
2913653,long,entry,1306.05,120770.0,1306.05,120770.0,415.80093802950785,0.0,0.023117415106619195,0.023117415106619195,41.93895067304512,86.22005321534236,200.5117516635869,127.72362275990898,-19.150821769367703,150.5117516635865,1.0784180364403404,1612158858801.0,1.0,1.0,1.0,1.0003958748186368,12306.0,0.3553565587436296,1298.4
2913747,long,close,1306.95,-120770.0,1306.05,0.0,0.0,0.06367703001938757,0.02310149584911435,0.08677852586850192,41.96205216889423,86.25736798146582,200.5985301894554,127.78729978992837,-19.150821769367703,150.598530189455,1.078441220700152,1612158901362.0,0.6811342499773713,1.0,0.6811342499773713,1.0003958853342314,42561.0,0.3553680232236215,
2913819,long,entry,1305.6,120794.0,1305.6,120794.0,415.6563332079114,0.0,0.02312997855392157,0.02312997855392157,41.98518214744816,86.267313872244,200.62166016800933,127.78729978992837,-19.150821769367703,150.62166016800893,1.0784461297431238,1612158937463.0,1.0,1.0,1.0,1.0003958054083266,36101.0,0.35537680452744513,1298.4
2913845,long,close,1306.5,-120794.0,1305.6,0.0,0.0,0.06373358040117116,0.02311404515882128,0.08684762555999244,42.00829619260698,86.3046583512348,200.7085077935693,127.85103337032955,-19.150821769367703,150.7085077935689,1.0784705807067734,1612158955407.0,0.6814039526249098,1.0,0.6814039526249098,1.000395815968256,17944.0,0.35537997555382583,
2938331,long,entry,1320.65,122254.0,1320.65,122254.0,420.44910704918226,0.0,0.023142770605383712,0.023142770605383712,42.03143896321236,86.31460974259511,200.73165056417469,127.85103337032955,-19.150821769367703,150.7316505641743,1.0771605658086028,1612185082215.0,1.0,1.0,1.0,1.0003957361077627,26126808.0,0.3583663506291682,1312.8
2938461,long,close,1321.55,-122254.0,1320.65,0.0,0.0,0.06304261978690022,0.02312700995043699,0.08616962973733722,42.054565973162795,86.35166268338216,200.817820193912,127.91407599011644,-19.150821769367703,150.81782019391161,1.0771840856406887,1612185106472.0,0.6813572511942537,1.0,0.6813572511942537,1.0003957456527464,24257.0,0.35838220576107194,
2938496,long,entry,1320.2,122279.0,1320.2,122279.0,420.3060706508923,0.0,0.023155393122254203,0.023155393122254203,42.07772136628505,86.36161950242474,200.84097558703428,127.91407599011644,-19.150821769367703,150.84097558703388,1.0771905367908352,1612185110312.0,1.0,1.0,1.0,1.0003956658577287,3840.0,0.35838647445043065,1312.8
2938520,long,close,1321.1,-122279.0,1320.2,0.0,0.0,0.06309849007653598,0.023139618499735073,0.08623810857627105,42.10086098478478,86.39870188911253,200.92721369561053,127.97717448019299,-19.150821769367703,150.92721369561016,1.0772143072639564,1612185129635.0,0.6815742485314654,1.0,0.6815742485314654,1.0003956754477759,19323.0,0.3583894015517052,
2938625,long,entry,1319.9,122317.0,1319.9,122317.0,420.20864485290946,0.0,0.023167853625274643,0.023167853625274643,42.124028838410055,86.4086640661714,200.9503815492358,127.97717448019299,-19.150821769367703,150.95038154923543,1.0772183479685844,1612185182081.0,1.0,1.0,1.0,1.0003955957178854,52446.0,0.35840220761978125,1312.8
2938940,long,reentry,1312.8,226653.0,1315.2886113419493,348970.0,759.7315687395352,0.0,0.04316213436928702,0.04316213436928702,42.167190972779345,86.42722378395018,200.99354368360508,127.97717448019299,-19.150821769367703,150.9935436836047,1.0772266707045952,1612185263707.0,0.6799020035399662,1.0,0.6799020035399662,1.0003955443187822,81626.0,0.3584406258240095,1304.4
2939027,long,close,1316.2,-49852.0,1315.2886113419493,299118.0,708.068106352197,0.026244799530986778,0.009468925695183103,0.03571372522616988,42.176659898474526,86.44258068579744,201.02925740883126,128.00341927972397,-19.150821769367703,151.0292574088309,1.0772352091268789,1612185297887.0,0.4210686819023583,1.0,0.4210686819023583,1.0003954824028674,34180.0,0.3584512365661297,1304.4
2939062,long,close,1316.2,-49853.0,1315.2886113419493,249265.0,646.5166216364418,0.026245325985282113,0.009469115635921592,0.035714441621203706,42.18612901411045,86.45793789569456,201.06497185045245,128.02966460570926,-19.150821769367703,151.06497185045208,1.077244993393872,1612185306912.0,0.46160657997019583,1.0,0.46160657997019583,1.0003954205141785,9025.0,0.35845550525548836,1305.6
2939164,long,close,1316.2,-49853.0,1315.2886113419493,199412.0,571.9396164492454,0.026245325985282113,0.009469115635921592,0.035714441621203706,42.19559812974637,86.47329510559166,201.10068629207365,128.05590993169454,-19.150821769367703,151.10068629207328,1.0772532969914268,1612185345747.0,0.5081653696185304,1.0,0.5081653696185304,1.0003953586516832,38835.0,0.35846794543590516,1306.8
2939165,long,close,1316.4,-199412.0,1315.2886113419493,0.0,0.0,0.1279995127188316,0.03787070799149195,0.16587022071032353,42.23346883773787,86.5446193004971,201.26655651278398,128.1839094444134,-19.150821769367703,151.2665565127836,1.0773007841389264,1612185345777.0,1.0,1.0,1.0,1.0003954805599826,30.0,0.35846806739845827,
2939169,long,entry,1316.7,122227.0,1316.7,122227.0,419.19099210823435,0.0,0.023207070707070707,0.023207070707070707,42.25667590844494,86.55459834090115,201.28976358349104,128.1839094444134,-19.150821769367703,151.28976358349067,1.0773072249570832,1612185349814.0,1.0,1.0,1.0,1.0003954010213398,4037.0,0.35846855524867066,1309.2
2939214,long,close,1317.6,-122227.0,1316.7,0.0,0.0,0.06340729701383928,0.023191218882817246,0.08659851589665653,42.279867127327755,86.59183570273672,201.3763620993877,128.24731674142723,-19.150821769367703,151.37636209938734,1.0773308566242852,1612185372851.0,0.6814779133708945,1.0,0.6814779133708945,1.000395410901179,23037.0,0.35847404356356044,
2941010,long,entry,1314.75,122113.0,1314.75,122113.0,418.5711976883201,0.0,0.0232198136527857,0.0232198136527857,42.30308694098054,86.60182022260742,201.3995819130405,128.24731674142723,-19.150821769367703,151.39958191304012,1.0772213739839362,1612187714615.0,1.0,1.0,1.0,1.0003953314275467,2341764.0,0.358693088308938,1306.8
2941055,long,close,1315.65,-122113.0,1314.75,0.0,0.0,0.0635361449853949,0.023203929616539352,0.08674007460193425,42.326290870597084,86.63911845468624,201.4863219876424,128.31085288641262,-19.150821769367703,151.48632198764207,1.0772446460254086,1612187744746.0,0.6814647862042387,1.0,0.6814647862042387,1.0003953414543238,30131.0,0.3586985766238277,
2941062,long,entry,1314.6,122165.0,1314.6,122165.0,418.52169590546356,0.0,0.02323235204624981,0.02323235204624981,42.349523222643334,86.64910836606613,201.50955433968866,128.31085288641262,-19.150821769367703,151.50955433968832,1.0772507021249333,1612187756353.0,1.0,1.0,1.0,1.000395262045255,11607.0,0.3586994303616995,1306.8
2941156,long,close,1315.5,-122165.0,1314.6,0.0,0.0,0.063577702293058,0.02321645762067655,0.08679415991373454,42.37273968026401,86.68642985482903,201.59634849960239,128.37443058870568,-19.150821769367703,151.59634849960204,1.0772690291610478,1612187886324.0,0.6815266933717891,1.0,0.6815266933717891,1.0003952720954679,129971.0,0.3587108948416914,
2941276,long,entry,1314.1,122185.0,1314.1,122185.0,418.3619915982723,0.0,0.023244996575603076,0.023244996575603076,42.39598467683962,86.69642520335654,201.619593496178,128.37443058870568,-19.150821769367703,151.61959349617766,1.0772694189128507,1612188012298.0,1.0,1.0,1.0,1.000395192751003,125974.0,0.35872553034806404,1306.8
2941319,long,close,1315.0,-122185.0,1314.1,0.0,0.0,0.06363649252638229,0.023229087452471483,0.08686557997885377,42.41921376429209,86.73377740274745,201.70645907615685,128.43806708123205,-19.150821769367703,151.7064590761565,1.0772925946484022,1612188044466.0,0.6815270493675848,1.0,0.6815270493675848,1.0003952028489052,32168.0,0.3587307747378476,
2941724,long,entry,1313.15,122164.0,1313.15,122164.0,418.06106270900295,0.0,0.023257815177245556,0.023257815177245556,42.442471579469334,86.74377826327365,201.72971689133408,128.43806708123205,-19.150821769367703,151.72971689133374,1.0772741547329587,1612188550529.0,1.0,1.0,1.0,1.0003951235691704,506063.0,0.3587801695718553,1305.6
2941789,long,close,1314.05,-122164.0,1313.15,0.0,0.0,0.06371761701463122,0.023241885772991897,0.08695950278762311,42.465713465242324,86.78117084947232,201.81667639412169,128.50178469824667,-19.150821769367703,151.81667639412137,1.077298322417693,1612188562785.0,0.6812465687857856,1.0,0.6812465687857856,1.000395133746169,12256.0,0.3587880971378072,
2941960,long,entry,1312.55,122175.0,1312.55,122175.0,417.8702698597368,0.0,0.023270542074587636,0.023270542074587636,42.48898400731691,86.7911771825644,201.83994693619627,128.50178469824667,-19.150821769367703,151.83994693619596,1.077296721530248,1612188728898.0,1.0,1.0,1.0,1.000395054530904,166113.0,0.35880895273438823,1305.6
2942308,long,close,1313.45,-122175.0,1312.55,0.0,0.0,0.06378160681298696,0.02325459667288439,0.08703620348587135,42.51223860398979,86.82860275006331,201.92698313968214,128.56556630505966,-19.150821769367703,151.92698313968182,1.0773050758726732,1612189060489.0,0.6810272357087617,1.0,0.6810272357087617,1.0003950647625903,331591.0,0.35885139570286895,
2943773,long,entry,1309.15,121925.0,1309.15,121925.0,416.78753403869064,0.0,0.023283237214986822,0.023283237214986822,42.53552184120478,86.83861454206577,201.95026637689713,128.56556630505966,-19.150821769367703,151.95026637689682,1.0771937304230843,1612191445821.0,1.0,1.0,1.0,1.0003949856116294,2385332.0,0.35903007084316857,1302.0
2944256,long,reentry,1302.0,225927.0,1304.5061340742616,347852.0,753.5229672651169,0.0,0.0433807603686636,0.0433807603686636,42.578902601573446,86.8572682690243,201.9936471372658,128.56556630505966,-19.150821769367703,151.9936471372655,1.0771984739588483,1612191599319.0,0.6798743929961284,1.0,0.6798743929961284,1.0003949346521535,153498.0,0.35908897875631857,1293.6
2944894,long,close,1305.4,-49693.0,1304.5061340742616,298159.0,702.2829798391178,0.026084220600424368,0.009516814769419334,0.0356010353698437,42.588419416342866,86.87257671423333,202.02924817263568,128.5916505256601,-19.150821769367703,152.02924817263533,1.0771933555332294,1612191907750.0,0.4200323515373355,1.0,0.4200323515373355,1.0003948728171919,308431.0,0.3591667908651999,1293.6
2945364,long,close,1305.4,-49693.0,1304.5061340742616,248466.0,641.2367996020181,0.026084220600424368,0.009516814769419334,0.0356010353698437,42.597936231112286,86.88788515944238,202.06484920800554,128.61773474626054,-19.150821769367703,152.06484920800517,1.077179016502927,1612192403031.0,0.46104679034640433,1.0,0.46104679034640433,1.0003948110084087,495281.0,0.3592241132651595,1294.8
2945472,long,close,1305.4,-49693.0,1304.5061340742616,198773.0,567.2715261628731,0.026084220600424368,0.009516814769419334,0.0356010353698437,42.607453045881705,86.90319360465142,202.1004502433754,128.64381896686098,-19.150821769367703,152.100450243375,1.0771806053190267,1612192575563.0,0.5081785552983448,1.0,0.5081785552983448,1.0003947492257845,172532.0,0.35923728522089493,1296.0
2945473,long,close,1305.45,-198773.0,1304.5061340742616,0.0,0.0,0.11016948829104943,0.03806599256961201,0.14823548086066143,42.64551903845132,86.96693486142152,202.24868572423608,128.75398845515204,-19.150821769367703,152.24868572423566,1.07722259349012,1612192576628.0,1.0,1.0,1.0,1.0003948448946351,1065.0,0.35923740718344804,
2981375,long,entry,1378.45,128584.0,1378.45,128584.0,438.8510705240921,0.0,0.023320396097065543,0.023320396097065543,42.66883943454838,86.97696263174325,202.27200612033315,128.75398845515204,-19.150821769367703,152.27200612033272,1.074691659740543,1612245719820.0,1.0,1.0,1.0,1.0003947659399908,53143192.0,0.3636161067650433,1371.25
2982007,long,close,1379.4,-128584.0,1378.45,0.0,0.0,0.06424351541892648,0.023304335218210813,0.0875478506371373,42.692143769766595,87.01460820751721,202.35955397097027,128.81823197057096,-19.150821769367703,152.35955397096987,1.07470210833938,1612246012559.0,0.6803706696838367,1.0,0.6803706696838367,1.0003947766841224,292739.0,0.363693187098606,
3032416,long,entry,1432.65,133713.0,1432.65,133713.0,456.1062034032266,0.0,0.023333158831535965,0.023333158831535965,42.71547692859813,87.02464146581478,202.38288712980182,128.81823197057096,-19.150821769367703,152.38288712980142,1.0742643772566314,1612255686360.0,1.0,1.0,1.0,1.0003946977932756,9673801.0,0.3698411974381034,1424.8
3032444,long,close,1433.65,-133713.0,1432.65,0.0,0.0,0.0651014092185198,0.023316883479231332,0.08841829269775113,42.73879381207736,87.06266133167482,202.47130542249957,128.8833333797895,-19.150821769367703,152.47130542249917,1.0742882331376196,1612255690438.0,0.6815234413970418,1.0,0.6815234413970418,1.0003947096972057,4078.0,0.3698446123895904,
3041062,long,entry,1428.95,133441.0,1428.95,133441.0,454.92749777850366,0.0,0.02334598831309703,0.02334598831309703,42.76213980039046,87.07270010664945,202.49465141081268,128.8833333797895,-19.150821769367703,152.49465141081228,1.0740240186073606,1612261638231.0,1.0,1.0,1.0,1.0003946308696905,5947793.0,0.37089568567225395,1420.9
3041153,long,close,1429.95,-133441.0,1428.95,0.0,0.0,0.0653057472305931,0.02332966187628938,0.08863540910688247,42.78546946226675,87.1108133325654,202.58328681991955,128.94863912702007,-19.150821769367703,152.58328681991915,1.0740477101615193,1612261644983.0,0.6810995073579589,1.0,0.6810995073579589,1.0003946430201385,6752.0,0.37090678426458656,
3041169,long,entry,1428.65,133487.0,1428.65,133487.0,454.8325243364231,0.0,0.02335894025828579,0.02335894025828579,42.80882840252503,87.12085767687647,202.60664576017783,128.94863912702007,-19.150821769367703,152.60664576017743,1.0740539926414252,1612261645869.0,1.0,1.0,1.0,1.0003945642559295,886.0,0.37090873566543625,1420.9
3041317,long,close,1429.65,-133487.0,1428.65,0.0,0.0,0.06535568917787679,0.023342601335991326,0.08869829051386811,42.83217100386102,87.15899794179742,202.6953440506917,129.01399481619794,-19.150821769367703,152.6953440506913,1.0740765725617367,1612261677222.0,0.6811772575799642,1.0,0.6811772575799642,1.000394576437582,31353.0,0.3709267861232958,
3041447,long,entry,1427.9,133490.0,1427.9,133490.0,454.592055380912,0.0,0.023371734715316197,0.023371734715316197,42.85554273857634,87.169047787725,202.718715785407,129.01399481619794,-19.150821769367703,152.7187157854066,1.0740814815241766,1612261708389.0,1.0,1.0,1.0,1.0003944977363501,31167.0,0.37094264125519955,1419.6
3042244,long,close,1428.9,-133490.0,1427.9,0.0,0.0,0.06542580926675755,0.023355378262999507,0.08878118752975706,42.87889811683934,87.20722369836281,202.80749697293678,129.0794206254647,-19.150821769367703,152.80749697293635,1.0740976437145051,1612261881387.0,0.6801238043972052,1.0,0.6801238043972052,1.0003945099768896,172998.0,0.37103984541002466,
3042490,long,entry,1424.85,133279.0,1424.85,133279.0,453.6220588201648,0.0,0.023384742253570553,0.023384742253570553,42.90228285909291,87.21727913753185,202.83088171519034,129.0794206254647,-19.150821769367703,152.83088171518992,1.0740985411251776,1612262000966.0,1.0,1.0,1.0,1.0003944313388107,119579.0,0.37106984819808864,1417.0
3042747,long,reentry,1417.0,246965.0,1419.7514968020532,380244.0,820.1021527945331,0.0,0.04357180663373324,0.04357180663373324,42.94585466572664,87.23601501438435,202.87445352182408,129.0794206254647,-19.150821769367703,152.87445352182365,1.0741082152688968,1612262047315.0,0.6798602217296554,1.0,0.6798602217296554,1.000394380767568,46349.0,0.3711011925742368,1407.9
3043098,long,close,1420.75,-54320.0,1419.7514968020532,325924.0,764.3347763621198,0.026889282970165504,0.009558331866971671,0.036447614837137175,42.95541299759361,87.25168748876432,202.9109011366612,129.10630990843487,-19.150821769367703,152.91090113666078,1.0741147006889125,1612262121455.0,0.4203815444239642,1.0,0.4203815444239642,1.0003943203263073,74140.0,0.37114400143037685,1407.9
3043207,long,close,1424.0,-65184.0,1419.7514968020532,260740.0,682.8642925368637,0.1369792021518129,0.011443820224719101,0.148423022376532,42.96685681781833,87.31550938838623,203.05932415903774,129.2432891105867,-19.150821769367703,153.05932415903732,1.0741526458946316,1612262168680.0,0.4621148653327799,1.0,0.4621148653327799,1.0003944151748816,47225.0,0.3711572953486653,1409.2
3043228,long,close,1424.8,-65185.0,1419.7514968020532,195555.0,579.8080851264476,0.1626837084862711,0.011437570185289165,0.17412127867156024,42.97829438800362,87.390381538215,203.2334454377093,129.40597281907296,-19.150821769367703,153.23344543770887,1.0741992078012956,1612262178173.0,0.5204773058973605,1.0,0.5204773058973605,1.0003945454048142,9493.0,0.37115985656228057,1410.5
3043229,long,close,1424.85,-195555.0,1419.7514968020532,0.0,0.0,0.4928674514658689,0.03431150647436572,0.5271789579402346,43.012605894477986,87.61706849012928,203.7606243956495,129.8988402705388,-19.150821769367703,153.7606243956491,1.0743412421713743,1612262178414.0,1.0,1.0,1.0,1.0003951632334827,241.0,0.3711599785248336,
3045086,long,entry,1419.2,133374.0,1419.2,133374.0,451.82239164245874,0.0,0.02349457440811725,0.02349457440811725,43.036100468886104,87.62717115712478,203.78411897005762,129.8988402705388,-19.150821769367703,153.78411897005722,1.0742817787234038,1612263625089.0,1.0,1.0,1.0,1.0003950845442522,1446675.0,0.3713864629859506,1411.8
3045340,long,reentry,1411.8,247142.0,1414.3937611033439,380516.0,816.9384973663315,0.0,0.04376363507578977,0.04376363507578977,43.079864103961896,87.64598952020737,203.8278826051334,129.8988402705388,-19.150821769367703,153.827882605133,1.0742918618744584,1612263662082.0,0.6799558054595652,1.0,0.6799558054595652,1.0003950338568128,36993.0,0.37141744147443945,1402.7
3045607,long,close,1415.4,-54359.0,1414.3937611033439,326157.0,761.3799364239765,0.02732266370079538,0.009601349441853892,0.03692401314264927,43.08946545340375,87.6618668458587,203.86480661827605,129.9261629342396,-19.150821769367703,153.86480661827565,1.0742986346091241,1612263731415.0,0.42071370511162454,1.0,0.42071370511162454,1.0003949737545899,69333.0,0.3714500054761186,1402.7
3045713,long,close,1415.4,-54359.0,1414.3937611033439,271798.0,695.1900216318096,0.02732266370079538,0.009601349441853892,0.03692401314264927,43.0990668028456,87.67774417151004,203.9017306314187,129.9534855979404,-19.150821769367703,153.9017306314183,1.0743076428011222,1612263751507.0,0.46138940547256896,1.0,0.46138940547256896,1.0003949136769172,20092.0,0.3714629335067478,1404.0
3045834,long,close,1419.4,-67949.0,1414.3937611033439,203849.0,591.9890954493875,0.16944139057476956,0.011967908975623501,0.18140929955039306,43.11103471182122,87.75575017031672,204.0831399309691,130.1229269885152,-19.150821769367703,154.08313993096868,1.0743546731602291,1612263788628.0,0.5088905219654484,1.0,0.5088905219654484,1.0003950525856202,37121.0,0.37147769097567357,1405.3
3045835,long,close,1419.45,-203849.0,1414.3937611033439,0.0,0.0,0.5133880310190994,0.03590281447039346,0.5492908454894928,43.146937526291616,87.9919452338772,204.63243077645862,130.6363150195343,-19.150821769367703,154.63243077645816,1.0745019171728096,1612263789011.0,1.0,1.0,1.0,1.0003956965557599,383.0,0.3714778129382267,
3058838,long,entry,1418.2,133851.0,1418.2,133851.0,451.50572340146476,0.0,0.02359522634325201,0.02359522634325201,43.17053275263487,88.0020911812048,204.65602600280187,130.6363150195343,-19.150821769367703,154.6560260028014,1.0741234205699488,1612272276839.0,1.0,1.0,1.0,1.000395617849491,8487828.0,0.3730636920162581,1410.5
3058862,long,close,1419.2,-133851.0,1418.2,0.0,0.0,0.06650289273746339,0.023578600620067645,0.09008149335753103,43.19411135325494,88.04082622334855,204.7461074961594,130.70281791227177,-19.150821769367703,154.74610749615894,1.074147289523662,1612272279368.0,0.6817468644523403,1.0,0.6817468644523403,1.0003956303471435,2529.0,0.37306661911753264,
3058911,long,entry,1418.0,133906.0,1418.0,133906.0,451.44095789922,0.0,0.02360825105782793,0.02360825105782793,43.21771960431277,88.05097777130341,204.76971574721722,130.70281791227177,-19.150821769367703,154.76971574721676,1.0741532502733149,1612272286526.0,1.0,1.0,1.0,1.000395551703493,7158.0,0.3730725952826348,1410.5
3059052,long,close,1419.0,-133906.0,1418.0,0.0,0.0,0.06654898113552066,0.023591613812544043,0.0901405949480647,43.24131121812531,88.08973822713108,204.8598563421653,130.7693668934073,-19.150821769367703,154.85985634216482,1.0741764872346666,1612272303121.0,0.6811519879230004,1.0,0.6811519879230004,1.000395564225091,16595.0,0.37308979200262266,
3059871,long,entry,1415.85,133777.0,1415.85,133777.0,450.75589508704593,0.0,0.023621322880248617,0.023621322880248617,43.26493254100556,88.09989539596958,204.88347766504555,130.7693668934073,-19.150821769367703,154.88347766504506,1.0741680915185623,1612272628387.0,1.0,1.0,1.0,1.0003954856440178,325266.0,0.37318967933361613,1407.9
3059971,long,close,1416.85,-133777.0,1415.85,0.0,0.0,0.06668686983166927,0.0236046511627907,0.09029152099445997,43.28853719216835,88.1387207499972,204.97376918604002,130.83605376323897,-19.150821769367703,154.97376918603953,1.074191340555701,1612272645209.0,0.6812643932350121,1.0,0.6812643932350121,1.000395498315058,16822.0,0.3732018755889267,
3098092,long,entry,1479.95,139912.0,1479.95,139912.0,471.1647520046045,0.0,0.023634582249400318,0.023634582249400318,43.31217177441775,88.14888362036444,204.99740376828942,130.83605376323897,-19.150821769367703,154.99740376828893,1.0737504653066137,1612282611265.0,1.0,1.0,1.0,1.0003954197966634,9966056.0,0.37785121007586314,1471.5
3098535,long,close,1481.0,-139912.0,1479.95,0.0,0.0,0.06702582406987025,0.02361782579338285,0.0906436498632531,43.33578960021113,88.18786038980565,205.08804741815268,130.90307958730884,-19.150821769367703,155.0880474181522,1.0737732426089388,1612282637302.0,0.6808259368618044,1.0,0.6808259368618044,1.0003954328915812,26037.0,0.3779052394868889,
3098669,long,entry,1478.25,139829.0,1478.25,139829.0,470.62306705312335,0.0,0.023647725350921696,0.023647725350921696,43.35943732556205,88.19802891170654,205.1116951435036,130.90307958730884,-19.150821769367703,155.1116951435031,1.0737784801715389,1612282659851.0,1.0,1.0,1.0,1.0003953544354418,22549.0,0.37792158246900504,1470.15
3099093,long,close,1479.3,-139829.0,1478.25,0.0,0.0,0.06714016526320554,0.023630940309605893,0.09077110557281143,43.38306826587166,88.23706048710285,205.2024662490764,130.97021975257204,-19.150821769367703,155.2024662490759,1.073800635956764,1612282700259.0,0.6802180695433014,1.0,0.6802180695433014,1.0003953676463069,40408.0,0.3779732945915218,
3099531,long,entry,1475.8,139675.0,1475.8,139675.0,469.84276248811204,0.0,0.023660895785336766,0.023660895785336766,43.40672916165699,88.24723467229055,205.22612714486172,130.97021975257204,-19.150821769367703,155.22612714486124,1.0738017886907458,1612282814331.0,1.0,1.0,1.0,1.0003952892523185,114072.0,0.378026714189782,1467.45
3099556,long,close,1476.85,-139675.0,1475.8,0.0,0.0,0.0672890017932757,0.023644073534888444,0.09093307532816414,43.43037323519188,88.28633589468166,205.3170602201899,131.03750875436532,-19.150821769367703,155.3170602201894,1.0738255700022348,1612282818935.0,0.6816028445172554,1.0,0.6816028445172554,1.0003953026258026,4604.0,0.37802976325360965,
3099761,long,entry,1475.25,139701.0,1475.25,139701.0,469.6678530506867,0.0,0.023674123029994918,0.023674123029994918,43.45404735822188,88.29651576758455,205.34073434321988,131.03750875436532,-19.150821769367703,155.3407343432194,1.0738291170008014,1612282879332.0,1.0,1.0,1.0,1.0003952242938825,60397.0,0.3780547655769963,1467.45
3102459,long,close,1476.3,-139701.0,1475.25,0.0,0.0,0.06735170136555663,0.023657285104653526,0.09100898647021015,43.47770464332653,88.33564963176674,205.4317433296901,131.1048604557309,-19.150821769367703,155.4317433296896,1.0738038751346721,1612283982632.0,0.6815919100703794,1.0,0.6815919100703794,1.000395237712273,1103300.0,0.3783838205452751,
3103507,long,entry,1470.95,139372.0,1470.95,139372.0,468.2997880841381,0.0,0.02368741289642748,0.02368741289642748,43.50139205622296,88.3458352193122,205.45543074258654,131.1048604557309,-19.150821769367703,155.45543074258603,1.0737850806948177,1612284544115.0,1.0,1.0,1.0,1.0003951594423932,561483.0,0.3785116373009297,1462.05
3103562,long,close,1472.0,-139372.0,1470.95,0.0,0.0,0.06758636831861273,0.023670516304347824,0.09125688462296055,43.52506257252731,88.3850756797001,205.5466876272095,131.1724468240495,-19.150821769367703,155.546687627209,1.0738091009042579,1612284544127.0,0.6810815935139348,1.0,0.6810815935139348,1.0003951731394645,12.0,0.3785183452413505,
3103580,long,entry,1468.3,139198.0,1468.3,139198.0,467.45437031445636,0.0,0.023700538037185862,0.023700538037185862,43.548763110564494,88.39526691105608,205.5703881652467,131.1724468240495,-19.150821769367703,155.5703881652462,1.0738153371514068,1612284544140.0,1.0,1.0,1.0,1.0003950949311957,13.0,0.3785205405673064,1459.35
3103904,long,close,1469.3,-139198.0,1468.3,0.0,0.0,0.06452198471976274,0.02368440754100592,0.08820639226076867,43.5724475181055,88.4331956597282,205.65859455750746,131.23696880876926,-19.150821769367703,155.65859455750694,1.0738357280180295,1612284607250.0,0.6815055049979857,1.0,0.6815055049979857,1.0003951044244102,63110.0,0.37856005643451257,
3133951,long,entry,1506.25,142874.0,1506.25,142874.0,479.5374900875872,0.0,0.02371352697095436,0.02371352697095436,43.59616104507645,88.44339247632573,205.68230808447842,131.23696880876926,-19.150821769367703,155.6823080844779,1.0733938940264873,1612294714298.0,1.0,1.0,1.0,1.0003950262791312,10107048.0,0.3822246652676749,1498.0
3134153,long,close,1507.3,-142874.0,1506.25,0.0,0.0,0.0660763041716909,0.023697007894911432,0.08977331206660233,43.61985805297136,88.48199500051437,205.77208139654505,131.30304511294096,-19.150821769367703,155.7720813965445,1.0734158173237123,1612294749084.0,0.681190379890578,1.0,0.681190379890578,1.0003950378477395,34786.0,0.3822493017034022,
3134694,long,entry,1504.3,142768.0,1504.3,142768.0,478.917202436755,0.0,0.023726650269228215,0.023726650269228215,43.643584703240585,88.49219746013014,205.79580804681427,131.30304511294096,-19.150821769367703,155.79580804681373,1.0734140649225197,1612294929459.0,1.0,1.0,1.0,1.0003949597647182,180375.0,0.3823152834446323,1495.2
3135142,long,close,1505.35,-142768.0,1504.3,0.0,0.0,0.06619851272511627,0.023710100641046936,0.08990861336616321,43.66729480388163,88.53085816387758,205.88571666018044,131.3692436256661,-19.150821769367703,155.8857166601799,1.0734337970780394,1612295014397.0,0.6808282556236221,1.0,0.6808282556236221,1.0003949714617004,84938.0,0.38236992266842357,
3164325,long,entry,1517.75,144124.0,1517.75,144124.0,483.19912412545267,0.0,0.023739746335035415,0.023739746335035415,43.69103455021666,88.54106625480165,205.90945640651546,131.3692436256661,-19.150821769367703,155.90945640651492,1.072945238089308,1612306313371.0,1.0,1.0,1.0,1.0003948934407538,11298974.0,0.3859291558557027,1509.2
3164408,long,close,1518.8,-144124.0,1517.75,0.0,0.0,0.065648495264118,0.023723334211219384,0.0893718294753374,43.71475788442788,88.57949614147604,205.9988282359908,131.43489212093021,-19.150821769367703,155.99882823599026,1.072968034935529,1612306321729.0,0.6814036698477218,1.0,0.6814036698477218,1.000394904355533,8358.0,0.38593927874761047,
3164580,long,entry,1517.05,144136.0,1517.05,144136.0,482.9747140485298,0.0,0.02375267789459807,0.02375267789459807,43.73851056232248,88.58970979297072,206.0225809138854,131.43489212093021,-19.150821769367703,156.02258091388487,1.072970930304173,1612306396621.0,1.0,1.0,1.0,1.0003948263966518,74892.0,0.3859602563067446,1507.8
3164928,long,close,1518.1,-144136.0,1517.05,0.0,0.0,0.06571454262388382,0.023736249258942098,0.08945079188282593,43.76224681158143,88.62817363348034,206.11203170576823,131.5006066635541,-19.150821769367703,156.1120317057677,1.0729907786446795,1612306472894.0,0.6806778750092366,1.0,0.6806778750092366,1.0003948373644282,76273.0,0.38600269927522535,
3165423,long,entry,1514.75,143997.0,1514.75,143997.0,482.24348541096475,0.0,0.02376580293777851,0.02376580293777851,43.78601261451921,88.63839292874358,206.13579750870602,131.5006066635541,-19.150821769367703,156.13579750870548,1.072984627017036,1612306755682.0,1.0,1.0,1.0,1.0003947594677587,282788.0,0.3860630707390126,1506.4
3165526,long,close,1515.8,-143997.0,1514.75,0.0,0.0,0.06585062167744343,0.02374934028235915,0.08959996195980258,43.809761954801566,88.67692091238631,206.22539747066583,131.56645728523154,-19.150821769367703,156.22539747066529,1.0730058123947055,1612306801723.0,0.6814772223177248,1.0,0.6814772223177248,1.0003947705832106,46041.0,0.38607563288198243,
3208211,long,entry,1541.05,146578.0,1541.05,146578.0,490.61708957447166,0.0,0.023778916972194284,0.023778916972194284,43.833540871773764,88.68714584668434,206.24917638763802,131.56645728523154,-19.150821769367703,156.24917638763748,1.071768004190474,1612335879491.0,1.0,1.0,1.0,1.0003946927485845,29077768.0,0.3912816044612926,1533.0
3208342,long,close,1542.1,-146578.0,1541.05,0.0,0.0,0.06476327818118223,0.02376272615264899,0.08852600433383122,43.85730359792641,88.72521202854789,206.33770239197185,131.6312205634127,-19.150821769367703,156.3377023919713,1.071790172456158,1612335887270.0,0.6812104681127539,1.0,0.6812104681127539,1.000394702360322,7779.0,0.39129758155574945,
3208385,long,entry,1540.55,146610.0,1540.55,146610.0,490.45735586263874,0.0,0.023791827594041092,0.023791827594041092,43.88109542552045,88.73544251441334,206.36149421956588,131.6312205634127,-19.150821769367703,156.36149421956534,1.0717955058151478,1612335904167.0,1.0,1.0,1.0,1.0003946245879625,16897.0,0.391302825945533,1531.6
3208916,long,reentry,1531.6,271668.0,1534.7370511956162,418278.0,886.5992658026223,0.0,0.044343823452598595,0.044343823452598595,43.92543924897305,88.75451035849795,206.4058380430185,131.6312205634127,-19.150821769367703,156.40583804301795,1.0718035990526602,1612335979517.0,0.6797640587230984,1.0,0.6797640587230984,1.0003945745722311,75350.0,0.391367588061232,1521.8
3209556,long,close,1535.8,-59754.0,1534.7370511956162,358524.0,826.3164294756336,0.026947016569739718,0.009726852454746712,0.03667386902448643,43.9351661014278,88.77028012217848,206.442511912043,131.65816757998246,-19.150821769367703,156.44251191204245,1.0718063832692553,1612336134697.0,0.4192898209905863,1.0,0.4192898209905863,1.0003945142329729,155180.0,0.3914456440952196,1523.2
3210034,long,reentry,1523.2,664344.0,1527.2438353168318,1022868.0,1190.8923963100842,0.0,0.1090375525210084,0.1090375525210084,44.044203653948806,88.81716626976252,206.551549464564,131.65816757998246,-19.150821769367703,156.55154946456346,1.071827035151488,1612336301648.0,0.45749504022871446,1.0,0.45749504022871446,1.000394551399483,166951.0,0.391503942195604,1503.6
3211262,long,close,1528.3,-56826.0,1527.2438353168318,966042.0,1174.2434036647253,0.025713531939353374,0.00929562258718838,0.035009154526541755,44.053499276535995,88.83222020620893,206.58655861909054,131.6838811119218,-19.150821769367703,156.58655861909,1.0718251255149216,1612336558140.0,0.21504637227031992,1.0,0.21504637227031992,1.0003944888242353,256492.0,0.39165371221081763,1505.0
3211282,long,close,1529.4,-60377.0,1527.2438353168318,905665.0,1154.827363063095,0.05573448489712439,0.009869393226101739,0.06560387812322613,44.0633686697621,88.86042987380192,206.65216249721377,131.73961559681894,-19.150821769367703,156.65216249721323,1.0718416984394747,1612336559707.0,0.23174235096684534,1.0,0.23174235096684534,1.0003944674427543,1567.0,0.39165615146187976,1506.4
3211453,long,close,1528.3,-56604.0,1527.2438353168318,849061.0,1134.852559442997,0.02561307784984265,0.009259307727540404,0.03487238557738305,44.07262797748964,88.8754249996002,206.68703488279115,131.76522867466878,-19.150821769367703,156.6870348827906,1.071849035819128,1612336595471.0,0.24231383849155605,1.0,0.24231383849155605,1.0003944047187445,35764.0,0.3916770070584608,1506.4
3211487,long,close,1529.55,-60647.0,1527.2438353168318,788414.0,1111.1463302962024,0.059872525902073065,0.009912555980517147,0.06978508188259021,44.08254053347016,88.90543258480972,206.75681996467375,131.82510120057086,-19.150821769367703,156.7568199646732,1.0718661837153605,1612336608363.0,0.25739264530624456,1.0,0.25739264530624456,1.0003943889493407,12892.0,0.3916811537852664,1507.8
3211544,long,close,1529.65,-60647.0,1527.2438353168318,727767.0,1084.7068804024398,0.06246463677201903,0.00991190795279966,0.07237654472481869,44.09245244142296,88.93655449904138,206.82919650939857,131.88756583734286,-19.150821769367703,156.82919650939803,1.0718833393869955,1612336636524.0,0.27328559169640126,1.0,0.27328559169640126,1.0003943766378862,28161.0,0.39168810565079343,1509.2
3211594,long,close,1531.45,-72776.0,1527.2438353168318,654991.0,1048.5705461214118,0.130876975845245,0.01188024421300075,0.14275722005824573,44.10433268563596,88.99794010366642,206.9719537294568,132.0184428131881,-19.150821769367703,156.9719537294563,1.0719190164762873,1612336647951.0,0.2910180852953105,1.0,0.2910180852953105,1.0003944587582554,11427.0,0.39169420377844866,1510.6
3211614,long,close,1531.8,-72776.0,1527.2438353168318,582215.0,1006.6318403782223,0.1417350133816002,0.011877529703616661,0.15361254308521685,44.11621021533958,89.06399349719307,207.12556627254202,132.1601778265697,-19.150821769367703,157.1255662725415,1.0719577609943762,1612336651194.0,0.31506267808386457,1.0,0.31506267808386457,1.0003945552531144,3243.0,0.3916966430295108,1512.0
3211654,long,close,1532.15,-72776.0,1527.2438353168318,509439.0,957.3796444278738,0.15258809015937597,0.011874816434422217,0.1644629065937982,44.128085031774,89.1347125470284,207.29002917913581,132.3127659167291,-19.150821769367703,157.2900291791353,1.0719985110859847,1612336671278.0,0.3426292428797608,1.0,0.3426292428797608,1.0003946660716971,20084.0,0.391701521531635,1512.0
3211696,long,close,1532.65,-72777.0,1527.2438353168318,436662.0,898.7187619895402,0.16808619650231382,0.011871105601409323,0.17995730210372315,44.13995613737541,89.212094186933,207.46998648123954,132.4808521132314,-19.150821769367703,157.46998648123903,1.0720428901519496,1612336697356.0,0.37489494666979606,1.0,0.37489494666979606,1.000394797379474,26078.0,0.39170664395886545,1513.4
3211805,long,close,1531.2,-72777.0,1527.2438353168318,363885.0,827.8008045755502,0.12311988740605904,0.011882347178683385,0.13500223458474242,44.15183848455409,89.27014514780444,207.60498871582428,132.60397200063747,-19.150821769367703,157.60498871582377,1.072075116072876,1612336741584.0,0.4126213117286754,1.0,0.4126213117286754,1.0003948683382102,44228.0,0.3917199378771539,1514.8
3211985,long,close,1531.8,-72777.0,1527.2438353168318,291108.0,740.1533364171281,0.14173696093317462,0.011877692910301607,0.15361465384347622,44.163716177464394,89.33619944895713,207.75860336966775,132.74570896157064,-19.150821769367703,157.75860336966724,1.0721112616525228,1612336803641.0,0.45831644773226665,1.0,0.45831644773226665,1.0003949639881626,62057.0,0.3917418911367129,1516.2
3212164,long,close,1532.65,-72777.0,1527.2438353168318,218331.0,629.0848036763334,0.16808619650231382,0.011871105601409323,0.17995730210372315,44.1755872830658,89.41358108886173,207.93856067177148,132.91379515807296,-19.150821769367703,157.93856067177097,1.0721521045633877,1612336910958.0,0.5157965874544497,1.0,0.5157965874544497,1.0003950945618028,107317.0,0.3917637224337188,1517.6
3212169,long,close,1532.7,-218331.0,1527.2438353168318,0.0,0.0,0.5089057242109468,0.03561215502055197,0.5445178792314987,44.21119943808635,89.64772377693127,208.48307855100296,133.4227008822839,-19.150821769367703,158.48307855100248,1.072288882445642,1612336917872.0,0.5895443815115432,1.0,0.5895443815115432,1.0003957099917218,6914.0,0.3917643322464844,
3213123,long,entry,1524.35,146576.0,1524.35,146576.0,485.29841853979366,0.0,0.02403909863220389,0.02403909863220389,44.235238536718555,89.65806058934312,208.50711764963518,133.4227008822839,-19.150821769367703,158.5071176496347,1.0722694234505306,1612337520324.0,1.0,1.0,1.0,1.000395632306267,602452.0,0.3918806845221471,1516.2
3213157,long,close,1525.4,-146576.0,1524.35,0.0,0.0,0.06618868116906462,0.02402255146191163,0.09021123263097625,44.259261088180466,89.69685141937444,208.59732888226614,133.48888956345294,-19.150821769367703,158.59732888226566,1.072291506634444,1612337534069.0,0.6815627174935738,1.0,0.6815627174935738,1.000395642558281,13745.0,0.3918848312489526,
3216836,long,entry,1519.5,146190.0,1519.5,146190.0,483.7550126503177,0.0,0.024052319842053308,0.024052319842053308,44.28331340802252,89.70719391690652,208.62138120210818,133.48888956345294,-19.150821769367703,158.6213812021077,1.072192437326243,1612340020641.0,1.0,1.0,1.0,1.0003955649345793,2486572.0,0.3923335314818279,1510.6
3216907,long,close,1520.55,-146190.0,1519.5,0.0,0.0,0.06643631800112189,0.024035710762553023,0.09047202876367491,44.307349118785076,89.7460968892749,208.71185323087184,133.55532588145405,-19.150821769367703,158.71185323087138,1.0722141308774713,1612340044107.0,0.6814257407637025,1.0,0.6814257407637025,1.0003955754799647,23466.0,0.39234219082309846,
3217146,long,entry,1518.7,146193.0,1518.7,146193.0,483.49974673974305,0.0,0.024065483637321392,0.024065483637321392,44.3314146024224,89.75644504723894,208.73591871450915,133.55532588145405,-19.150821769367703,158.7359187145087,1.072215358102171,1612340157910.0,1.0,1.0,1.0,1.0003954979177312,113803.0,0.39237133987329065,1510.6
3217169,long,close,1519.75,-146193.0,1518.7,0.0,0.0,0.0665076698646078,0.024048856719855242,0.09055652658446303,44.35546345914226,89.79538435367026,208.82647524109362,133.62183355131867,-19.150821769367703,158.82647524109316,1.072237860912724,1612340162385.0,0.6815204382045629,1.0,0.6815204382045629,1.0003955085219727,4475.0,0.39237414501201207,
3217239,long,entry,1518.45,146250.0,1518.45,146250.0,483.42195975518456,0.0,0.024078830386249136,0.024078830386249136,44.37954228952851,89.80573825073634,208.85055407147988,133.62183355131867,-19.150821769367703,158.85055407147942,1.0722421533529602,1612340203574.0,1.0,1.0,1.0,1.0003954310213334,41189.0,0.3923826823907295,1509.2
3217271,long,close,1519.5,-146250.0,1518.45,0.0,0.0,0.06655550353553864,0.024062191510365254,0.09061769504590389,44.403604481038876,89.84470385960608,208.94117176652577,133.6883890548542,-19.150821769367703,158.94117176652531,1.072264280983292,1612340216995.0,0.681561188488779,1.0,0.681561188488779,1.0003954416533436,13421.0,0.39238658519242886,
3235147,long,entry,1533.1,147742.0,1533.1,147742.0,488.08573669530904,0.0,0.024092035744569827,0.024092035744569827,44.42769651678345,89.85506343497624,208.96526380227033,133.6883890548542,-19.150821769367703,158.96526380226987,1.0718490252960737,1612350246213.0,1.0,1.0,1.0,1.0003953642140073,10029218.0,0.3945667877917436,1524.6
3235641,long,close,1534.15,-147742.0,1533.1,0.0,0.0,0.06595609955168535,0.024075546719681908,0.09003164627136725,44.45177206350313,89.89377704287293,209.0552954485417,133.7543451544059,-19.150821769367703,159.05529544854124,1.0718665177962055,1612350363702.0,0.6804152976295242,1.0,0.6804152976295242,1.0003953740178733,117489.0,0.3946270372929777,
3277758,long,entry,1584.05,152735.0,1584.05,152735.0,504.3056814122305,0.0,0.024105141883147628,0.024105141883147628,44.475877205386276,89.90414225388268,209.07940059042485,133.7543451544059,-19.150821769367703,159.0794005904244,1.0712280165617776,1612365931940.0,1.0,1.0,1.0,1.0003952966399403,15568238.0,0.39976373414212396,1574.7
3278035,long,close,1585.15,-152735.0,1584.05,0.0,0.0,0.0669101500084284,0.02408841434564552,0.09099856435407391,44.499965619731924,89.94327163655494,209.17039915477892,133.82125530441434,-19.150821769367703,159.17039915477847,1.0712492225321413,1612365961469.0,0.6812629999922699,1.0,0.6812629999922699,1.000395307669226,29529.0,0.3997975177693342,
3316454,long,entry,1624.65,156736.0,1624.65,156736.0,517.2314615243087,0.0,0.024118425507032283,0.024118425507032283,44.52408404523896,89.95364255952296,209.19451758028595,133.82125530441434,-19.150821769367703,159.1945175802855,1.0707416412563864,1612378564178.0,1.0,1.0,1.0,1.0003952303523584,12602709.0,0.40448319709709607,1615.5
3316618,long,close,1625.8,-156736.0,1624.65,0.0,0.0,0.06824010169291624,0.024101365481609054,0.0923414671745253,44.54818541072056,89.993349390408,209.28685904746047,133.88949540610724,-19.150821769367703,159.28685904746,1.0707634420603254,1612378583114.0,0.6813900076849153,1.0,0.6813900076849153,1.0003952430995173,18936.0,0.4045031989558054,
3317527,long,entry,1621.65,156534.0,1621.65,156534.0,516.2770864634033,0.0,0.024131902691702893,0.024131902691702893,44.57231731341226,90.00372610856543,209.31099095015216,133.88949540610724,-19.150821769367703,159.3109909501517,1.07075919667692,1612378833742.0,1.0,1.0,1.0,1.0003951658432053,250628.0,0.40461406291657837,1612.5
3318120,long,reentry,1612.5,290057.0,1615.7071539730987,446591.0,933.3304913125556,0.0,0.04497007751937984,0.04497007751937984,44.617287390931644,90.02306324189875,209.35596102767153,133.88949540610724,-19.150821769367703,159.35596102767107,1.070768059655984,1612378886154.0,0.679818235316814,1.0,0.679818235316814,1.000395116095909,52412.0,0.40468638671056995,1602.0
3318363,long,close,1616.85,-63798.0,1615.7071539730987,382793.0,869.8662673740344,0.02791016526884368,0.009864551442619909,0.03777471671146359,44.62715194237426,90.03930637008469,209.393735744383,133.9174055713761,-19.150821769367703,159.39373574438252,1.0707762302166166,1612378912193.0,0.4204536053199071,1.0,0.4204536053199071,1.0003950568829572,26039.0,0.4047160236109746,1603.5
3319133,long,close,1616.85,-63798.0,1615.7071539730987,318995.0,794.2561047994121,0.02791016526884368,0.009864551442619909,0.03777471671146359,44.63701649381688,90.05554949827064,209.4315104610945,133.94531573664494,-19.150821769367703,159.43151046109398,1.07078028606809,1612379039865.0,0.45918973709221034,1.0,0.45918973709221034,1.0003949976936837,127672.0,0.40480993477686583,1603.5
3319427,long,close,1616.85,-63799.0,1615.7071539730987,255196.0,702.6426759837706,0.027910602745963166,0.009864706064260756,0.03777530881022392,44.64688119988114,90.07179288105904,209.46928576990473,133.97322633939092,-19.150821769367703,159.4692857699042,1.0707867184609419,1612379108757.0,0.5087024991189113,1.0,0.5087024991189113,1.0003949385288515,68892.0,0.40484579176747887,1605.0
3319429,long,close,1616.9,-255196.0,1615.7071539730987,0.0,0.0,0.11652321057037777,0.03945760405714639,0.15598081462752417,44.68633880393829,90.13886463134885,209.62526658453223,134.08974954996128,-19.150821769367703,159.62526658453172,1.0708247403536788,1612379109559.0,0.5655189982786479,1.0,0.5655189982786479,1.0003950348771689,802.0,0.4048460356925851,
3374128,long,entry,1674.9,161935.0,1674.9,161935.0,533.228868718592,0.0,0.024170846020657947,0.024170846020657947,44.71050964995895,90.14925809513774,209.6494374305529,134.08974954996128,-19.150821769367703,159.64943743055238,1.0699484017960879,1612401171167.0,1.0,1.0,1.0,1.00039495780583,22061608.0,0.4115172653849053,1664.7
3374205,long,close,1676.05,-161935.0,1674.9,0.0,0.0,0.06633805178546083,0.024154261507711584,0.09049231329317242,44.73466391146666,90.1881697898538,209.73992974384606,134.15608760174675,-19.150821769367703,159.73992974384555,1.0699700186518828,1612401175266.0,0.6815118000784878,1.0,0.6815118000784878,1.000394967907138,4099.0,0.4115266565014944,
3374316,long,entry,1674.3,161966.0,1674.3,161966.0,533.0389049514553,0.0,0.024184136654124114,0.024184136654124114,44.75884804812078,90.19856896861508,209.7641138805002,134.15608760174675,-19.150821769367703,159.76411388049968,1.069975208484678,1612401191188.0,1.0,1.0,1.0,1.0003948908967744,15922.0,0.41154019434488914,1664.7
3374336,long,close,1675.45,-161966.0,1674.3,0.0,0.0,0.06639829813421215,0.024167537079590556,0.09056583521380271,44.783015585200374,90.237512277757,209.85467971571398,134.22248589988095,-19.150821769367703,159.85467971571347,1.069996960117405,1612401192029.0,0.6815301538751575,1.0,0.6815301538751575,1.0003949010424606,841.0,0.4115426335959512,
3374349,long,entry,1674.2,162045.0,1674.2,162045.0,533.007219024973,0.0,0.02419737785210847,0.02419737785210847,44.807212963052486,90.24791715023342,209.8788770935661,134.22248589988095,-19.150821769367703,159.8788770935656,1.0700026902710713,1612401194276.0,1.0,1.0,1.0,1.0003948240928981,2247.0,0.41154421910914163,1664.7
3374594,long,close,1675.35,-162045.0,1674.2,0.0,0.0,0.06643861767373282,0.024180768197690036,0.09061938587142286,44.831393731250174,90.28688348615813,209.9694964794375,134.28892451755468,-19.150821769367703,159.96949647943703,1.070023351186706,1612401222743.0,0.6809390805273874,1.0,0.6809390805273874,1.0003948342566242,28467.0,0.41157409993465244,
3374650,long,entry,1673.2,162037.0,1673.2,162037.0,532.6892699746314,0.0,0.02421064427444418,0.02421064427444418,44.85560437552462,90.29729406319613,209.99370712371194,134.28892451755468,-19.150821769367703,159.99370712371146,1.0700286836546646,1612401235049.0,1.0,1.0,1.0,1.0003947573677971,12306.0,0.4115809298376264,1663.15
3374915,long,close,1674.35,-162037.0,1673.2,0.0,0.0,0.06651474522197977,0.024194015588138683,0.09070876081011844,44.87979839111276,90.33629883034449,210.08441588452206,134.35543926277666,-19.150821769367703,160.08441588452158,1.0700494647414975,1612401260710.0,0.680842832764368,1.0,0.680842832764368,1.0003947675963827,25661.0,0.41161324991419934,
3375702,long,entry,1670.4,161854.0,1670.4,161854.0,531.7969905975616,0.0,0.024223838601532568,0.024223838601532568,44.90402222971429,90.34671508094314,210.1086397231236,134.35543926277666,-19.150821769367703,160.1086397231231,1.0700466613469855,1612401478739.0,1.0,1.0,1.0,1.0003946907680799,218029.0,0.4117092344434934,1661.6
3376690,long,close,1671.55,-161854.0,1670.4,0.0,0.0,0.06666247349288372,0.02420717298315934,0.09086964647604306,44.928229402697454,90.38578902892785,210.19950936959964,134.42210173626955,-19.150821769367703,160.19950936959916,1.070061707950071,1612401649999.0,0.679968110611084,1.0,0.679968110611084,1.000394701154829,171260.0,0.4118297334459617,
3377254,long,entry,1665.45,161463.0,1665.45,161463.0,530.2215909948758,0.0,0.024237143114473565,0.024237143114473565,44.95246654581193,90.39621100046706,210.22374651271411,134.42210173626955,-19.150821769367703,160.22374651271363,1.0700618981968046,1612401792299.0,1.0,1.0,1.0,1.0003946243870419,142300.0,0.41189852032591323,1655.4
3378082,long,reentry,1655.4,299190.0,1658.9226149618044,460653.0,958.4011399034372,0.0,0.04518394345777455,0.04518394345777455,44.9976504892697,90.41564009615391,210.2689304561719,134.42210173626955,-19.150821769367703,160.2689304561714,1.0700664186703797,1612401952180.0,0.679692155136451,1.0,0.679692155136451,1.0003945750303023,159881.0,0.4119995053198846,1644.0
3378348,long,close,1660.1,-65807.0,1658.9226149618044,394846.0,893.2404949895312,0.028133918701494835,0.00991009577736281,0.03804401447885765,45.00756058504707,90.43199902237981,210.30697447065074,134.45023565497104,-19.150821769367703,160.30697447065026,1.0700739796949728,1612401991784.0,0.42024007022960663,1.0,0.42024007022960663,1.0003945163626553,39604.0,0.41203194735901066,1645.5
3378380,long,close,1660.1,-65807.0,1658.9226149618044,329039.0,815.607589884034,0.028133918701494835,0.00991009577736281,0.03804401447885765,45.01747068082443,90.44835794860573,210.3450184851296,134.47836957367252,-19.150821769367703,160.34501848512912,1.070082724108392,1612402001419.0,0.46167631230667683,1.0,0.46167631230667683,1.0003944577182342,9635.0,0.41203585016071004,1647.0
3378514,long,close,1664.8,-82259.0,1658.9226149618044,246780.0,694.5570031661001,0.1750569565767905,0.012352685007208073,0.18740964158399856,45.02982336583164,90.52894409448685,210.5324281267136,134.6534265302493,-19.150821769367703,160.5324281267131,1.0701261417919152,1612402039635.0,0.5087736983864642,1.0,0.5087736983864642,1.0003945939372811,38216.0,0.4120521931428262,1648.5
3378530,long,close,1664.95,-246780.0,1658.9226149618044,0.0,0.0,0.5385320715393529,0.03705516682182648,0.5755872383611794,45.06687853265347,90.77644660698215,211.10801536507478,135.19195860178866,-19.150821769367703,161.1080153650743,1.0702638143684264,1612402041641.0,0.5826230375782103,1.0,0.5826230375782103,1.0003952349896368,2006.0,0.4120541445436759,
3388646,long,entry,1656.55,161294.0,1656.55,161294.0,527.3874859072414,0.0,0.02434185506021551,0.02434185506021551,45.09122038771368,90.78691360465804,211.132357220135,135.19195860178866,-19.150821769367703,161.1323572201345,1.0700871160547014,1612406655637.0,1.0,1.0,1.0,1.0003951582016675,4613996.0,0.4132879177308916,1647.0
3388864,long,close,1657.7,-161294.0,1656.55,0.0,0.0,0.06754692240876196,0.02432496832961332,0.09187189073837529,45.1155453560433,90.82641851767553,211.22422911087335,135.2595055241974,-19.150821769367703,161.2242291108729,1.0701059457607773,1612406733251.0,0.6812212972030698,1.0,0.6812212972030698,1.0003951691640607,77614.0,0.41331450556746857,
3389056,long,entry,1655.3,161261.0,1655.3,161261.0,526.9894955681017,0.0,0.024355252824261462,0.024355252824261462,45.13990060886756,90.83689127638996,211.2485843636976,135.2595055241974,-19.150821769367703,161.24858436369715,1.070106571330926,1612406864419.0,1.0,1.0,1.0,1.0003950924362364,131168.0,0.41333792237766487,1645.5
3389516,long,reentry,1645.5,298816.0,1648.934985448088,460077.0,952.5995743845237,0.0,0.04539896687936797,0.04539896687936797,45.18529957574693,90.8564128321481,211.29398333057696,135.2595055241974,-19.150821769367703,161.2939833305765,1.0701155568469736,1612406910713.0,0.6797292560891539,1.0,0.6797292560891539,1.0003950430526056,46294.0,0.4133940251520934,1635.0
3390921,long,reentry,1635.0,852522.0,1639.8843297153203,1312599.0,1324.4005002490176,0.0,0.13035504587155963,0.13035504587155963,45.31565462161849,90.91246550187287,211.42433837644853,135.2595055241974,-19.150821769367703,161.42433837644808,1.0701366776802632,1612407161801.0,0.417352472929127,1.0,0.417352472929127,1.0003951038386893,251088.0,0.4135653825392067,1612.5
3391385,long,close,1641.0,-69084.0,1639.8843297153203,1243515.0,1308.8459471420392,0.02864122206810818,0.010524680073126144,0.039165902141234325,45.32617930169162,90.9293068397936,211.46350427858977,135.2881467462655,-19.150821769367703,161.4635042785893,1.070143286200679,1612407230467.0,0.1886789388329959,1.0,0.1886789388329959,1.000395046353615,68666.0,0.4136219731638477,1612.5
3391417,long,close,1642.05,-69084.0,1639.8843297153203,1174431.0,1291.8500015218078,0.05556102128684964,0.010517950123321459,0.0660789714101711,45.33669725181494,90.95772079749997,211.52958324999994,135.34370776755236,-19.150821769367703,161.5295832499995,1.07015846716215,1612407244083.0,0.2026524842265981,1.0,0.2026524842265981,1.0003950237452597,13616.0,0.41362587596554706,1614.0
3391418,long,close,1642.1,-69084.0,1639.8843297153203,1105347.0,1273.2477052723325,0.056842057779549544,0.010517629864198285,0.06735968764374783,45.347214881679136,90.9866854631868,211.59694293764372,135.40054982533192,-19.150821769367703,161.59694293764323,1.0701744838593485,1612407244123.0,1.0,1.0,1.0,1.0003950027801087,40.0,0.4136259979281002,1615.5
3391419,long,close,1642.2,-69084.0,1639.8843297153203,1036263.0,1252.7984793775634,0.059403896742942594,0.010516989404457435,0.06992088614740002,45.357731871083594,91.01675144423018,211.66686382379112,135.45995372207486,-19.150821769367703,161.66686382379064,1.070191105580902,1612407244135.0,1.0,1.0,1.0,1.000394985111494,12.0,0.41362611989065323,1617.0
3391420,long,close,1642.25,-69084.0,1639.8843297153203,967179.0,1230.215759461945,0.060684699227881916,0.0105166692038362,0.07120136843171812,45.36824854028743,91.04736803265583,211.73806519222285,135.52063842130275,-19.150821769367703,161.73806519222236,1.0702079985165973,1612407244851.0,1.0,1.0,1.0,1.0003949690779173,716.0,0.41362624185320634,1617.0
3391461,long,close,1642.35,-69084.0,1639.8843297153203,898095.0,1205.1456933789111,0.0632460702398616,0.010516028861083205,0.0737620991009448,45.378764569148515,91.07908573526923,211.8118272913238,135.58388449154262,-19.150821769367703,161.8118272913233,1.070225109738024,1612407255297.0,0.25080493318599,1.0,0.25080493318599,1.000394956330293,10446.0,0.4136312423178837,1618.5
3391516,long,close,1643.9,-74841.0,1639.8843297153203,823254.0,1174.606841273784,0.11148309505234066,0.011381622969767018,0.12286471802210769,45.39014619211828,91.13191756401874,211.9346920093459,135.69536758659495,-19.150821769367703,161.9346920093454,1.0702528976522272,1612407290419.0,0.26625121411372576,1.0,0.26625121411372576,1.0003950069433576,35122.0,0.41363795025830447,1620.0
3391523,long,close,1644.15,-74841.0,1639.8843297153203,748413.0,1139.9309492079185,0.11840559176478216,0.011379892345588906,0.12978548411037105,45.40152608446387,91.18772532218618,212.06447749345625,135.81377317835972,-19.150821769367703,162.06447749345577,1.07028357463613,1612407293577.0,0.2855189529964817,1.0,0.2855189529964817,1.000395066362105,3158.0,0.41363880399617625,1621.5
3391527,long,close,1644.4,-74841.0,1639.8843297153203,673572.0,1100.2204400763242,0.12532598360715244,0.011378162247628314,0.13670414585478075,45.4129042467115,91.24650810490375,212.20118163931105,135.93909916196688,-19.150821769367703,162.20118163931056,1.070315952674822,1612407294749.0,1.0,1.0,1.0,1.0003951345603395,1172.0,0.41363929184638865,1623.0
3391546,long,close,1645.2,-84196.0,1639.8843297153203,589376.0,1048.0167852941636,0.1658889956627599,0.012794189156333577,0.17868318481909348,45.42569843586783,91.32334187437596,212.37986482413012,136.10498815762963,-19.150821769367703,162.37986482412967,1.070358175600118,1612407297990.0,0.33096963206061164,1.0,0.33096963206061164,1.0003952566400678,3241.0,0.41364160913489767,1624.5
3391553,long,close,1645.7,-84196.0,1639.8843297153203,505180.0,985.629792347613,0.18143762439987757,0.012790301999149298,0.19422792639902686,45.438488737866976,91.40685988272753,212.57409275052916,136.2864257820295,-19.150821769367703,162.5740927505287,1.0704040472204468,1612407301156.0,1.0,1.0,1.0,1.0003953984427085,3166.0,0.4136424628727694,1624.5
3391568,long,close,1646.35,-84196.0,1639.8843297153203,420984.0,909.7669756208575,0.20163672252468254,0.012785252224618095,0.21442197474930064,45.45127399009159,91.49906133186974,212.78851472527847,136.4880625045542,-19.150821769367703,162.78851472527802,1.0704547186794997,1612407302704.0,0.4011060049535999,1.0,0.4011060049535999,1.0003955658666788,1548.0,0.413644292311066,1626.0
3391587,long,close,1647.25,-84196.0,1639.8843297153203,336788.0,815.5481206067045,0.22957838772949846,0.01277826680831689,0.24235665453781535,45.46405225689991,91.603274693321,213.0308713798163,136.7176408922837,-19.150821769367703,163.03087137981584,1.0705119496105193,1612407304031.0,0.4474372282056197,1.0,0.4474372282056197,1.0003957687369125,1327.0,0.413646609599575,1627.5
3391858,long,close,1645.7,-84197.0,1639.8843297153203,252591.0,695.591570195598,0.18143977934339509,0.012790453910190193,0.19423023325358527,45.476842710810104,91.68679369362005,213.22510161306988,136.8990806716271,-19.150821769367703,163.22510161306943,1.0705545101504594,1612407387205.0,0.5039546739208658,1.0,0.5039546739208658,1.0003959095243484,83174.0,0.41367966145146656,1629.0
3391859,long,close,1645.8,-252591.0,1639.8843297153203,0.0,0.0,0.5536452249497422,0.03836903025884069,0.5920142552085829,45.515211741068946,91.94135982335975,213.81711586827848,137.45272589657685,-19.150821769367703,163.81711586827802,1.0706940352930445,1612407387585.0,1.0,1.0,1.0,1.0003965582934438,380.0,0.4136797834140197,
3392254,long,entry,1642.2,161949.0,1642.2,161949.0,522.8196255285583,0.0,0.024654274753379612,0.024654274753379612,45.53986601582233,91.95196116150369,213.84177014303185,137.45272589657685,-19.150821769367703,163.8417701430314,1.0706901894503305,1612407630087.0,1.0,1.0,1.0,1.0003964815633852,242502.0,0.4137279586224964,1633.5
3392807,long,close,1643.35,-161949.0,1642.2,0.0,0.0,0.06901126592966472,0.024637021936897194,0.09364828786656192,45.56450303775922,91.99222992528632,213.93541843089844,137.52173716250653,-19.150821769367703,163.93541843089795,1.0707050766521744,1612407809689.0,0.6806330744152236,1.0,0.6806330744152236,1.0003964928669586,179602.0,0.41379540391436376,
3422996,long,entry,1660.7,163864.0,1660.7,163864.0,528.7093176356009,0.0,0.0246679111218161,0.0246679111218161,45.58917094888104,92.0028371270687,213.96008634202025,137.52173716250653,-19.150821769367703,163.96008634201976,1.0700194965634913,1612425356110.0,1.0,1.0,1.0,1.000396416196574,17546421.0,0.41747733143006704,1651.5
3423047,long,close,1661.85,-163864.0,1660.7,0.0,0.0,0.06828076611025338,0.024650840930288534,0.09293160704054192,45.61382178981133,92.04279771809614,214.0530179490608,137.5900179286168,-19.150821769367703,164.05301794906032,1.0700408865084778,1612425362288.0,0.6815195966293591,1.0,0.6815195966293591,1.000396426532889,6178.0,0.41748355152027544,
3423238,long,entry,1659.95,163880.0,1659.95,163880.0,528.470474614371,0.0,0.024681466309226182,0.024681466309226182,45.63850325612056,92.05341074860911,214.07769941537003,137.5900179286168,-19.150821769367703,164.07769941536955,1.0700443419408547,1612425420906.0,1.0,1.0,1.0,1.0003963499223605,58618.0,0.41750684636791857,1650.0
3423973,long,reentry,1650.0,303669.0,1653.4875617314979,467549.0,955.2503758745868,0.0,0.04601045454545454,0.04601045454545454,45.68451371066601,92.07319524406367,214.1237098699155,137.5900179286168,-19.150821769367703,164.12370986991502,1.0700504647381794,1612425538286.0,0.6797051579657741,1.0,0.6797051579657741,1.0003963004965142,117380.0,0.41759648884445116,1639.5
3424496,long,reentry,1639.5,866368.0,1644.4027566932577,1333917.0,1328.065382475739,0.0,0.13210856968587983,0.13210856968587983,45.81662228035189,92.1300019290286,214.25581843960137,137.5900179286168,-19.150821769367703,164.2558184396009,1.070079822696314,1612425573211.0,0.41733485261850817,1.0,0.41733485261850817,1.0003963605859145,34925.0,0.4176602752597254,1617.0
3430382,long,reentry,1617.0,304799.0,1639.30588033558,1638716.0,1379.324031139009,0.0,0.047124149659863945,0.047124149659863945,45.86374643001176,92.15026531338232,214.30294258926122,137.5900179286168,-19.150821769367703,164.30294258926074,1.070065870263025,1612426211178.0,0.17866020441217173,1.0,0.17866020441217173,1.00039631255086,637967.0,0.41837814684730457,0.05
3447656,long,close,1640.45,-86248.0,1639.30588033558,1552468.0,1365.5891050494445,0.03669420547031898,0.01314395440275534,0.04983815987307432,45.876890384414516,92.17169572212775,214.3527807491343,137.62671213408711,-19.150821769367703,164.3527807491338,1.0699770430403701,1612428787173.0,0.12376582210144585,1.0,0.12376582210144585,1.0003962679763991,2575995.0,0.42048492798964976,1608.0
3447708,long,close,1641.5,-86248.0,1639.30588033558,1466220.0,1350.516654053766,0.07032479242832279,0.01313554675601584,0.08346033918433864,45.890025931170534,92.20758366797702,214.43624108831864,137.69703692651544,-19.150821769367703,164.43624108831816,1.0699960586073014,1612428795886.0,0.1675775037796742,1.0,0.1675775037796742,1.0003962660965955,8713.0,0.42049127004241127,1609.5
3447865,long,close,1640.45,-77169.0,1639.30588033558,1389051.0,1335.8119616355275,0.03283154556556726,0.01176034015056844,0.044591885716135704,45.9017862713211,92.22675817883496,214.48083297403477,137.729868472081,-19.150821769367703,164.48083297403429,1.0700055058310707,1612428818764.0,0.17651423533306956,1.0,0.17651423533306956,1.0003962148630734,22878.0,0.42051041816324886,1611.0
3447972,long,close,1641.5,-77169.0,1639.30588033558,1311882.0,1319.7117917264384,0.0629219681256521,0.011752817544928419,0.07467478567058052,45.91353908886603,92.2588683366733,214.55550775970536,137.79279044020666,-19.150821769367703,164.55550775970485,1.0700216237584737,1612428849309.0,0.1858280236267889,1.0,0.1858280236267889,1.0003962017951629,30545.0,0.4205234681564311,1612.5
3448010,long,close,1642.5,-77169.0,1639.30588033558,1234713.0,1302.0175521335054,0.091543746012842,0.011745662100456621,0.10328940811329862,45.92528475096649,92.30328278216201,214.65879716781865,137.8843341862195,-19.150821769367703,164.65879716781816,1.0700453393776657,1612428854805.0,0.19613096684751274,1.0,0.19613096684751274,1.0003962249614764,5496.0,0.42052810273344915,1612.5
3448308,long,close,1640.45,-64984.0,1639.30588033558,1169729.0,1285.8064776054632,0.02764743818156025,0.009903380170075284,0.03755081835163553,45.93518813113656,92.31942963405322,214.69634798617028,137.91198162440105,-19.150821769367703,164.6963479861698,1.0700521121925701,1612428904187.0,0.205335803879578,1.0,0.205335803879578,1.0003961648046815,49382.0,0.4205644475742746,1614.0
3448330,long,close,1641.55,-68807.0,1639.30588033558,1100922.0,1267.0314658559494,0.057380525605468156,0.010478968048490757,0.06785949365395891,45.94566709918505,92.34860921632442,214.76420747982425,137.96936215000653,-19.150821769367703,164.76420747982377,1.0700676711298476,1612428908124.0,0.21649718018069386,1.0,0.21649718018069386,1.0003961430394481,3937.0,0.4205671307504429,1615.5
3449004,long,close,1640.45,-64760.0,1639.30588033558,1036162.0,1247.7141850918842,0.027552137397480022,0.009869243195464658,0.037421380592944684,45.95553634238052,92.36470040997939,214.8016288604172,137.99691428740402,-19.150821769367703,164.8016288604167,1.0700686204501013,1612429106044.0,0.2261694409527899,1.0,0.2261694409527899,1.0003960827504998,197920.0,0.42064933351123607,1617.0
3449036,long,close,1641.7,-69077.0,1639.30588033558,967085.0,1224.9853923614282,0.061450514988455454,0.01051912651519766,0.07196964150365312,45.96605546889572,92.39564735582596,214.87359850192084,138.05836480239248,-19.150821769367703,164.87359850192036,1.0700851281467654,1612429109802.0,0.23952326135680854,1.0,0.23952326135680854,1.0003960661744664,3758.0,0.42065323631293544,1617.0
3449038,long,close,1641.8,-69077.0,1639.30588033558,898008.0,1199.763565695275,0.06401334274219012,0.010518485808259228,0.07453182855044935,45.97657395470398,92.42769604210265,214.9481303304713,138.12237814513466,-19.150821769367703,164.9481303304708,1.0701023653306214,1612429109911.0,1.0,1.0,1.0,1.0003960528147622,109.0,0.4206534802380416,1618.5
3449162,long,close,1641.9,-69077.0,1639.30588033558,828931.0,1171.6157893227387,0.06657585831762607,0.010517845179365368,0.07709370349699143,45.987091799883345,92.46084633460637,215.0252240339683,138.1889540034523,-19.150821769367703,165.0252240339678,1.0701195770627145,1612429125716.0,0.26881581759741896,1.0,0.26881581759741896,1.0003960426650282,15805.0,0.4206686035946267,1620.0
3449195,long,close,1643.55,-75357.0,1639.30588033558,753574.0,1136.8607346452668,0.11870480630241588,0.01146253536551976,0.13016734166793564,45.99855433524886,92.51681829152358,215.15539137563624,138.3076588097547,-19.150821769367703,165.15539137563573,1.0701496501017045,1612429126083.0,0.28660062758159977,1.0,0.28660062758159977,1.0003960994612076,367.0,0.4206726283588792,1620.0
3449204,long,close,1643.85,-75357.0,1639.30588033558,678217.0,1097.069764495846,0.12707238390294046,0.011460443471119628,0.13853282737406009,46.010014778719984,92.57638740729443,215.2939242030103,138.43473119365765,-19.150821769367703,165.2939242030098,1.0701816441755252,1612429126284.0,0.30828953506418005,1.0,0.30828953506418005,1.0003961666731558,201.0,0.42067372602185715,1621.5
3449219,long,close,1644.6,-84777.0,1639.30588033558,593440.0,1044.7838917921013,0.16647595504126994,0.012887176213060927,0.17936313125433087,46.02290195493305,92.6535135537338,215.47328733426465,138.60120714869893,-19.150821769367703,165.4732873342641,1.0702230428876083,1612429126440.0,1.0,1.0,1.0,1.0003962851559731,156.0,0.4206755554601537,1623.0
3449229,long,close,1645.1,-84777.0,1639.30588033558,508663.0,982.3291622940488,0.18214330196615464,0.012883259376329708,0.19502656134248433,46.03578521430938,92.73737497511108,215.66831389560716,138.7833504506651,-19.150821769367703,165.6683138956066,1.0702680198789347,1612429126602.0,0.364718538372795,1.0,0.364718538372795,1.000396423088013,162.0,0.4206767750856848,1624.5
3449249,long,close,1645.8,-84777.0,1639.30588033558,423886.0,906.4256226559024,0.20406159474396793,0.012877779803135255,0.2169393745471032,46.04866299411251,92.83065890616633,215.88525327015427,138.98741204540906,-19.150821769367703,165.8852532701537,1.0703179838086638,1612429127320.0,0.4028031112565817,1.0,0.4028031112565817,1.0003965882506516,718.0,0.4206792143367469,1626.0
3449426,long,close,1647.9,-105971.0,1639.30588033558,317915.0,784.9397588968593,0.3371301382196864,0.016076673341828992,0.3532068115615154,46.06473966745434,92.98253783513779,216.2384600817158,139.32454218362875,-19.150821769367703,166.2384600817152,1.0703980317316149,1612429159076.0,0.4492324942087787,1.0,0.4492324942087787,1.000396923949997,31756.0,0.4207008017086466,1627.5
3450164,long,close,1645.1,-79478.0,1639.30588033558,238437.0,666.0883946723905,0.17075840562494587,0.01207798917998906,0.18283639480493494,46.076817656634326,93.06115748490392,216.42129647652075,139.4953005892537,-19.150821769367703,166.42129647652013,1.0704353865904417,1612429278403.0,0.522847476431197,1.0,0.522847476431197,1.0003970454636417,119327.0,0.4207908100728385,1629.0
3450203,long,close,1645.1,-238437.0,1639.30588033558,0.0,0.0,0.5122816623719171,0.03623442343930461,0.5485160858112217,46.11305208007363,93.29701940180276,216.96981256233198,140.00758225162562,-19.150821769367703,166.96981256233136,1.0705607215131832,1612429292274.0,0.5950953498845686,1.0,0.5950953498845686,1.0003976237837764,13871.0,0.4207955666124096,
3463050,long,entry,1623.15,162430.0,1623.15,162430.0,516.7535493150132,0.0,0.025017712472661182,0.025017712472661182,46.13806979254629,93.30777701816601,216.99483027480466,140.00758225162562,-19.150821769367703,166.99483027480403,1.070402938125657,1612433468062.0,1.0,1.0,1.0,1.0003975473259972,4175788.0,0.42236241953215653,1614.0
3463103,long,close,1624.3,-162430.0,1623.15,0.0,0.0,0.07084989064471872,0.025,0.09584989064471872,46.16306979254629,93.34899247114323,217.09068016544938,140.07843214227034,-19.150821769367703,167.09068016544876,1.0704248166406118,1612433468877.0,0.681370360516085,1.0,0.681370360516085,1.0003975592823555,815.0,0.4223688835474711,
3469720,long,entry,1618.7,162075.0,1618.7,162075.0,515.3369984389219,0.0,0.02503166120961265,0.02503166120961265,46.1881014537559,93.35975608546337,217.115711826659,140.07843214227034,-19.150821769367703,167.11571182665838,1.0703207940322064,1612436281167.0,1.0,1.0,1.0,1.0003974828834372,2812290.0,0.4231759097613705,1609.5
3471087,long,reentry,1609.5,300324.0,1612.7246825793309,462399.0,931.6171185695252,0.0,0.04664864864864865,0.04664864864864865,46.23475010240455,93.3798150043823,217.16236047530765,140.07843214227034,-19.150821769367703,167.16236047530703,1.0703232597122525,1612436491007.0,0.6798055245960285,1.0,0.6798055245960285,1.0003974334669359,209840.0,0.42334263257146576,1599.0
3471208,long,close,1613.85,-66057.0,1612.7246825793309,396342.0,868.2701437151419,0.028560807945937145,0.010232828329770426,0.038793636275707574,46.24498293073432,93.39649626798085,217.20115411158338,140.1069929502163,-19.150821769367703,167.20115411158272,1.0703315464139245,1612436505390.0,0.42088822119131897,1.0,0.42088822119131897,1.0003973742788022,14383.0,0.4233573900403916,1600.5
3471390,long,close,1613.85,-66057.0,1612.7246825793309,330285.0,792.7992193450967,0.028560807945937145,0.010232828329770426,0.038793636275707574,46.255215759064086,93.41317753157941,217.2399477478591,140.13555375816225,-19.150821769367703,167.23994774785842,1.0703388377291332,1612436545275.0,0.46028273894940674,1.0,0.46028273894940674,1.0003973151140528,39885.0,0.42337958722505675,1600.5
3471440,long,close,1613.85,-66057.0,1612.7246825793309,264228.0,701.3554281613909,0.028560807945937145,0.010232828329770426,0.038793636275707574,46.265448587393855,93.42985879517798,217.27874138413483,140.1641145661082,-19.150821769367703,167.27874138413412,1.0703469146405864,1612436564954.0,0.5085244440238691,1.0,0.5085244440238691,1.000397255972672,19679.0,0.42338568535271204,1602.0
3471441,long,close,1613.9,-264228.0,1612.7246825793309,0.0,0.0,0.11931557992419241,0.040930045232046595,0.160245625156239,46.3063786326259,93.49876441399516,217.43898700929108,140.2834301460324,-19.150821769367703,167.43898700929037,1.0703834077777006,1612436565515.0,1.0,1.0,1.0,1.0003973479180623,561.0,0.42338580731526515,
3489811,long,entry,1614.6,161924.0,1614.6,161924.0,514.0320092798289,0.0,0.02507184441967051,0.02507184441967051,46.33145047704557,93.50954530709562,217.46405885371075,140.2834301460324,-19.150821769367703,167.46405885371004,1.0700136990628224,1612446244483.0,1.0,1.0,1.0,1.0003972717001537,9678968.0,0.425626259415814,1605.0
3490053,long,close,1615.7,-161924.0,1614.6,0.0,0.0,0.06827759822156794,0.02505477502011512,0.09333237324168306,46.35650525206569,93.54967822758954,217.55739122695243,140.35170774425396,-19.150821769367703,167.55739122695172,1.070033523002877,1612446278491.0,0.6812599930056247,1.0,0.6812599930056247,1.0003972803206485,34008.0,0.42565577435366553,
3490769,long,entry,1612.25,161776.0,1612.25,161776.0,513.2830410716118,0.0,0.02508543960303923,0.02508543960303923,46.38159069166873,93.56046496661885,217.58247666655546,140.35170774425396,-19.150821769367703,167.58247666655475,1.070032769258134,1612446445192.0,1.0,1.0,1.0,1.000397204162094,166701.0,0.4257430995416891,1603.5
3491354,long,reentry,1603.5,299770.0,1606.5669532397637,461546.0,927.9916804144711,0.0,0.04673682569379482,0.04673682569379482,46.42832751736252,93.58056180166717,217.62921349224925,140.35170774425396,-19.150821769367703,167.62921349224854,1.0700408360752005,1612446510277.0,0.6798883400969087,1.0,0.6798883400969087,1.0003971549125572,65085.0,0.4258144476352559,1593.55
3491795,long,close,1607.7,-65935.0,1606.5669532397637,395611.0,864.8852318907927,0.02892410988119757,0.010253001181812528,0.0391771110630101,46.438580518544335,93.59740795942426,217.66839060331225,140.38063185413515,-19.150821769367703,167.66839060331154,1.0700482125687116,1612446548857.0,0.4203674700721604,1.0,0.4203674700721604,1.0003970962996633,38580.0,0.4258682331211754,1593.55
3492752,long,reentry,1593.55,733067.0,1598.1125500702026,1128678.0,1246.1914359373263,0.0,0.11500533400269838,0.11500533400269838,46.55358585254703,93.64686025304542,217.78339593731494,140.38063185413515,-19.150821769367703,167.78339593731422,1.070068842647962,1612446688354.0,0.45724177477829137,1.0,0.45724177477829137,1.0003971317141789,139497.0,0.4259849512844974,1574.7
3493512,long,close,1599.2,-62704.0,1598.1125500702026,1065974.0,1228.771710997036,0.02668052509060153,0.0098024012006003,0.03648292629120183,46.56338825374763,93.66254791135064,217.81987886360614,140.40731237922574,-19.150821769367703,167.81987886360542,1.0700746767798934,1612446750917.0,0.21623180129727904,1.0,0.21623180129727904,1.0003970697668516,62563.0,0.4260776428248576,1574.7
3493537,long,close,1600.35,-66623.0,1598.1125500702026,999351.0,1208.4565831159555,0.058284781667894414,0.010407567094698035,0.06869234876259245,46.57379582084233,93.69208562131855,217.88857121236873,140.46559716089365,-19.150821769367703,167.88857121236802,1.070090034188818,1612446755346.0,0.2319936804293659,1.0,0.2319936804293659,1.0003970477307085,4429.0,0.42608069188868525,1576.15
3493576,long,close,1600.45,-66623.0,1598.1125500702026,932728.0,1186.0426719727086,0.06088594186526688,0.010406916804648692,0.07129285866991557,46.584202737646976,93.72274155054662,217.95986407103865,140.52648310275893,-19.150821769367703,167.95986407103794,1.0701059992785273,1612446759132.0,0.24436042950385775,1.0,0.24436042950385775,1.0003970288977448,3786.0,0.4260854484282564,1577.6
3493581,long,close,1600.6,-71748.0,1598.1125500702026,860980.0,1159.1614253404941,0.06977084332977941,0.011206422591528178,0.08097726592130759,46.5954091602385,93.75756177489279,218.04084133695997,140.59625394608872,-19.150821769367703,168.04084133695926,1.0701242881072832,1612446759259.0,0.2585147873009855,1.0,0.2585147873009855,1.0003970220229543,127.0,0.4260860582410219,1577.6
3493583,long,close,1600.75,-71748.0,1598.1125500702026,789232.0,1128.9159140435568,0.0739712828455774,0.011205372481649227,0.08517665532722662,46.60661453272015,93.79418773668348,218.1260179922872,140.6702252289343,-19.150821769367703,168.12601799228648,1.0701435183622434,1612446759393.0,1.0,1.0,1.0,1.0003970203046502,134.0,0.42608630216612814,1579.05
3493620,long,close,1600.9,-71748.0,1598.1125500702026,717484.0,1094.6345145743592,0.0781709352217422,0.011204322568555187,0.0893752577902974,46.617818855288704,93.83261909753331,218.21539325007748,140.74839616415605,-19.150821769367703,168.21539325007677,1.0701630605942627,1612446775786.0,0.2944716492446992,1.0,0.2944716492446992,1.0003970237316449,16393.0,0.426090814780593,1580.5
3493623,long,close,1601.05,-71748.0,1598.1125500702026,645736.0,1055.454086473527,0.08236980067948338,0.01120327285219075,0.09357307353167413,46.629022128140896,93.87285551915194,218.30896632360916,140.83076596483554,-19.150821769367703,168.30896632360844,1.070184169526473,1612446775940.0,1.0,1.0,1.0,1.0003970322924751,154.0,0.42609118066825236,1581.95
3493630,long,close,1601.25,-71748.0,1598.1125500702026,573988.0,1010.2439817862511,0.08796706424342435,0.011201873536299766,0.09916893777972412,46.6402240016772,93.91549816239721,218.40813526138888,140.91873302907896,-19.150821769367703,168.40813526138817,1.0702065147670239,1612446776533.0,0.34077381313917304,1.0,0.34077381313917304,1.0003970477005644,593.0,0.4260920344061241,1583.4
3493634,long,close,1601.5,-71748.0,1598.1125500702026,502240.0,957.4980936198876,0.09496167775344366,0.01120012488292226,0.10616180263636592,46.651424126560116,93.96114773753085,218.51429706402524,141.0136947068324,-19.150821769367703,168.51429706402453,1.0702304472026638,1612446776592.0,1.0,1.0,1.0,1.00039707166263,59.0,0.4260925222563365,1583.4
3493639,long,close,1601.8,-71748.0,1598.1125500702026,430492.0,895.1648964006941,0.10335233192968785,0.0111980272193782,0.11455035914906604,46.662622153779495,94.01040439196495,218.6288474231743,141.1170470387621,-19.150821769367703,168.6288474231736,1.0702562339381434,1612446777284.0,0.4021242000500233,1.0,0.4021242000500233,1.000397105877887,692.0,0.42609313206910204,1584.85
3493674,long,close,1602.25,-71748.0,1598.1125500702026,358744.0,820.3707339959791,0.11593242180010967,0.011194882196910595,0.12712730399702027,46.673817035976406,94.06506913268366,218.75597472717132,141.2329794605622,-19.150821769367703,168.7559747271706,1.0702843783706166,1612446789890.0,0.44111575426066424,1.0,0.44111575426066424,1.0003971554750282,12606.0,0.4260974007584607,1586.3
3493684,long,close,1602.85,-71748.0,1598.1125500702026,286996.0,728.97379394913,0.13269488695441747,0.011190691580622018,0.1438855785350395,46.68500772755703,94.12693993145373,218.89986030570637,141.36567434751663,-19.150821769367703,168.89986030570566,1.070316688632836,1612446791887.0,1.0,1.0,1.0,1.0003972255544473,1997.0,0.42609862038399177,1587.75
3493687,long,close,1602.8,-286996.0,1598.1125500702026,0.0,0.0,0.525201296757412,0.04476478662340904,0.569966083380821,46.72977251418044,94.37202534730748,219.4698263890872,141.89087564427405,-19.150821769367703,169.46982638908648,1.070444783535894,1612446791914.0,1.0,1.0,1.0,1.0003978182193198,27.0,0.4260989862716511,
3493820,long,entry,1599.6,161918.0,1599.6,161918.0,509.25658059597635,0.0,0.02530601400350088,0.02530601400350088,46.75507852818394,94.382906933329,219.49513240309068,141.89087564427405,-19.150821769367703,169.49513240308997,1.0704496151416145,1612446813770.0,1.0,1.0,1.0,1.0003977422642394,21856.0,0.42611520729121416,1590.65
3493852,long,close,1600.7,-161918.0,1599.6,0.0,0.0,0.06956110552596823,0.02528862372711938,0.0948497292530876,46.78036715191106,94.4236923169078,219.58998213234375,141.9604367498,-19.150821769367703,169.58998213234307,1.070470686005782,1612446819244.0,0.6816648972677128,1.0,0.6816648972677128,1.0003977515047515,5474.0,0.42611911009291353,
3493953,long,entry,1599.2,161966.0,1599.2,161966.0,509.1289410995721,0.0,0.025319847423711857,0.025319847423711857,46.80568699933477,94.4345798513,219.61530197976745,141.9604367498,-19.150821769367703,169.61530197976677,1.0704756508910502,1612446837661.0,1.0,1.0,1.0,1.0003976756083888,18417.0,0.42613142831077716,1590.65
3494791,long,reentry,1590.65,300122.0,1593.6468518983397,462088.0,920.5081130699278,0.0,0.0471697104957093,0.0471697104957093,46.852856709830476,94.45486282681317,219.66247169026317,141.9604367498,-19.150821769367703,169.6624716902625,1.0704802585441442,1612446991451.0,0.6799139060105795,1.0,0.6799139060105795,1.0003976264789305,153790.0,0.4262336329302796,1580.5
3495729,long,close,1594.75,-66012.0,1593.6468518983397,396076.0,857.9103376277886,0.02865312622543033,0.010348330459319642,0.039001456684749976,46.8632050402898,94.47163345318761,219.70147314694793,141.98908987602545,-19.150821769367703,169.70147314694725,1.0704849975960966,1612447094619.0,0.41857749300787783,1.0,0.41857749300787783,1.0003975673761027,103168.0,0.4263480338050926,1580.5
3496279,long,close,1594.75,-66012.0,1593.6468518983397,330064.0,783.3334141407861,0.02865312622543033,0.010348330459319642,0.039001456684749976,46.87355337074912,94.48840407956206,219.7404746036327,142.01774300225088,-19.150821769367703,169.740474603632,1.0704885780971602,1612447227570.0,0.45973718465456176,1.0,0.45973718465456176,1.0003975082965482,132951.0,0.42641511320930064,1581.95
3496430,long,close,1599.3,-82516.0,1593.6468518983397,247548.0,667.0503563728009,0.1830233516024749,0.012898768211092353,0.19592211981356725,46.886452138960216,94.5726505910819,219.93639672344628,142.20076635385337,-19.150821769367703,169.93639672344557,1.0705319051470157,1612447242222.0,0.5088202820787646,1.0,0.5088202820787646,1.0003976408721365,14652.0,0.4264335295548196,1583.4
3496444,long,close,1598.6,-247548.0,1593.6468518983397,0.0,0.0,0.48129221609029815,0.03871324909295634,0.5200054651832545,46.92516538805317,94.7962529411107,220.45640218862954,142.68205856994368,-19.150821769367703,170.45640218862883,1.0706480400029683,1612447247123.0,0.5827153630647769,1.0,0.5827153630647769,1.0003981680451264,4901.0,0.4264352370305631,
3498155,long,entry,1587.45,161410.0,1587.45,161410.0,505.3874443228434,0.0,0.02541969825821286,0.02541969825821286,46.950585086311385,94.80718341136173,220.48182188688776,142.68205856994368,-19.150821769367703,170.48182188688705,1.0706395121794199,1612447612205.0,1.0,1.0,1.0,1.000398092159087,365082.0,0.4266439149589267,1579.05
3498225,long,close,1588.55,-161410.0,1587.45,0.0,0.0,0.07040802765801561,0.025402096251298353,0.09581012390931397,46.97598718256268,94.84838176464274,220.57763201079706,142.75246659760168,-19.150821769367703,170.57763201079635,1.0706604290499102,1612447624551.0,0.6815153011797943,1.0,0.6815153011797943,1.0003981019354438,12346.0,0.42665245233764404,
3498300,long,entry,1587.05,161459.0,1587.05,161459.0,505.2621143950866,0.0,0.02543382376106613,0.02543382376106613,47.00142100632375,94.85931830886,220.60306583455812,142.75246659760168,-19.150821769367703,170.6030658345574,1.0706656420902185,1612447636513.0,1.0,1.0,1.0,1.0003980261080014,11962.0,0.42666159952912697,1577.6
3499357,long,close,1588.15,-161459.0,1587.05,0.0,0.0,0.07046489597878242,0.025416207537071432,0.09588110351585385,47.02683721386082,94.9005471833718,220.69894693807396,142.82293149358046,-19.150821769367703,170.69894693807328,1.0706814204859858,1612447780954.0,0.6801227473678664,1.0,0.6801227473678664,1.0003980359190452,144441.0,0.4267905139477595,
3499461,long,entry,1583.2,161155.0,1583.2,161155.0,504.03445642792315,0.0,0.025447669277412835,0.025447669277412835,47.052284883138235,94.91148968116109,220.72439460735137,142.82293149358046,-19.150821769367703,170.7243946073507,1.0706860850772397,1612447806991.0,1.0,1.0,1.0,1.0003979601497601,26037.0,0.42680319805328254,1574.7
3499802,long,reentry,1574.7,298620.0,1577.67932140721,459775.0,911.290851011752,0.0,0.04740903029148409,0.04740903029148409,47.09969391342972,94.93187556418643,220.77180363764285,142.82293149358046,-19.150821769367703,170.77180363764217,1.070695712405721,1612447831375.0,0.6799069911231557,1.0,0.6799069911231557,1.0003979110770147,24384.0,0.4268447872838915,1564.55
3501213,long,close,1578.8,-65682.0,1577.67932140721,394093.0,849.3185365203033,0.029551640411668526,0.010400620724600962,0.039952261136269485,47.11009453415432,94.94905503647502,220.81175589877913,142.85248313399214,-19.150821769367703,170.81175589877844,1.0707015099869637,1612447911341.0,0.4183744887594128,1.0,0.4183744887594128,1.0003978529708883,79966.0,0.4270168764463234,1564.55
3501856,long,close,1578.8,-65682.0,1577.67932140721,328411.0,775.4868480386851,0.029551640411668526,0.010400620724600962,0.039952261136269485,47.120495154878924,94.96623450876362,220.8517081599154,142.88203477440382,-19.150821769367703,170.85170815991472,1.0707061003977796,1612448022256.0,0.45956632845260836,1.0,0.45956632845260836,1.0003977948871112,110915.0,0.4270952983679703,1566.0
3502031,long,close,1578.8,-65682.0,1577.67932140721,262729.0,686.031380923812,0.029551640411668526,0.010400620724600962,0.039952261136269485,47.13089577560353,94.98341398105222,220.89166042105168,142.9115864148155,-19.150821769367703,170.891660421051,1.0707137305079035,1612448055054.0,0.5087346944736086,1.0,0.5087346944736086,1.0003977368256687,32798.0,0.4271166418147638,1567.45
3502035,long,close,1579.25,-262729.0,1577.67932140721,0.0,0.0,0.16562493415246488,0.04159078676586987,0.20721572091833473,47.1724865623694,95.07251674104711,221.09887614197004,143.07721134896798,-19.150821769367703,171.09887614196933,1.0707598808224679,1612448055638.0,0.5655829654737766,1.0,0.5655829654737766,1.0003978813814365,584.0,0.42711712966497617,
3503659,long,entry,1570.45,160147.0,1570.45,160147.0,499.97564135207676,0.0,0.02549380750740234,0.02549380750740234,47.1979803698768,95.0834790782753,221.12436994947745,143.07721134896798,-19.150821769367703,171.12436994947674,1.0707519716343985,1612448404353.0,1.0,1.0,1.0,1.0003978057751552,348715.0,0.4273151968512196,1561.65
3504301,long,reentry,1561.65,296752.0,1564.7344751246992,456899.0,903.8743565002223,0.0,0.04750616335286396,0.04750616335286396,47.245486533229666,95.10390672851703,221.17187611283032,143.07721134896798,-19.150821769367703,171.1718761128296,1.0707615569954325,1612448429793.0,0.6798311722899099,1.0,0.6798311722899099,1.0003977568360292,25440.0,0.42739349681031336,1551.5
3504534,long,close,1565.8,-65271.0,1564.7344751246992,391628.0,842.4136983152307,0.02838617785043919,0.0104213501085707,0.038807527959009894,47.25590788333824,95.12059396553941,221.21068364078934,143.10559752681843,-19.150821769367703,171.21068364078863,1.0707698335758438,1612448439073.0,0.4208161242469419,1.0,0.4208161242469419,1.0003976973926287,9280.0,0.4274219140851869,1552.95
3505639,long,close,1565.8,-65271.0,1564.7344751246992,326357.0,769.1902484479564,0.02838617785043919,0.0104213501085707,0.038807527959009894,47.26632923344681,95.1372812025618,221.24949116874836,143.13398370466888,-19.150821769367703,171.24949116874765,1.0707751504492933,1612448524266.0,0.45919387666737455,1.0,0.45919387666737455,1.000397637972781,85193.0,0.42755668270636854,1552.95
3505643,long,close,1565.8,-65271.0,1564.7344751246992,261086.0,680.4697921303592,0.02838617785043919,0.0104213501085707,0.038807527959009894,47.27675058355538,95.15396843958418,221.2882986967074,143.16236988251933,-19.150821769367703,171.28829869670668,1.070783763254048,1612448524831.0,0.5087400616650446,1.0,0.5087400616650446,1.0003975785764703,565.0,0.427557170556581,1554.4
3505644,long,close,1565.85,-261086.0,1564.7344751246992,0.0,0.0,0.11886993790470259,0.04168438867069004,0.16055432657539262,47.31843497222607,95.22300680001159,221.44885302328277,143.28123982042402,-19.150821769367703,171.44885302328206,1.0708194712254047,1612448524847.0,1.0,1.0,1.0,1.0003976661830347,16.0,0.4275572925191341,
3505870,long,entry,1562.4,159579.0,1562.4,159579.0,497.4143194906577,0.0,0.025534274193548385,0.025534274193548385,47.34396924641962,95.23398653791482,221.4743872974763,143.28123982042402,-19.150821769367703,171.4743872974756,1.07082378853285,1612448559710.0,1.0,1.0,1.0,1.0003975907555476,34863.0,0.42758485605613594,1552.95
3506234,long,close,1563.5,-159579.0,1562.4,0.0,0.0,0.07185852667195691,0.025516309561880397,0.0973748362338373,47.3694855559815,95.27585771749536,221.57176213371014,143.35309834709597,-19.150821769367703,171.57176213370943,1.070844149460877,1612448592557.0,0.6808787326036713,1.0,0.6808787326036713,1.000397601990451,32847.0,0.42762925042546635,
3506459,long,entry,1560.6,159483.0,1560.6,159483.0,496.8399268399811,0.0,0.025548346789696273,0.025548346789696273,47.395033902771196,95.28684350661493,221.59731048049983,143.35309834709597,-19.150821769367703,171.59731048049912,1.0708487267924558,1612448620740.0,1.0,1.0,1.0,1.0003975266202558,28183.0,0.42765669199991513,1551.5
3506719,long,close,1561.7,-159483.0,1560.6,0.0,0.0,0.07198099883118957,0.025530351539988474,0.09751135037117804,47.42056425431119,95.32877338727454,221.694821830871,143.42507934592714,-19.150821769367703,171.6948218308703,1.0708697978936634,1612448635839.0,0.6807249128683088,1.0,0.6807249128683088,1.0003975379655954,15099.0,0.42768840226372257,
3564333,long,entry,1649.25,168636.0,1649.25,168636.0,525.0628459896096,0.0,0.025562528422010004,0.025562528422010004,47.446126782733195,95.33976527449599,221.720384359293,143.42507934592714,-19.150821769367703,171.7203843592923,1.0701318662777388,1612467894415.0,1.0,1.0,1.0,1.000397462652697,19258576.0,0.4347151527983454,1639.5
3564390,long,close,1650.4,-168636.0,1649.25,0.0,0.0,0.07124795851991131,0.02554471643238003,0.09679267495229134,47.47167149916557,95.38138612472548,221.8171770342453,143.49632730444705,-19.150821769367703,171.8171770342446,1.070152953002648,1612467898852.0,0.6815195184001397,1.0,0.6815195184001397,1.0003974730793377,4437.0,0.4347221046638724,
3564422,long,entry,1649.0,168704.0,1649.0,168704.0,524.9843388459486,0.0,0.025576713159490602,0.025576713159490602,47.49724821232506,95.39238411138406,221.8427537474048,143.49632730444705,-19.150821769367703,171.8427537474041,1.0701584236915975,1612467902636.0,1.0,1.0,1.0,1.0003973978240062,3784.0,0.4347260074655718,1639.5
3564774,long,close,1650.15,-168704.0,1649.0,0.0,0.0,0.07129829441787716,0.02555888858588613,0.0968571830037633,47.522807100910946,95.43403270007569,221.93961093040858,143.56762559886494,-19.150821769367703,171.93961093040787,1.070176981037064,1612467973305.0,0.6808120754850594,1.0,0.6808120754850594,1.0003974082756932,70669.0,0.43476893828426494,
3569391,long,entry,1642.3,168111.0,1642.3,168111.0,522.8506836193241,0.0,0.02559078731047921,0.02559078731047921,47.54839788822142,95.4450367386192,221.96520171771905,143.56762559886494,-19.150821769367703,171.96520171771834,1.0700897275741583,1612470405491.0,1.0,1.0,1.0,1.0003973330777014,2432186.0,0.43533203939195325,1633.5
3569812,long,close,1643.45,-168111.0,1642.3,0.0,0.0,0.071628355975677,0.025572880221485288,0.09720123619716228,47.573970768442905,95.48683327018398,222.06240295391623,143.63925395484063,-19.150821769367703,172.0624029539155,1.070109395234177,1612470448114.0,0.6806043472087208,1.0,0.6806043472087208,1.0003973438898912,42623.0,0.43538338562681067,
3570209,long,entry,1639.8,167948.0,1639.8,167948.0,522.0548551203362,0.0,0.025604951823393098,0.025604951823393098,47.5995757202663,95.49784339946804,222.08800790573963,143.63925395484063,-19.150821769367703,172.0880079057389,1.0701094506882922,1612470593674.0,1.0,1.0,1.0,1.0003972687491254,145560.0,0.4354318047603936,1630.5
3570272,long,close,1640.95,-167948.0,1639.8,0.0,0.0,0.07177718905976041,0.025587007526128157,0.09736419658588857,47.62516272779243,95.53971000399997,222.18537210232552,143.71103114390039,-19.150821769367703,172.18537210232478,1.0701303416281456,1612470604806.0,0.6814796491029065,1.0,0.6814796491029065,1.0003972797036047,11132.0,0.43543948840123925,
3571449,long,entry,1637.3,167785.0,1637.3,167785.0,521.2593467003215,0.0,0.02561915959201124,0.02561915959201124,47.65078188738444,95.55072624262453,222.2109912619175,143.71103114390039,-19.150821769367703,172.21099126191677,1.0701132033617948,1612471201138.0,1.0,1.0,1.0,1.0003972046199783,596332.0,0.43558303832624445,1627.5
3571857,long,close,1638.45,-167785.0,1637.3,0.0,0.0,0.07192659777427683,0.02560117794256767,0.0975277757168445,47.67638306532701,95.59266318618278,222.30851903763437,143.78295774167466,-19.150821769367703,172.30851903763363,1.0701306475215457,1612471303098.0,0.6807671576076666,1.0,0.6807671576076666,1.0003972157170462,101960.0,0.4356327990479115,
3575059,long,entry,1631.55,167288.0,1631.55,167288.0,519.4278299372619,0.0,0.02563329349391683,0.02563329349391683,47.70201635882093,95.60368550238516,222.33415233112828,143.78295774167466,-19.150821769367703,172.33415233112754,1.0700608762849158,1612473281488.0,1.0,1.0,1.0,1.0003971406903323,1978390.0,0.4360233231429555,1623.0
3575651,long,close,1632.7,-167288.0,1631.55,0.0,0.0,0.07221972810191683,0.025615238561891344,0.09783496666380817,47.72763159738282,95.6457545380506,222.4319872977921,143.85517746977658,-19.150821769367703,172.43198729779135,1.0700783346140537,1612473384078.0,0.6804897398429833,1.0,0.6804897398429833,1.0003971521013726,102590.0,0.43609552497439397,
3575788,long,entry,1629.05,167125.0,1629.05,167125.0,518.6331276338756,0.0,0.02564761670912495,0.02564761670912495,47.75327921409194,95.65678301323553,222.45763491450123,143.85517746977658,-19.150821769367703,172.4576349145005,1.070081404216645,1612473450515.0,1.0,1.0,1.0,1.0003970771315938,66437.0,0.4361122338441694,1620.0
3576116,long,reentry,1620.0,309682.0,1623.1721037023367,476807.0,937.6195352709395,0.0,0.04779043209876543,0.04779043209876543,47.801069646190705,95.67733289903799,222.5054253466,143.85517746977658,-19.150821769367703,172.50542534659925,1.0700887435713626,1612473531706.0,0.6798462127634337,1.0,0.6798462127634337,1.000397028669917,81191.0,0.43615223756158805,1609.5
3577285,long,reentry,1609.5,883523.0,1614.2921862709786,1360330.0,1303.6613424067718,0.0,0.13723563218390805,0.13723563218390805,47.938305278374614,95.73634422087707,222.6426609787839,143.85517746977658,-19.150821769367703,172.64266097878317,1.0701093116182758,1612473777779.0,0.4174286027705493,1.0,0.4174286027705493,1.000397087075426,246073.0,0.4362948117861684,1587.0
3578340,long,close,1615.4,-71596.0,1614.2921862709786,1288734.0,1288.34705331471,0.030415382271102093,0.011080227807354215,0.041495610078456306,47.94938550618197,95.75418733321082,222.68415658886238,143.8855928520477,-19.150821769367703,172.6841565888616,1.0701032189328403,1612474175449.0,0.18742086053119836,1.0,0.18742086053119836,1.0003970310744588,397670.0,0.4364234822796948,1588.5
3578366,long,close,1616.45,-71596.0,1614.2921862709786,1217138.0,1271.613145170723,0.05920498714034391,0.011073030406136905,0.07027801754648082,47.960458536588106,95.7844068807558,222.75443460640884,143.94479783918803,-19.150821769367703,172.7544346064081,1.0701183040011149,1612474181528.0,1.0,1.0,1.0,1.0003970094380779,6079.0,0.4364266533060755,1588.5
3578400,long,close,1617.6,-76071.0,1614.2921862709786,1141067.0,1252.0514806143904,0.09636224021889081,0.011756769287833828,0.10811900950672464,47.97221530587594,95.8308980548437,222.86255361591557,144.04116007940692,-19.150821769367703,172.86255361591483,1.0701416815771607,1612474186175.0,0.21340273093484896,1.0,0.21340273093484896,1.0003970329068046,4647.0,0.4364308000328811,1590.0
3578410,long,close,1617.7,-76071.0,1614.2921862709786,1064996.0,1230.4153930322477,0.09926927348534535,0.011756042529517214,0.11102531601486257,47.98397134840546,95.87863894073008,222.97357893193043,144.14042935289226,-19.150821769367703,172.9735789319297,1.0701655935536964,1612474193113.0,0.22598202236993667,1.0,0.22598202236993667,1.0003970597629934,6938.0,0.43643201965841216,1591.5
3578413,long,close,1617.85,-76071.0,1614.2921862709786,988925.0,1206.355284417198,0.10362914956637771,0.011754952560496957,0.11538410212687467,47.995726300965956,95.92825410464464,223.08896303405731,144.24405850245864,-19.150821769367703,173.08896303405658,1.0701907048722699,1612474193162.0,1.0,1.0,1.0,1.0003970917278995,49.0,0.4364323855460715,1593.0
3578441,long,close,1618.05,-76071.0,1614.2921862709786,912854.0,1179.4390667127732,0.10944106022945997,0.011753499582831187,0.12119455981229116,48.007479800548786,95.98036776536394,223.2101575938696,144.3534995626881,-19.150821769367703,173.21015759386887,1.0702169788688092,1612474195535.0,0.25441576982867864,1.0,0.25441576982867864,1.0003971305161785,2373.0,0.4364358004975584,1594.5
3579050,long,close,1615.4,-65203.0,1614.2921862709786,847651.0,1153.801758684104,0.027699510729966337,0.010090844372910733,0.03779035510287707,48.0175706449217,95.99661761805817,223.2479479489725,144.3811990734181,-19.150821769367703,173.24794794897176,1.0702178883876667,1612474387215.0,0.26619855240914997,1.0,0.26619855240914997,1.000397070061805,191680.0,0.4365100756923997,1594.5
3579074,long,close,1616.95,-70637.0,1614.2921862709786,777014.0,1122.6729605789044,0.07192469871067216,0.01092133337456322,0.08284603208523537,48.02849197829626,96.03224141185483,223.33079398105772,144.45312377212875,-19.150821769367703,173.33079398105698,1.070235790044252,1612474390042.0,0.2857706777157424,1.0,0.2857706777157424,1.0003970631715826,2827.0,0.4365130027936742,1596.0
3579319,long,close,1615.4,-64751.0,1614.2921862709786,712263.0,1090.6390877084941,0.027507492282196375,0.01002089265816516,0.03752838494036154,48.03851287095443,96.04837861737917,223.36832236599807,144.48063126441093,-19.150821769367703,173.36832236599736,1.070241622236622,1612474450973.0,0.3026659457878168,1.0,0.3026659457878168,1.0003970024317446,60931.0,0.4365428836191851,1597.5
3579392,long,close,1615.4,-64751.0,1614.2921862709786,647512.0,1054.5316374968515,0.027507492282196375,0.01002089265816516,0.03752838494036154,48.048533763612596,96.06451582290352,223.4058507509384,144.5081387566931,-19.150821769367703,173.40585075093773,1.0702476477987153,1612474506789.0,0.3244934578003195,1.0,0.3244934578003195,1.0003969417166294,55816.0,0.4365517868855618,1597.5
3579470,long,close,1617.45,-71945.0,1614.2921862709786,575567.0,1008.5183987550006,0.08701099131267576,0.011120127360969427,0.09813111867364518,48.059653890973564,96.10671220393318,223.50398186961206,144.59514974800578,-19.150821769367703,173.50398186961138,1.070267031917087,1612474557420.0,0.347200917731304,1.0,0.347200917731304,1.0003969529299428,50631.0,0.43656129996470405,1599.0
3579473,long,close,1617.7,-71945.0,1614.2921862709786,503622.0,954.9330938994082,0.0938850268946533,0.011118408852073932,0.10500343574672724,48.07077229982564,96.15186368130426,223.60898530535877,144.68903477490042,-19.150821769367703,173.60898530535812,1.0702898195466377,1612474557690.0,1.0,1.0,1.0,1.00039697223309,270.0,0.43656166585236333,1600.5
3579570,long,close,1618.05,-71946.0,1614.2921862709786,431676.0,891.7393425898928,0.10350654676905427,0.011116158338741078,0.11462270510779535,48.081888458164386,96.20115144450062,223.72360801046656,144.79254132166946,-19.150821769367703,173.7236080104659,1.0703112091560656,1612474648987.0,0.4092953767787899,1.0,0.4092953767787899,1.0003970028620683,91297.0,0.43657349622001457,1600.5
3579608,long,close,1619.1,-86335.0,1614.2921862709786,345341.0,799.1232671605667,0.15881031574321042,0.013330708418257058,0.17214102416146748,48.095219166582645,96.27517208489006,223.89574903462804,144.95135163741267,-19.150821769367703,173.89574903462739,1.0703479238472262,1612474665158.0,0.44901644005691077,1.0,0.44901644005691077,1.0003971014754063,16171.0,0.4365781307970326,1602.0
3579642,long,close,1620.0,-86335.0,1614.2921862709786,259006.0,681.1535414577706,0.1884341122282343,0.013323302469135802,0.2017574146973701,48.108542469051784,96.36192777320993,224.0975064493254,145.1397857496409,-19.150821769367703,174.09750644932475,1.0703911516216948,1612474678037.0,0.5064855537066131,1.0,0.5064855537066131,1.0003972348865169,12879.0,0.4365822775238382,1603.5
3579668,long,close,1620.5,-259006.0,1614.2921862709786,0.0,0.0,0.6146350490251679,0.03995772909595804,0.6545927781211259,48.148500198147744,96.64340266780201,224.75209922744654,145.75442079866608,-19.150821769367703,174.75209922744588,1.0705323919961722,1612474687118.0,0.57965161439244,1.0,0.57965161439244,1.0003979020663745,9081.0,0.4365854485502189,
3581010,long,entry,1610.9,166986.0,1610.9,166986.0,512.8531337638369,0.0,0.025915016450431434,0.025915016450431434,48.17441521459818,96.6545461248757,224.77801424389696,145.75442079866608,-19.150821769367703,174.7780142438963,1.0705198983959414,1612475159607.0,1.0,1.0,1.0,1.0003978272748724,472489.0,0.4367491222964866,1602.0
3581035,long,close,1612.0,-166986.0,1610.9,0.0,0.0,0.0707357769118336,0.025897332506203474,0.09663310941803707,48.20031254710438,96.69609836192545,224.874647353315,145.82515657557792,-19.150821769367703,174.87464735331434,1.0705405926324914,1612475163947.0,0.681615884179391,1.0,0.681615884179391,1.0003978357608094,4340.0,0.4367521713603142,
3586660,long,entry,1606.75,166647.0,1606.75,166647.0,511.53271185942253,0.0,0.02592920491675743,0.02592920491675743,48.22624175202114,96.70724792003966,224.90057655823176,145.82515657557792,-19.150821769367703,174.9005765582311,1.0704258331909504,1612478312305.0,1.0,1.0,1.0,1.000397761026479,3148358.0,0.4374382107215329,1597.5
3586698,long,close,1607.85,-166647.0,1606.75,0.0,0.0,0.07095717985740639,0.02591146562179308,0.09686864547919947,48.252153217642935,96.7489014375957,224.99744520371095,145.89611375543532,-19.150821769367703,174.9974452037103,1.0704464898308754,1612478317724.0,0.6814765641150581,1.0,0.6814765641150581,1.0003977697404056,5419.0,0.43744284529855093,
3586784,long,entry,1606.35,166697.0,1606.35,166697.0,511.4064409820305,0.0,0.025943443209761264,0.025943443209761264,48.2780966608527,96.76005711817591,225.02338864692072,145.89611375543532,-19.150821769367703,175.02338864692007,1.070451004952356,1612478345780.0,1.0,1.0,1.0,1.0003976950631355,28056.0,0.437453334078118,1597.9
3587198,long,close,1607.45,-166697.0,1606.35,0.0,0.0,0.07101381077044583,0.02592568975706865,0.09693950052751447,48.30402235060976,96.80174110340273,225.12032814744822,145.96712756620576,-19.150821769367703,175.1203281474476,1.0704684675147067,1612478434947.0,0.6806703459369151,1.0,0.6806703459369151,1.000397703810977,89167.0,0.43750382657510367,
3588072,long,entry,1603.0,166440.0,1603.0,166440.0,510.33947238777097,0.0,0.025957579538365565,0.025957579538365565,48.32997993014813,96.81290286260423,225.14628572698658,145.96712756620576,-19.150821769367703,175.14628572698595,1.070458669802821,1612478837883.0,1.0,1.0,1.0,1.0003976291905514,402936.0,0.43761042184651794,1593.55
3588357,long,reentry,1593.55,308413.0,1596.8623050712536,474853.0,922.5110720566068,0.0,0.04838458159455304,0.04838458159455304,48.37836451174268,96.83370823268989,225.19467030858112,145.96712756620576,-19.150821769367703,175.1946703085805,1.0704687351729936,1612478846863.0,0.6797367603465511,1.0,0.6797367603465511,1.0003975809224552,8980.0,0.437645181174153,1583.4
3589694,long,close,1597.95,-67836.0,1596.8623050712536,407017.0,859.7893524031147,0.02891589771912976,0.010612972871491598,0.03952887059062136,48.38897748461417,96.85070564704384,225.23419917917172,145.99604346392488,-19.150821769367703,175.23419917917113,1.0704703717780897,1612479026682.0,0.4192199244166414,1.0,0.4192199244166414,1.0003975222814296,179819.0,0.43780824510765515,1584.85
3591006,long,close,1597.95,-67836.0,1596.8623050712536,339181.0,785.0622513088427,0.02891589771912976,0.010612972871491598,0.03952887059062136,48.399590457485665,96.8677030613978,225.27372804976233,146.024959361644,-19.150821769367703,175.27372804976176,1.0704614151096024,1612479484019.0,0.45867320254163907,1.0,0.45867320254163907,1.0003974636632347,457337.0,0.4379682599773296,1584.85
3591241,long,close,1597.95,-67836.0,1596.8623050712536,271345.0,694.518106631921,0.02891589771912976,0.010612972871491598,0.03952887059062136,48.41020343035716,96.88470047575176,225.31325692035293,146.0538752593631,-19.150821769367703,175.3132569203524,1.0704648747431835,1612479615987.0,0.5074428262955467,1.0,0.5074428262955467,1.000397405067855,131968.0,0.43799692117730943,1586.3
3591254,long,close,1598.45,-271345.0,1596.8623050712536,0.0,0.0,0.1687805336842819,0.042438768807282055,0.21121930249156395,48.45264219916444,96.97552477582312,225.52447622284447,146.22265579304738,-19.150821769367703,175.52447622284396,1.07051011406342,1612479619374.0,0.5654916750300795,1.0,0.5654916750300795,1.0003975475207705,3387.0,0.4379985066904998,
3644685,long,entry,1653.4,171981.0,1653.4,171981.0,526.3845636844168,0.0,0.02600414297810572,0.02600414297810572,48.47864634214254,96.9867065573037,225.55048036582258,146.22265579304738,-19.150821769367703,175.55048036582207,1.0691654426529154,1612515668472.0,1.0,1.0,1.0,1.0003974730596414,36049098.0,0.44451508786548216,1644.0
3645289,long,close,1654.55,-171981.0,1653.4,0.0,0.0,0.0722970340571594,0.02598606871959143,0.09828310277675083,48.50463241086213,97.0289682914977,225.64876346859933,146.29495282710454,-19.150821769367703,175.64876346859882,1.0691797001242351,1612515843184.0,0.6803009027121673,1.0,0.6803009027121673,1.0003974831529714,174712.0,0.44458875324755787,
3649738,long,entry,1647.25,171436.0,1647.25,171436.0,524.4272000492241,0.0,0.02601851570799818,0.02601851570799818,48.530650926570125,97.04015625325215,225.67478198430732,146.29495282710454,-19.150821769367703,175.6747819843068,1.0690618275149442,1612519205810.0,1.0,1.0,1.0,1.0003974087481284,3362626.0,0.44513136464632447,1638.0
3649853,long,close,1648.4,-171436.0,1647.25,0.0,0.0,0.07260687470081083,0.026000363989322976,0.0986072386901338,48.55665129055945,97.0825573658889,225.77338922299745,146.36755970180536,-19.150821769367703,175.77338922299694,1.0690803498627703,1612519265123.0,0.6814123078493262,1.0,0.6814123078493262,1.0003974191683858,59313.0,0.4451453903399316,
3706060,long,entry,1734.9,180658.0,1734.9,180658.0,552.33230911333,0.0,0.026032912559801717,0.026032912559801717,48.58268420311925,97.09375151828962,225.79942213555725,146.36755970180536,-19.150821769367703,175.79942213555674,1.068351716659967,1612539522383.0,1.0,1.0,1.0,1.000397344819651,20257260.0,0.45200053956233494,1724.8
3706420,long,close,1736.1,-180658.0,1734.9,0.0,0.0,0.07197625729336621,0.02601491849547837,0.09799117578884459,48.60869912161473,97.13588772387882,225.8974133113461,146.43953595909872,-19.150821769367703,175.8974133113456,1.068371281431811,1612539543682.0,0.6804926770906866,1.0,0.6804926770906866,1.0003973544690032,21299.0,0.45204444608145294,
3709861,long,entry,1726.9,179923.0,1726.9,179923.0,549.7838464607236,0.0,0.026047107533730962,0.026047107533730962,48.634746229148455,97.14708798011833,225.92346041887984,146.43953595909872,-19.150821769367703,175.92346041887933,1.068338802834462,1612540600416.0,1.0,1.0,1.0,1.0003972801763517,1056734.0,0.4524641192266891,1716.8
3710542,long,reentry,1716.8,333397.0,1720.340135393127,513320.0,993.8301033397605,0.0,0.04854919035414725,0.04854919035414725,48.6832954195026,97.16796413197062,225.972009609234,146.43953595909872,-19.150821769367703,175.97200960923348,1.0683464014432498,1612540669155.0,0.6797531111339895,1.0,0.6797531111339895,1.000397232149865,68739.0,0.45254717572535397,1705.6
3710718,long,close,1721.55,-73331.0,1720.340135393127,439989.0,926.2566558142405,0.029956454932879125,0.010648979117655602,0.040605434050534725,48.69394439862025,97.18542446861235,226.01261504328454,146.4694924140316,-19.150821769367703,176.01261504328403,1.0683541242508605,1612540688427.0,0.42074365953269194,1.0,0.42074365953269194,1.0003971748812466,19272.0,0.4525686411347006,1707.2
3710753,long,close,1721.55,-73331.0,1720.340135393127,366658.0,845.7498020698897,0.029956454932879125,0.010648979117655602,0.040605434050534725,48.70459337773791,97.20288480525409,226.0532204773351,146.4994488689645,-19.150821769367703,176.05322047733458,1.068362421976354,1612540691612.0,0.46172904706285417,1.0,0.46172904706285417,1.000397117634275,3185.0,0.45257290982405923,1707.2
3710981,long,close,1726.45,-91664.0,1720.340135393127,274994.0,720.2180062822097,0.18856542517437316,0.01327348026296736,0.2018389054373405,48.717866858000875,97.28967553459215,226.25505938277243,146.68801429413887,-19.150821769367703,176.25505938277192,1.068402950599682,1612540726834.0,0.5087562500683126,1.0,0.5087562500683126,1.0003972480320213,35222.0,0.4526007172861673,1708.8
3710982,long,close,1726.5,-274994.0,1720.340135393127,0.0,0.0,0.5703132748714466,0.03981957717926441,0.610132852050711,48.75768643518014,97.55203266097395,226.86519223482313,147.2583275690103,-19.150821769367703,176.86519223482264,1.0685290612189893,1612540726874.0,1.0,1.0,1.0,1.0003978521281793,40.0,0.4526008392487204,
3718883,long,entry,1714.1,179355.0,1714.1,179355.0,545.7098450662124,0.0,0.026158771366898082,0.026158771366898082,48.78384520654704,97.56328093266171,226.89135100619004,147.2583275690103,-19.150821769367703,176.89135100618955,1.068381553693922,1612544992010.0,1.0,1.0,1.0,1.0003977778219286,4265136.0,0.45356446538080736,1705.0
3718969,long,close,1715.3,-179355.0,1714.1,0.0,0.0,0.07320124908827189,0.026140471054626014,0.0993417201428979,48.80998567760167,97.60599787232316,226.99069272633292,147.33152881809858,-19.150821769367703,176.99069272633244,1.0684016794333369,1612545001167.0,0.6814861115588557,1.0,0.6814861115588557,1.0003977883528599,9157.0,0.4535749541603744,
3719545,long,entry,1712.2,179255.0,1712.2,179255.0,545.1043187510313,0.0,0.02617319822450648,0.02617319822450648,48.83615887582617,97.6172523475597,227.01686592455744,147.33152881809858,-19.150821769367703,177.01686592455695,1.0683999718265829,1612545199458.0,1.0,1.0,1.0,1.000397714102381,198291.0,0.4536452045909632,1701.9
3719579,long,close,1713.4,-179255.0,1712.2,0.0,0.0,0.07332283849516857,0.02615486751488269,0.09947770601005126,48.862313743341055,97.66002776114402,227.11634363056748,147.40485165659373,-19.150821769367703,177.116343630567,1.0684203417100209,1612545202207.0,0.6815979446547714,1.0,0.6815979446547714,1.0003977247382982,2749.0,0.4536493513177688,
3719690,long,entry,1711.75,179307.0,1711.75,179307.0,544.9608681308822,0.0,0.026187673433620565,0.026187673433620565,48.88850141677467,97.67128846072048,227.1425313040011,147.40485165659373,-19.150821769367703,177.1425313040006,1.0684244408613734,1612545238187.0,1.0,1.0,1.0,1.0003976505435264,35980.0,0.45366288916116354,1701.9
3719720,long,close,1712.95,-179307.0,1711.75,0.0,0.0,0.07338266293900854,0.026169327767885813,0.09955199070689436,48.91467074454256,97.71409581672442,227.24208329470798,147.47823431953273,-19.150821769367703,177.2420832947075,1.0684446466838695,1612545245630.0,0.6815980438018859,1.0,0.6815980438018859,1.0003976612127659,7443.0,0.4536665480377567,
3719915,long,entry,1711.05,179333.0,1711.05,179333.0,544.7382126096719,0.0,0.026202185792349727,0.026202185792349727,48.94087293033491,97.72536275661514,227.26828548050034,147.47823431953273,-19.150821769367703,177.26828548049986,1.0684478653723384,1612545306191.0,1.0,1.0,1.0,1.0003975870736501,60561.0,0.45369033073561227,1701.9
3720053,long,close,1712.25,-179333.0,1711.05,0.0,0.0,0.07345334606703822,0.026183822455832968,0.09963716852287119,48.96705675279075,97.76820673907997,227.3679226490232,147.55168766559976,-19.150821769367703,177.36792264902272,1.0684675473134893,1612545328426.0,0.6812905379068149,1.0,0.6812905379068149,1.000397597788664,22235.0,0.45370716156794083,
3720311,long,entry,1709.85,179307.0,1709.85,179307.0,544.3572872964121,0.0,0.026216773401175546,0.026216773401175546,48.99327352619192,97.77947995164249,227.3941394224244,147.55168766559976,-19.150821769367703,177.3941394224239,1.068470823264798,1612545387367.0,1.0,1.0,1.0,1.0003975237051932,58941.0,0.45373862790664204,1700.35
3720433,long,close,1711.05,-179307.0,1709.85,0.0,0.0,0.0735457831890657,0.02619838695537828,0.09974417014444398,49.0194719131473,97.82236994480459,227.49388359256884,147.62523344878883,-19.150821769367703,177.49388359256835,1.0684899170227846,1612545426301.0,0.6813456141799379,1.0,0.6813456141799379,1.0003975344909937,38934.0,0.4537535073381209,
3721094,long,entry,1707.4,179149.0,1707.4,179149.0,543.5767294939519,0.0,0.026231258053180273,0.026231258053180273,49.04570317120048,97.83364938576746,227.520114850622,147.62523344878883,-19.150821769367703,177.52011485062152,1.0684806910909401,1612545834286.0,1.0,1.0,1.0,1.0003974604629406,407985.0,0.4538341245857237,1697.25
3721471,long,close,1708.6,-179149.0,1707.4,0.0,0.0,0.0736919341304156,0.026212835069647666,0.09990476920006326,49.07191600627013,97.87660843652348,227.62001961982207,147.69892538291924,-19.150821769367703,177.6200196198216,1.0684971564725414,1612545947086.0,0.6807278908143949,1.0,0.6807278908143949,1.0003974713810553,112800.0,0.4538801044682445,
3723384,long,entry,1701.8,178660.0,1701.8,178660.0,541.7929958621861,0.0,0.026245739804912446,0.026245739804912446,49.09816174607504,97.8878941046396,227.646265359627,147.69892538291924,-19.150821769367703,177.6462653596265,1.0684612218655103,1612547101371.0,1.0,1.0,1.0,1.0003973974082867,1154285.0,0.4541134188323354,1692.6
3724116,long,reentry,1692.6,331056.0,1695.8246819797691,509716.0,979.5437049922655,0.0,0.048897554058844384,0.048897554058844384,49.14705930013389,97.90892005288491,227.69516291368583,147.69892538291924,-19.150821769367703,177.69516291368535,1.0684688939274791,1612547167139.0,0.6798954265090036,1.0,0.6798954265090036,1.000397349552452,65768.0,0.45420269542120867,1681.75
3724280,long,close,1697.0,-72816.0,1695.8246819797691,436900.0,912.9325209802091,0.029738524633087716,0.010727165586328816,0.04046569021941653,49.15778646572022,97.92632029967925,227.73562860390524,147.72866390755232,-19.150821769367703,177.73562860390476,1.068475915847067,1612547202707.0,0.4210734604064625,1.0,0.4210734604064625,1.0003972920059625,35568.0,0.454222697279918,1681.75
3724472,long,close,1697.0,-72816.0,1695.8246819797691,364084.0,833.5738994522762,0.029738524633087716,0.010727165586328816,0.04046569021941653,49.16851363130655,97.9437205464736,227.77609429412465,147.7584024321854,-19.150821769367703,177.77609429412416,1.068482597709513,1612547247731.0,0.461619082986254,1.0,0.461619082986254,1.0003972344813483,45024.0,0.45424611409011423,1683.3
3724871,long,close,1697.0,-72816.0,1695.8246819797691,291268.0,737.4214260415357,0.029738524633087716,0.010727165586328816,0.04046569021941653,49.179240796892884,97.96112079326794,227.81655998434405,147.78814095681847,-19.150821769367703,177.81655998434357,1.0684872347467644,1612547349847.0,0.5087232064521725,1.0,0.5087232064521725,1.0003971769785953,102116.0,0.45429477714880334,1684.85
3724883,long,close,1697.2,-291268.0,1695.8246819797691,0.0,0.0,0.13918163440682774,0.04290419514494462,0.18208582955177235,49.222144992037826,98.03941769997522,227.99864581389585,147.9273225912253,-19.150821769367703,177.99864581389534,1.068524298563725,1612547356164.0,0.5654942544609871,1.0,0.5654942544609871,1.0003972822161284,6317.0,0.4542962406994406,
3725548,long,entry,1694.45,178185.0,1694.45,178185.0,539.4545249801537,0.0,0.026289503968839445,0.026289503968839445,49.24843449600667,98.05072218668181,228.02493531786467,147.9273225912253,-19.150821769367703,178.02493531786416,1.0685204516546822,1612547613922.0,1.0,1.0,1.0,1.0003972084091601,257758.0,0.4543773457972558,1684.85
3726878,long,reentry,1684.85,330176.0,1688.214884403013,508361.0,975.22210272032,0.0,0.04899189838858059,0.04899189838858059,49.297426394395245,98.0717887029889,228.07392721625325,147.9273225912253,-19.150821769367703,178.07392721625274,1.06851865209009,1612547944266.0,0.6798109419633465,1.0,0.6798109419633465,1.0003971606928395,330344.0,0.45453955599288615,1674.0
3727462,long,close,1689.4,-72623.0,1688.214884403013,435738.0,908.9095266386983,0.03017690420948423,0.010746862791523617,0.040923767001007846,49.308173257186766,98.08938592279934,228.11485098325429,147.9574994954348,-19.150821769367703,178.11485098325375,1.0685238333855869,1612548033398.0,0.42020089017816886,1.0,0.42020089017816886,1.0003971037343364,89132.0,0.4546107821238998,1675.55
3727663,long,close,1689.4,-72623.0,1688.214884403013,363115.0,829.9055306433571,0.03017690420948423,0.010746862791523617,0.040923767001007846,49.31892011997829,98.10698314260979,228.15577475025532,147.9876763996443,-19.150821769367703,178.15577475025475,1.0685304403868965,1612548082645.0,0.46073183622255287,1.0,0.46073183622255287,1.000397046797207,49247.0,0.454635296597074,1675.55
3727667,long,close,1689.4,-72623.0,1688.214884403013,290492.0,734.1810862932083,0.03017690420948423,0.010746862791523617,0.040923767001007846,49.32966698276981,98.12458036242023,228.19669851725635,148.0178533038538,-19.150821769367703,178.19669851725575,1.0685385530312521,1612548089783.0,1.0,1.0,1.0,1.0003969898814373,7138.0,0.4546357844472864,1677.1
3727669,long,close,1689.5,-290492.0,1688.214884403013,0.0,0.0,0.13088517260379956,0.042984906777153005,0.17387007938095256,49.37265188954696,98.19934449655403,228.3705685966373,148.1487384764576,-19.150821769367703,178.3705685966367,1.0685740862859592,1612548089893.0,1.0,1.0,1.0,1.000397085248486,110.0,0.45463602837239264,
3729563,long,entry,1682.95,177264.0,1682.95,177264.0,535.7925404880845,0.0,0.02633233310555869,0.02633233310555869,49.398984222652516,98.21066739978943,228.39690092974286,148.1487384764576,-19.150821769367703,178.39690092974226,1.0685539541677853,1612548802360.0,1.0,1.0,1.0,1.0003970116086514,712467.0,0.4548670254479746,1674.0
3730291,long,close,1684.1,-177264.0,1682.95,0.0,0.0,0.07192490486642995,0.026314351879342085,0.09823925674577204,49.42529857453186,98.25291028019011,228.4951401864886,148.22066338132402,-19.150821769367703,178.49514018648804,1.0685694185715022,1612548930654.0,0.6806576823887921,1.0,0.6806576823887921,1.000397020258865,128294.0,0.4549558141866354,
3764480,long,entry,1709.4,180148.0,1709.4,180148.0,544.2129337002242,0.0,0.026346671346671346,0.026346671346671346,49.45164524587853,98.26423934886917,228.52148685783527,148.22066338132402,-19.150821769367703,178.5214868578347,1.067793034457969,1612571017173.0,1.0,1.0,1.0,1.0003969466744433,22086519.0,0.4591255919147609,1700.35
3764622,long,close,1710.6,-180148.0,1709.4,0.0,0.0,0.07392962847187916,0.026328188939553375,0.10025781741143253,49.47797343481808,98.30735021035608,228.6217446752467,148.2945930097959,-19.150821769367703,178.62174467524613,1.0678121799574987,1612571047789.0,0.6813741605970584,1.0,0.6813741605970584,1.0003969575820841,30616.0,0.45914291059730183,
3764829,long,entry,1708.3,180132.0,1708.3,180132.0,543.86309314409,0.0,0.026361294854533746,0.026361294854533746,49.504334729672614,98.31868556714353,228.64810597010123,148.2945930097959,-19.150821769367703,178.64810597010066,1.0678141172550222,1612571144267.0,1.0,1.0,1.0,1.0003968840524717,96478.0,0.4591681568457947,1698.8
3765323,long,close,1709.5,-180132.0,1708.3,0.0,0.0,0.07401825990158784,0.02634279028955835,0.10036105019114619,49.530677519962175,98.36184081872571,228.74846702029237,148.36861126969748,-19.150821769367703,178.7484670202918,1.0678295391603845,1612571281486.0,0.6804189134186802,1.0,0.6804189134186802,1.0003968950251785,137219.0,0.45922840634702883,
3765895,long,entry,1705.1,179894.0,1705.1,179894.0,542.8438389524156,0.0,0.026375872382851447,0.026375872382851447,49.557053392345026,98.37318244385034,228.77484289267522,148.36861126969748,-19.150821769367703,178.77484289267466,1.0678258161241492,1612571539643.0,1.0,1.0,1.0,1.000396821550219,258157.0,0.4592981689274052,1695.7
3766097,long,close,1706.3,-179894.0,1705.1,0.0,0.0,0.07419808207096153,0.026357322862333707,0.10055540493329523,49.58341071520736,98.41642126797166,228.8753982976085,148.44280935176843,-19.150821769367703,178.87539829760794,1.0678423410830686,1612571646045.0,0.6811302637732521,1.0,0.6811302637732521,1.0003968326916568,106402.0,0.4593228053631325,
3766569,long,entry,1703.15,179788.0,1703.15,179788.0,542.2230770058075,0.0,0.02639051169891084,0.02639051169891084,49.60980122690627,98.42776918800219,228.90178880930742,148.44280935176843,-19.150821769367703,178.90178880930685,1.067839132421038,1612571889477.0,1.0,1.0,1.0,1.0003967592712777,243432.0,0.45938037168819834,1694.15
3766830,long,reentry,1694.15,333147.0,1697.3045751410998,512935.0,980.3655466225287,0.0,0.04916137886255644,0.04916137886255644,49.65896260576883,98.44890858091308,228.95095018816997,148.44280935176843,-19.150821769367703,178.9509501881694,1.0678486125312372,1612571901305.0,0.6799344330288605,1.0,0.6799344330288605,1.0003967118246657,11828.0,0.4594122039145589,1683.3
3767923,long,reentry,1683.3,950468.0,1688.208720803497,1463403.0,1363.2700627915715,0.0,0.1411614091368146,0.1411614091368146,49.80012401490564,98.50960798684193,229.0921115973068,148.44280935176843,-19.150821769367703,179.09211159730623,1.0678704190028148,1612572089553.0,0.4175757928872546,1.0,0.4175757928872546,1.0003967691145947,188248.0,0.45954550898510327,1660.05
3771642,long,reentry,1660.05,335436.0,1682.9578625157671,1798839.0,1416.0517200816444,0.0,0.0505159483148098,0.0505159483148098,49.85063996322045,98.53132984461729,229.1426275456216,148.44280935176843,-19.150821769367703,179.14262754562102,1.067863090556053,1612572588999.0,0.1787529742219449,1.0,0.1787529742219449,1.0003967231845075,499446.0,0.4599990877201028,0.05
3777548,long,close,1684.15,-94675.0,1682.9578625157671,1704164.0,1401.95041066048,0.03982058587634687,0.0140538253718493,0.05387441124819617,49.8646937885923,98.55449584145401,229.1965019568698,148.4826299376448,-19.150821769367703,179.1965019568692,1.06784399912752,1612573444021.0,0.13889037667205187,1.0,0.13889037667205187,1.0003966810841602,855022.0,0.4607193985587441,1650.75
3777583,long,close,1685.2,-94675.0,1682.9578625157671,1609489.0,1386.477037664391,0.07484673503477055,0.014045068834559696,0.08889180386933024,49.87873885742686,98.59271931711783,229.28539376073914,148.55747667267957,-19.150821769367703,179.28539376073854,1.0678614800376096,1612573454628.0,0.1676608717543978,1.0,0.1676608717543978,1.0003966787820486,10607.0,0.4607236672481028,1652.3
3777606,long,close,1685.2,-89416.0,1682.9578625157671,1520073.0,1370.4613350690727,0.07068915405195715,0.013264894374554949,0.0839540484265121,49.89200375180142,98.62881955794123,229.36934780916565,148.62816582673153,-19.150821769367703,179.36934780916505,1.0678780709626854,1612573462151.0,0.17723820570015078,1.0,0.17723820570015078,1.000396670835158,7523.0,0.46072647238682424,1653.85
3778341,long,close,1684.15,-80003.0,1682.9578625157671,1440070.0,1354.849265014061,0.0336494991483008,0.011875872101653652,0.045525371249954455,49.90387962390307,98.64839546757871,229.4148731804156,148.66181532587984,-19.150821769367703,179.41487318041501,1.0678805263622175,1612573653074.0,0.1813253673422505,1.0,0.1813253673422505,1.0003966192448819,190923.0,0.46081611486335683,1655.4
3779728,long,close,1684.15,-75793.0,1682.9578625157671,1364277.0,1338.7510310613764,0.031878760658314846,0.011250927767716652,0.0431296884260315,49.91513055167079,98.6669412336019,229.45800286884165,148.69369408653816,-19.150821769367703,179.45800286884105,1.0678654023511878,1612574332729.0,0.1895380361224735,1.0,0.1895380361224735,1.0003965649533553,679655.0,0.4609852769245142,1655.4
3779770,long,close,1684.15,-71804.0,1682.9578625157671,1292473.0,1322.1683150041936,0.030200975423978985,0.010658789300240477,0.04085976472421946,49.92578934097103,98.68451093243333,229.49886263356586,148.72389506196214,-19.150821769367703,179.49886263356527,1.0678728966599718,1612574352728.0,0.20454484191243236,1.0,0.20454484191243236,1.0003965081068322,19999.0,0.46099039935174463,1656.95
3779795,long,close,1684.15,-71804.0,1682.9578625157671,1220669.0,1304.1142037933685,0.030200975423978985,0.010658789300240477,0.04085976472421946,49.936448130271266,98.70208063126474,229.53972239829008,148.75409603738612,-19.150821769367703,179.53972239828948,1.0678798461794803,1612574388257.0,0.21458458179624956,1.0,0.21458458179624956,1.0003964512816343,35529.0,0.46099344841557227,1658.5
3779814,long,close,1684.15,-71804.0,1682.9578625157671,1148865.0,1284.3837689402224,0.030200975423978985,0.010658789300240477,0.04085976472421946,49.9471069195715,98.71965033009614,229.5805821630143,148.7842970128101,-19.150821769367703,179.5805821630137,1.0678870262889124,1612574417147.0,0.22533238065082514,1.0,0.22533238065082514,1.0003963944777476,28890.0,0.4609957657040813,1658.5
3779832,long,close,1685.4,-76591.0,1682.9578625157671,1072274.0,1261.1635267783663,0.06594344285396186,0.011360952889521774,0.07730439574348363,49.95846787246103,98.75289122026584,229.65788655875778,148.85024045566405,-19.150821769367703,179.65788655875718,1.0679024963982964,1612574417785.0,1.0,1.0,1.0,1.0003963789653587,638.0,0.4609979610300372,1660.05
3779849,long,close,1685.5,-76591.0,1682.9578625157671,995683.0,1235.388773614096,0.06863960491613616,0.01136027884900623,0.07999988376514239,49.96982815131003,98.78729117028486,229.73788644252292,148.9188800605802,-19.150821769367703,179.73788644252232,1.0679185233510131,1612574417797.0,0.2515127886415821,1.0,0.2515127886415821,1.0003963664818885,12.0,0.46100003439343995,1661.6
3779877,long,close,1685.6,-76591.0,1682.9578625157671,919092.0,1206.614499762378,0.07133544707299944,0.011359604888467014,0.08269505196146645,49.9811877561985,98.82285004262829,229.8205814944844,148.9902155076532,-19.150821769367703,179.8205814944838,1.067934295817044,1612574440342.0,0.26689684976761957,1.0,0.26689684976761957,1.00039635702145,22545.0,0.46100344934492693,1663.15
3779878,long,close,1685.7,-76591.0,1682.9578625157671,842501.0,1174.2859591335728,0.0740309693814674,0.011358931007889896,0.0853899003893573,49.99254668720639,98.8595676997957,229.90597139487375,149.06424647703466,-19.150821769367703,179.90597139487315,1.0679513589802083,1612574441258.0,1.0,1.0,1.0,1.0003963505780595,916.0,0.46100357130748004,1663.15
3779881,long,close,1685.85,-76591.0,1682.9578625157671,765910.0,1137.700346705118,0.07807365325294159,0.011357920336922029,0.08943157358986362,50.00390460754331,98.89802327643936,229.99540296846362,149.1423201302876,-19.150821769367703,179.99540296846303,1.0679690288303363,1612574447768.0,1.0,1.0,1.0,1.0003963486672185,6510.0,0.4610039371951394,1664.7
3779885,long,close,1686.05,-76591.0,1682.9578625157671,689319.0,1095.957535443435,0.08346277947668558,0.011356573055366094,0.09481935253205168,50.01526118059868,98.93879559802814,230.09022232099568,149.2257829097643,-19.150821769367703,180.09022232099508,1.067987886619652,1612574450936.0,1.0,1.0,1.0,1.0003963527994877,3168.0,0.4610044250453518,1666.25
3779888,long,close,1686.25,-76591.0,1682.9578625157671,612728.0,1047.8880090867067,0.08885062733097389,0.01135522609340252,0.1002058534243764,50.02661640669208,98.98188411500063,230.19042817442005,149.31463353709526,-19.150821769367703,180.19042817441945,1.0680079183011932,1612574451122.0,1.0,1.0,1.0,1.0003963629612374,186.0,0.4610047909330111,1667.8
3779895,long,close,1686.5,-76591.0,1682.9578625157671,536137.0,991.9372456030956,0.09558364013465512,0.011353542840201602,0.10693718297485671,50.03796994953228,99.02786710367981,230.2973653573949,149.41021717722992,-19.150821769367703,180.2973653573943,1.0680292304322017,1612574452917.0,0.37862428303682005,1.0,0.37862428303682005,1.0003963806556735,1795.0,0.46100564467088284,1667.8
3779914,long,close,1687.3,-89356.0,1682.9578625157671,446781.0,913.8188320602474,0.13663493071295296,0.013239495051265334,0.1498744257642183,50.05120944458355,99.09231310675843,230.44723978315912,149.54685210794287,-19.150821769367703,180.44723978315852,1.0680590605706526,1612574456093.0,0.4119588311924026,1.0,0.4119588311924026,1.0003964466410304,3176.0,0.4610079619593918,1669.35
3779929,long,close,1687.95,-89356.0,1682.9578625157671,357425.0,817.2361840520749,0.15702812194094856,0.013234396753458336,0.1702625186944069,50.06444384133701,99.16552598979702,230.61750230185353,149.70388022988382,-19.150821769367703,180.61750230185294,1.068092794675045,1612574463441.0,0.4586060595649936,1.0,0.4586060595649936,1.0003965354195408,7348.0,0.46100979139768844,1670.9
3780040,long,close,1684.15,-71485.0,1682.9578625157671,285940.0,722.0411800505731,0.030066803077588126,0.010611436035982543,0.04067823911357067,50.07505527737299,99.18301763261584,230.6581805409671,149.7339470329614,-19.150821769367703,180.6581805409665,1.068099567331117,1612574501764.0,0.5145756383522467,1.0,0.5145756383522467,1.0003964783359793,38323.0,0.46102332924108314,1672.45
3780043,long,close,1684.2,-285940.0,1682.9578625157671,0.0,0.0,0.12530767593035982,0.04244448402802517,0.167752159958385,50.117499761401014,99.25515106139797,230.8259327009255,149.85925470889177,-19.150821769367703,180.82593270092488,1.068133000924859,1612574502540.0,0.5712726419555425,1.0,0.5712726419555425,1.0003965640651142,776.0,0.4610236951287425,
3794250,long,entry,1657.75,176487.0,1657.75,176487.0,527.7696450997668,0.0,0.026615442618006333,0.026615442618006333,50.14411520401902,99.26659570172372,230.85254814354352,149.85925470889177,-19.150821769367703,180.8525481435429,1.0677798265867038,1612584765363.0,1.0,1.0,1.0,1.0003964911710104,10262823.0,0.4627564171207129,1648.5
3794348,long,close,1658.9,-176487.0,1657.75,0.0,0.0,0.07380254146894788,0.026596991982639095,0.10039953345158698,50.17071219600166,99.3097675011079,230.9529476769951,149.93305725036072,-19.150821769367703,180.95294767699448,1.0677991198428118,1612584782945.0,0.6814716367313858,1.0,0.6814716367313858,1.0003965011232687,17582.0,0.46276836945091726,
3794394,long,entry,1657.3,176536.0,1657.3,176536.0,527.6260095307202,0.0,0.026630060942496835,0.026630060942496835,50.197342256944154,99.32121842731317,230.9795777379376,149.93305725036072,-19.150821769367703,180.97957773793698,1.0678038186306127,1612584799609.0,1.0,1.0,1.0,1.0003964282832,16664.0,0.4627739797283601,1648.5
3794873,long,close,1658.45,-176536.0,1657.3,0.0,0.0,0.07386311335011256,0.026611595164159306,0.10047470851427187,50.223953852108316,99.3644225519743,231.08005244645187,150.00692036371083,-19.150821769367703,181.08005244645125,1.0678194285737097,1612584923246.0,0.6806137956835834,1.0,0.6806137956835834,1.0003964382689274,123637.0,0.4628323997912977,
3796060,long,entry,1652.85,176159.0,1652.85,176159.0,526.2095323395458,0.0,0.026644734851922442,0.026644734851922442,50.25059858696024,99.37587978796063,231.1066971813038,150.00692036371083,-19.150821769367703,181.10669718130316,1.0677841731648654,1612586089782.0,1.0,1.0,1.0,1.000396365482866,1166536.0,0.46297716934183397,1644.0
3796777,long,close,1654.0,-176159.0,1652.85,0.0,0.0,0.07410264831854267,0.026626209189842806,0.10072885750838548,50.27722479615008,99.41919319668924,231.20742603881217,150.08102301202936,-19.150821769367703,181.20742603881155,1.0677948137711748,1612586357378.0,0.6802324183643985,1.0,0.6802324183643985,1.0003963757023486,267596.0,0.46306461649241065,
3816594,long,entry,1682.3,179397.0,1682.3,179397.0,535.5862445190714,0.0,0.026659484039707543,0.026659484039707543,50.303884280189784,99.4306567748263,231.23408552285187,150.08102301202936,-19.150821769367703,181.23408552285125,1.0671982125101305,1612603842850.0,1.0,1.0,1.0,1.0003963029702139,17485472.0,0.4654815484073032,1672.45
3816637,long,close,1683.45,-179397.0,1682.3,0.0,0.0,0.07284661058104255,0.026641272387062286,0.09948788296810485,50.330525552576844,99.47343656450259,231.33357340581998,150.15386962261042,-19.150821769367703,181.33357340581935,1.0672175131437849,1612603848570.0,0.6815114652162629,1.0,0.6815114652162629,1.0003963117503318,5720.0,0.46548679279708677,
3816935,long,entry,1681.3,179388.0,1681.3,179388.0,535.2675016927236,0.0,0.026674002260155833,0.026674002260155833,50.357199554837,99.48490638547446,231.36024740808014,150.15386962261042,-19.150821769367703,181.36024740807952,1.0672174392492337,1612604003865.0,1.0,1.0,1.0,1.000396239072326,155295.0,0.4655231376379122,1672.45
3816970,long,close,1682.45,-179388.0,1681.3,0.0,0.0,0.0729296028985796,0.026655769859431185,0.09958537275801078,50.383855324696434,99.5277280957604,231.45983278083813,150.22679922550898,-19.150821769367703,181.45983278083753,1.067236584191399,1612604014358.0,0.6814831885196526,1.0,0.6814831885196526,1.0003962479127049,10493.0,0.4655274063272709,
3824401,long,entry,1674.5,178760.0,1674.5,178760.0,533.1026607697141,0.0,0.026688563750373245,0.026688563750373245,50.41054388844681,99.53920417817305,231.4865213445885,150.22679922550898,-19.150821769367703,181.4865213445879,1.0670416860033003,1612609894402.0,1.0,1.0,1.0,1.0003961752887762,5880044.0,0.4664337100593982,1664.7
3824431,long,close,1675.65,-178760.0,1674.5,0.0,0.0,0.07326553471890014,0.02667024736669352,0.09993578208559366,50.437214135813505,99.58217656446986,231.5864571266741,150.30006476022788,-19.150821769367703,181.5864571266735,1.0670610255550093,1612609899169.0,0.6815491408442315,1.0,0.6815491408442315,1.0003961844715306,4767.0,0.46643736893599136,
3824521,long,entry,1674.1,178815.0,1674.1,178815.0,532.9751730641888,0.0,0.026703153933456784,0.026703153933456784,50.46391728974696,99.59365892066126,231.61316028060756,150.30006476022788,-19.150821769367703,181.61316028060696,1.067065249874092,1612609928190.0,1.0,1.0,1.0,1.0003961119015061,29021.0,0.46644834556577086,1664.7
3825304,long,close,1675.25,-178815.0,1674.1,0.0,0.0,0.07332309093801086,0.026684823160722283,0.10000791409873314,50.49060211290768,99.63666232372371,231.7131681947063,150.3733878511659,-19.150821769367703,181.7131681947057,1.067077705880061,1612610135806.0,0.6802884298226275,1.0,0.6802884298226275,1.0003961211153563,207616.0,0.4665438422448525,
3838147,long,entry,1671.65,178651.0,1671.65,178651.0,532.195171335106,0.0,0.026717763885980916,0.026717763885980916,50.517319876793664,99.64815096219468,231.73988595859228,150.3733878511659,-19.150821769367703,181.73988595859169,1.0666273023656556,1612623647404.0,1.0,1.0,1.0,1.000396048599169,13511598.0,0.468110207314387,1661.6
3838280,long,close,1672.8,-178651.0,1671.65,0.0,0.0,0.07347065631006887,0.026699396221903395,0.10017005253197227,50.544019273015564,99.69122408478343,231.84005601112426,150.44685850747595,-19.150821769367703,181.84005601112366,1.0666460988853796,1612623665043.0,0.6813297977095859,1.0,0.6813297977095859,1.0003960579442506,17639.0,0.4681264283339501,
3838587,long,entry,1670.4,178615.0,1670.4,178615.0,531.7968685797723,0.0,0.026732369492337163,0.026732369492337163,50.5707516425079,99.70271900366514,231.8667883806166,150.44685850747595,-19.150821769367703,181.86678838061601,1.0666481865991642,1612623757122.0,1.0,1.0,1.0,1.00039598548177,92079.0,0.46816387083775346,1661.6
3838603,long,close,1671.55,-178615.0,1670.4,0.0,0.0,0.07356579202819472,0.026713978044330112,0.10027977007252482,50.59746562055223,99.74583930479633,231.96706815068916,150.52042429950416,-19.150821769367703,181.96706815068853,1.066667393155489,1612623762817.0,0.6816064250383043,1.0,0.6816064250383043,1.0003959948993577,5695.0,0.46816582223860315,
3838686,long,entry,1670.1,178681.0,1670.1,178681.0,531.7018584456491,0.0,0.026747051074785946,0.026747051074785946,50.62421267162701,99.75734053675849,231.99381520176394,150.52042429950416,-19.150821769367703,181.9938152017633,1.0666719650979795,1612623780734.0,1.0,1.0,1.0,1.0003959224905639,17917.0,0.4681759451305109,1660.05
3839404,long,close,1671.25,-178681.0,1670.1,0.0,0.0,0.07361940759551244,0.02672864622288706,0.10034805381839951,50.6509413178499,99.80049019990041,232.09416325558234,150.59404370709967,-19.150821769367703,182.09416325558172,1.0666877228284382,1612623889398.0,0.6799772136112137,1.0,0.6799772136112137,1.0003959319343712,108664.0,0.4682635142436407,
3870458,long,entry,1692.3,181155.0,1692.3,181155.0,538.7688721726303,0.0,0.026761655734798794,0.026761655734798794,50.6777029735847,99.81199771186637,232.12092491131713,150.59404370709967,-19.150821769367703,182.1209249113165,1.0658392455233503,1612649685428.0,1.0,1.0,1.0,1.0003958595790923,25796030.0,0.47205093936778025,1683.3
3870484,long,close,1693.5,-181155.0,1692.3,0.0,0.0,0.07585234574965125,0.02674269264836138,0.10259503839801262,50.70444566623306,99.8561135783775,232.22351994971513,150.6698960528493,-19.150821769367703,182.22351994971453,1.0658587143170406,1612649688265.0,0.6816069070870606,1.0,0.6816069070870606,1.000395871468003,2837.0,0.472054110394161,
3870555,long,entry,1692.0,181224.0,1692.0,181224.0,538.6737028782098,0.0,0.026776595744680852,0.026776595744680852,50.73122226197774,99.86762751454772,232.2502965454598,150.6698960528493,-19.150821769367703,182.2502965454592,1.065863054053443,1612649711652.0,1.0,1.0,1.0,1.0003957991656227,23387.0,0.4720627697354315,1681.75
3870754,long,close,1693.2,-181224.0,1692.0,0.0,0.0,0.07590813818477947,0.026757618710134656,0.10266575689491413,50.75797988068788,99.91177379001252,232.3529623023547,150.7458041910341,-19.150821769367703,182.35296230235411,1.0658803697792376,1612649780437.0,0.6812581639773906,1.0,0.6812581639773906,1.0003958110789843,68785.0,0.4720870402834995,
3871481,long,entry,1689.3,181036.0,1689.3,181036.0,537.8148003844361,0.0,0.026791570472976974,0.026791570472976974,50.78477145116086,99.9232941653159,232.37975387282768,150.7458041910341,-19.150821769367703,182.37975387282708,1.065868159227797,1612650310217.0,1.0,1.0,1.0,1.0003957388294558,529780.0,0.47217570705960726,1680.2
3872162,long,reentry,1680.2,335459.0,1683.3896293284545,516495.0,972.3574386876721,0.0,0.049913551958100225,0.049913551958100225,50.834685003118956,99.94475699265789,232.42966742478578,150.7458041910341,-19.150821769367703,182.42966742478518,1.0658711248994446,1612650510338.0,0.6798911967237449,1.0,0.6798911967237449,1.0003956922377566,200121.0,0.4722587635582721,1669.35
3872467,long,close,1684.55,-73785.0,1683.3896293284545,442710.0,906.2343912304619,0.03019230511440473,0.01095025377697308,0.041142558891377815,50.84563525689593,99.96244829298118,232.47080998367716,150.7759964961485,-19.150821769367703,182.47080998367656,1.0658738185193761,1612650667609.0,0.42123303551223346,1.0,0.42123303551223346,1.000395635942944,157271.0,0.47229596213696934,1669.35
3872480,long,close,1684.55,-73785.0,1683.3896293284545,368925.0,827.4571995358251,0.03019230511440473,0.01095025377697308,0.041142558891377815,50.85658551067291,99.98013959330447,232.51195254256854,150.80618880126292,-19.150821769367703,182.51195254256794,1.0658816343891828,1612650668050.0,1.0,1.0,1.0,1.0003955796690442,441.0,0.4722975476501597,1670.9
3872711,long,close,1689.35,-92231.0,1683.3896293284545,276694.0,704.6265355154549,0.19330625316225963,0.013648888625802824,0.20695514178806246,50.87023439929871,100.06913030427333,232.7189076843566,150.99949505442518,-19.150821769367703,182.718907684356,1.0659175570790689,1612650773423.0,0.5089711897838026,1.0,0.5089711897838026,1.000395706857639,105373.0,0.4723257209999271,1672.45
3872730,long,close,1688.6,-276694.0,1683.3896293284545,0.0,0.0,0.5071739398338087,0.04096500059220656,0.5481389404260152,50.91119939989092,100.30483004865653,233.2670466247826,151.506668994259,-19.150821769367703,183.267046624782,1.0660216308193629,1612650774265.0,0.5827031858603803,1.0,0.5827031858603803,1.0003962103931148,842.0,0.47232803828843606,
3872866,long,entry,1684.35,181215.0,1684.35,181215.0,536.237581566941,0.0,0.026896874165108206,0.026896874165108206,50.93809627405603,100.31639570454752,233.29394349894773,151.506668994259,-19.150821769367703,183.29394349894713,1.0660252075938397,1612650820846.0,1.0,1.0,1.0,1.000396138152242,46581.0,0.47234462519565845,1675.55
3872912,long,close,1685.5,-181215.0,1684.35,0.0,0.0,0.07340588618184811,0.02687852269356274,0.10028440887541085,50.964974796749594,100.35951800036395,233.39422790782314,151.58007488044086,-19.150821769367703,183.39422790782254,1.0660432260803383,1612650851356.0,0.6815218520760558,1.0,0.6815218520760558,1.0003961468216942,30510.0,0.4723502354731013,
3874124,long,entry,1680.95,180948.0,1680.95,180948.0,535.1555400563032,0.0,0.026911567863410573,0.026911567863410573,50.991886364613,100.37108997454521,233.42113947568654,151.58007488044086,-19.150821769367703,183.42113947568595,1.0660124743559116,1612651946475.0,1.0,1.0,1.0,1.0003960746343286,1095119.0,0.4724980540874652,1670.9
3874484,long,close,1682.1,-180948.0,1680.95,0.0,0.0,0.0735944427630086,0.026893169252719815,0.10048761201572841,51.018779533865725,100.41429964771199,233.52162708770229,151.65366932320387,-19.150821769367703,183.5216270877017,1.0660279633228806,1612652054832.0,0.6806947851692702,1.0,0.6806947851692702,1.0003960834791297,108357.0,0.4725419606065832,
3875148,long,entry,1678.0,180729.0,1678.0,180729.0,534.2162791784664,0.0,0.026926251489868894,0.026926251489868894,51.045705785355594,100.42587793585263,233.54855333919215,151.65366932320387,-19.150821769367703,183.54855333919156,1.06602051133119,1612652438369.0,1.0,1.0,1.0,1.0003960113451182,383537.0,0.47262294374184527,1667.8
3875307,long,close,1679.15,-180729.0,1678.0,0.0,0.0,0.07376396203639314,0.026907810499359794,0.10067177253575293,51.07261359585495,100.46916679804299,233.6492251117279,151.72743328524027,-19.150821769367703,183.6492251117273,1.0660389505643904,1612652457202.0,0.6813217531073664,1.0,0.6813217531073664,1.0003960203438096,18833.0,0.4726423357877891,
3875388,long,entry,1677.2,180742.0,1677.2,180742.0,533.9625233149102,0.0,0.026941032673503458,0.026941032673503458,51.09955462852846,100.4807514420926,233.6761661444014,151.72743328524027,-19.150821769367703,183.6761661444008,1.0660434908847796,1612652474245.0,1.0,1.0,1.0,1.0003959482631264,17043.0,0.4726522147545906,1667.8
3875414,long,close,1678.35,-180742.0,1677.2,0.0,0.0,0.07383963434212337,0.026922572764917926,0.1007622071070413,51.126477201293376,100.52407919114864,233.77692835150847,151.8012729195824,-19.150821769367703,183.77692835150785,1.0660622057372438,1612652484860.0,0.6815491138721275,1.0,0.6815491138721275,1.0003959573123011,10615.0,0.4726553857809713,
3875449,long,entry,1677.0,180819.0,1677.0,180819.0,533.8983987552505,0.0,0.02695572450805009,0.02695572450805009,51.153432925801425,100.5356701526871,233.80388407601652,151.8012729195824,-19.150821769367703,183.8038840760159,1.0660669534121336,1612652495565.0,1.0,1.0,1.0,1.0003958852847536,10705.0,0.47265965447033004,1667.8
3875523,long,close,1678.15,-180819.0,1677.0,0.0,0.0,0.07388870645473718,0.0269372523314364,0.10082595878617358,51.18037017813286,100.57902531496515,233.9047100348027,151.87516162603714,-19.150821769367703,183.90471003480206,1.066084915051019,1612652529232.0,0.6815588698823508,1.0,0.6815588698823508,1.0003958943549642,33667.0,0.47266867969925985,
3880897,long,entry,1671.5,180324.0,1671.5,180324.0,532.1464031369262,0.0,0.026970385880945257,0.026970385880945257,51.207340564013805,100.59062258089396,233.93168042068365,151.87516162603714,-19.150821769367703,183.93168042068302,1.0659328799912446,1612657338283.0,1.0,1.0,1.0,1.0003958223804355,4809051.0,0.47332410645964906,1661.6
3880963,long,close,1672.65,-180324.0,1671.5,0.0,0.0,0.07417198759594343,0.026951842884046274,0.1011238304799897,51.23429240689785,100.63410582800036,234.03280425116364,151.9493336136331,-19.150821769367703,184.03280425116301,1.0659510803925594,1612657364750.0,0.6815592106176014,1.0,0.6815592106176014,1.0003958317282016,26467.0,0.47333215598815404,
3882054,long,entry,1669.25,180180.0,1669.25,180180.0,531.430316397077,0.0,0.02698517298187809,0.02698517298187809,51.26127757987973,100.64570945238258,234.05978942414552,151.9493336136331,-19.150821769367703,184.0597894241449,1.0659204281958892,1612658461321.0,1.0,1.0,1.0,1.0003957598066506,1096571.0,0.4734652171335922,1660.05
3882292,long,close,1670.4,-180180.0,1669.25,0.0,0.0,0.07431261716753772,0.026966594827586208,0.10127921199512392,51.288244174707316,100.68925951354049,234.16106863614067,152.02364623080064,-19.150821769367703,184.16106863614002,1.0659383870649473,1612658495477.0,0.6811864440595854,1.0,0.6811864440595854,1.0003957692751528,34156.0,0.47349424422123126,
3882321,long,entry,1668.35,180182.0,1668.35,180182.0,531.1447033797205,0.0,0.027000029969730572,0.027000029969730572,51.31524420467704,100.70086952642748,234.1880686661104,152.02364623080064,-19.150821769367703,184.18806866610976,1.0659433485050434,1612658499205.0,1.0,1.0,1.0,1.000395697406536,3728.0,0.47349778113527136,1658.5
3883169,long,reentry,1658.5,333877.0,1661.9525077860712,514059.0,960.1164063082841,0.0,0.05032815797407296,0.05032815797407296,51.365572362651115,100.72251063435633,234.23839682408448,152.02364623080064,-19.150821769367703,184.23839682408382,1.0659454018447698,1612658726907.0,0.6797342679129786,1.0,0.6797342679129786,1.00039565109279,227702.0,0.47360120538030487,1647.0
3884624,long,reentry,1647.0,952551.0,1652.2409783105256,1466610.0,1334.4790384028297,0.0,0.14458879781420766,0.14458879781420766,51.51016116046532,100.78468381741644,234.38298562189868,152.02364623080064,-19.150821769367703,184.38298562189803,1.0659587124101135,1612659153154.0,0.41703366446565826,1.0,0.41703366446565826,1.000395707839613,426247.0,0.4737786608950734,1624.5
3890143,long,reentry,1624.5,334361.0,1647.0907003499779,1800971.0,1385.8467561962418,0.0,0.051455986457371504,0.051455986457371504,51.56161714692269,100.8068098915931,234.43444160835605,152.02364623080064,-19.150821769367703,184.4344416083554,1.065923773153967,1612660523160.0,0.1785040854425623,1.0,0.1785040854425623,1.0003956627332928,1370006.0,0.4744517722256629,0.05
3920768,long,close,1648.25,-94787.0,1647.0907003499779,1706184.0,1372.0453872671903,0.040476586795691896,0.014376914909752769,0.05485350170544467,51.575994061832446,100.83039689732645,234.4892951100615,152.06412281759634,-19.150821769367703,184.48929511006085,1.0652300504927255,1612682387093.0,0.12606226946476948,1.0,0.12606226946476948,1.0003956213476948,21863933.0,0.4781868754145202,1615.5
3920840,long,close,1648.25,-89799.0,1647.0907003499779,1616385.0,1357.7722801824605,0.03834657724863469,0.013620354921886851,0.05196693217052154,51.58961441675433,100.85274267815977,234.54126204223203,152.10246939484497,-19.150821769367703,184.54126204223138,1.0652383383511002,1612682429909.0,0.16696798077338856,1.0,0.16696798077338856,1.0003955768187862,42816.0,0.47819565671834385,1617.0
3920958,long,close,1648.25,-85072.0,1647.0907003499779,1531313.0,1343.0250252014785,0.0363280216895049,0.012903382375246472,0.04923140406475137,51.60251779912958,100.87391218190761,234.5904934462968,152.1387974165345,-19.150821769367703,184.59049344629614,1.0652426575956124,1612682581266.0,0.17563384221337514,1.0,0.17563384221337514,1.0003955293158546,151357.0,0.4782100482996103,1618.5
3920986,long,close,1648.25,-80595.0,1647.0907003499779,1450718.0,1327.8020044378634,0.03441622282379217,0.012224328833611405,0.04664055165740358,51.61474212796319,100.89396761912029,234.63713399795418,152.17321363935827,-19.150821769367703,184.63713399795353,1.065249258595042,1612682645835.0,0.18503290439547412,1.0,0.18503290439547412,1.0003954790008247,64569.0,0.47821346325109726,1620.0
3925492,long,close,1648.25,-76353.0,1647.0907003499779,1374365.0,1312.1032700626852,0.03260477524989148,0.01158091915668133,0.04418569440657281,51.62632304711987,100.91296746771512,234.68131969236074,152.20581841460816,-19.150821769367703,184.6813196923601,1.0650477518472996,1612689247856.0,0.1874662641508654,1.0,0.1874662641508654,1.0003954260257704,6602021.0,0.4787630265153908,1620.0
3925514,long,close,1649.3,-76353.0,1647.0907003499779,1298012.0,1294.9531418381885,0.06209598998223951,0.011573546352998242,0.07366953633523775,51.63789659347287,100.94464536833927,234.75498922869596,152.26791440459039,-19.150821769367703,184.75498922869534,1.0650610374978255,1612689258557.0,0.20413473444170377,1.0,0.20413473444170377,1.0003954051882797,10701.0,0.4787657096915591,1621.5
3925527,long,close,1649.35,-76353.0,1647.0907003499779,1221659.0,1276.1855242533384,0.0634993969429215,0.011573195501258071,0.07507259244417958,51.64946978897412,100.97692658309026,234.83006182114013,152.3314138015333,-19.150821769367703,184.8300618211395,1.0650746841578518,1612689265915.0,0.2146801650515853,1.0,0.2146801650515853,1.000395385863774,7358.0,0.47876729520474953,1623.0
3925593,long,close,1648.25,-71862.0,1647.0907003499779,1149797.0,1256.8717775479843,0.03068699800934739,0.010899742150765963,0.04158674016011335,51.66036953112489,100.9948088813591,234.87164856130025,152.36210079954265,-19.150821769367703,184.87164856129962,1.065080369910525,1612689329085.0,0.22561557994336265,1.0,0.22561557994336265,1.000395330085347,63170.0,0.4787753447332545,1624.5
3925605,long,close,1649.5,-76653.0,1647.0907003499779,1073144.0,1234.1410798290674,0.06797514446019091,0.01161761139739315,0.07959275585758406,51.67198714252228,101.02903376637785,234.9512413171578,152.43007594400282,-19.150821769367703,184.9512413171572,1.0650946530442142,1612689342487.0,0.23786691474518135,1.0,0.23786691474518135,1.0003953156654204,13402.0,0.47877680828389174,1624.5
3925644,long,close,1650.9,-82549.0,1647.0907003499779,990595.0,1206.7961405335743,0.11564281924007308,0.012500605730207765,0.12814342497028083,51.684487748252494,101.08413543911507,235.07938474212807,152.5457187632429,-19.150821769367703,185.0793847421275,1.0651182658928517,1612689344263.0,0.25199037527785484,1.0,0.25199037527785484,1.000395353989581,1776.0,0.47878156482346285,1626.0
3925712,long,close,1652.55,-90054.0,1647.0907003499779,900541.0,1172.9252852561597,0.18062082303209337,0.013623490968503222,0.19424431400059658,51.698111239221,101.16766049413533,235.27362905612867,152.72633958627497,-19.150821769367703,185.2736290561281,1.0651532926832041,1612689370375.0,0.2690292616169028,1.0,0.2690292616169028,1.000395463983368,26112.0,0.47878985827707404,1627.5
3925719,long,close,1652.95,-90054.0,1647.0907003499779,810487.0,1134.0030430865475,0.1938079040385391,0.01362019419825161,0.2074280982367907,51.71173143341925,101.25685457637715,235.48105715436546,152.92014749031352,-19.150821769367703,185.4810571543649,1.0651915460530104,1612689370477.0,1.0,1.0,1.0,1.000395588042616,102.0,0.4787907120149458,1629.0
3925741,long,close,1653.85,-101310.0,1647.0907003499779,709177.0,1082.6234196684516,0.2513855918148635,0.01531426671100765,0.26669985852587114,51.72704570013026,101.37153551554327,235.74775701289133,153.17153308212838,-19.150821769367703,185.74775701289076,1.0652404521747516,1612689377867.0,0.31415945865520734,1.0,0.31415945865520734,1.0003957760281401,7390.0,0.4787933951911141,1630.5
3925755,long,close,1654.5,-101311.0,1647.0907003499779,607866.0,1020.9053435255386,0.2754542481248762,0.015308401329706862,0.290762649454583,51.742354101459966,101.49656345480875,236.03851966234592,153.44698733025325,-19.150821769367703,186.03851966234535,1.0652939247801938,1612689379156.0,0.3454909499616398,1.0,0.3454909499616398,1.0003959896090062,1289.0,0.4787951026668576,1632.0
3925940,long,close,1653.6,-101311.0,1647.0907003499779,506555.0,945.5068942276451,0.2421268141705053,0.015316733188195453,0.25744354735870073,51.75767083464816,101.60726418017299,236.29596320970464,153.68911414442377,-19.150821769367703,186.29596320970404,1.0653382203304747,1612689474516.0,0.38241109251048755,1.0,0.38241109251048755,1.0003961667204135,95360.0,0.4788176657391821,1633.5
3925954,long,close,1654.5,-101311.0,1647.0907003499779,405244.0,851.1490051651571,0.2754542481248762,0.015308401329706862,0.290762649454583,51.772979235977864,101.73229211943847,236.58672585915923,153.96456839254864,-19.150821769367703,186.58672585915863,1.0653912601145912,1612689485580.0,0.4284722735650587,1.0,0.4284722735650587,1.000396379363865,11064.0,0.47881937321492557,1635.0
3925972,long,close,1655.75,-101311.0,1647.0907003499779,303933.0,729.6879615865801,0.3216822454967794,0.015296844330363884,0.33697908982714325,51.78827608030823,101.87719312806414,236.92370494898637,154.28625063804543,-19.150821769367703,186.92370494898577,1.0654528795936362,1612689491231.0,0.48569503298277467,1.0,0.48569503298277467,1.000396641262772,5651.0,0.4788215685408815,1636.5
3925983,long,close,1655.9,-303933.0,1647.0907003499779,0.0,0.0,0.9816747453040863,0.04588637598888822,1.0275611212929745,51.834162456297115,102.31904441022012,237.95126607027933,155.2679253833495,-19.150821769367703,187.95126607027873,1.0656403997258375,1612689503980.0,0.5593272569456291,1.0,0.5593272569456291,1.0003976434843929,12749.0,0.47882291012896566,
3929336,long,entry,1624.0,178231.0,1624.0,178231.0,517.0249184645511,0.0,0.0274370381773399,0.0274370381773399,51.861599494474454,102.33084233663637,237.97870310845667,155.2679253833495,-19.150821769367703,187.97870310845607,1.0655455541947665,1612692633233.0,1.0,1.0,1.0,1.0003975715409432,3129253.0,0.47923185056952855,1615.5
3929403,long,close,1625.15,-178231.0,1624.0,0.0,0.0,0.07766075477080384,0.0274176229886472,0.10507837775945103,51.889017117463105,102.37602603907293,238.0837814862161,155.3455861381203,-19.150821769367703,188.0837814862155,1.0655645317888005,1612692638369.0,0.6815172363776327,1.0,0.6815172363776327,1.0003975827413487,5136.0,0.4792400220605866,
3930200,long,entry,1621.8,178089.0,1621.8,178089.0,516.325161744988,0.0,0.02745236773954865,0.02745236773954865,51.916469485202654,102.38783055720094,238.11123385395567,155.3455861381203,-19.150821769367703,188.11123385395507,1.0655536363200553,1612693137187.0,1.0,1.0,1.0,1.0003975108500653,498818.0,0.47933722621541175,1612.5
3930509,long,close,1622.95,-178089.0,1621.8,0.0,0.0,0.0778094775574811,0.02743291537015928,0.10524239292764039,51.94390240057281,102.43308478615982,238.2164762468833,155.42339561567778,-19.150821769367703,188.2164762468827,1.065569286391396,1612693247213.0,0.6807980206206992,1.0,0.6807980206206992,1.0003975221730077,110026.0,0.47937491264432136,
3930562,long,entry,1620.6,178056.0,1620.6,178056.0,515.9422993630991,0.0,0.027467604590892265,0.027467604590892265,51.9713700051637,102.44489585613391,238.2439438514742,155.42339561567778,-19.150821769367703,188.2439438514736,1.065573151545449,1612693282764.0,1.0,1.0,1.0,1.0003974503336714,35551.0,0.4793813766596359,1611.0
3930880,long,close,1621.75,-178056.0,1620.6,0.0,0.0,0.0779102704597486,0.027448127023277324,0.10535839748302593,51.998818132186976,102.49019996705161,238.34930224895723,155.50130588613752,-19.150821769367703,188.34930224895663,1.0655884680819363,1612693403526.0,0.6808176563685242,1.0,0.6808176563685242,1.0003974617274969,120762.0,0.4794201607515235,
3931010,long,entry,1619.1,177990.0,1619.1,177990.0,515.4639850592912,0.0,0.027482860848619606,0.027482860848619606,52.0263009930356,102.50201759721651,238.37678510980584,155.50130588613752,-19.150821769367703,188.37678510980524,1.0655905881443866,1612693493814.0,1.0,1.0,1.0,1.0003973899400285,90288.0,0.4794360158834272,1609.5
3931035,long,close,1620.25,-177990.0,1619.1,0.0,0.0,0.07802571202202553,0.0274633544206141,0.10548906644263964,52.05376434745621,102.54737789578684,238.48227417624847,155.57933159815954,-19.150821769367703,188.48227417624787,1.0656093038727472,1612693508284.0,0.6815568140734595,1.0,0.6815568140734595,1.0003974014201478,14470.0,0.47943906494725486,
3934565,long,entry,1613.65,177490.0,1613.65,177490.0,513.7292225575602,0.0,0.027498218324915565,0.027498218324915565,52.081262565781124,102.55920212966656,238.5097723945734,155.57933159815954,-19.150821769367703,188.5097723945728,1.065510638967813,1612696764848.0,1.0,1.0,1.0,1.0003973296845494,3256564.0,0.4798695927597174,1605.0
3935011,long,close,1614.75,-177490.0,1613.65,0.0,0.0,0.07492934548977785,0.027479485988543117,0.10240883147832097,52.10874205176967,102.60323792720224,238.61218122605172,155.65426094364932,-19.150821769367703,188.61218122605112,1.0655265361962858,1612696849139.0,0.6805166526383332,1.0,0.6805166526383332,1.000397337828765,84291.0,0.4799239880584025,
3935161,long,entry,1611.65,177367.0,1611.65,177367.0,513.0933361376148,0.0,0.02751326280519964,0.02751326280519964,52.13625531457487,102.61506863020847,238.63969448885692,155.65426094364932,-19.150821769367703,188.63969448885632,1.0655290360736867,1612696927450.0,1.0,1.0,1.0,1.0003972661458618,78311.0,0.47994228244136833,1602.0
3935259,long,close,1612.75,-177367.0,1611.65,0.0,0.0,0.07506331194722513,0.02749449697721284,0.10255780892443797,52.16374981155208,102.65916848804598,238.74225229778136,155.72932425559654,-19.150821769367703,188.74225229778077,1.0655466647376537,1612696957765.0,0.6812589929258489,1.0,0.6812589929258489,1.0003972744012948,30315.0,0.4799542347715727,
3935284,long,entry,1611.25,177419.0,1611.25,177419.0,512.964713349217,0.0,0.027528161365399536,0.027528161365399536,52.19127797291748,102.67100559743311,238.76978045914677,155.72932425559654,-19.150821769367703,188.76978045914618,1.065551093674975,1612696975383.0,1.0,1.0,1.0,1.000397202770816,17618.0,0.4799572838354003,1602.0
3936176,long,reentry,1602.0,328757.0,1605.2422037986787,506176.0,927.3098765566574,0.0,0.05130415106117354,0.05130415106117354,52.24258212397866,102.69306638238942,238.82108461020795,155.72932425559654,-19.150821769367703,188.82108461020735,1.0655505111334629,1612697286067.0,0.6797873133685715,1.0,0.6797873133685715,1.0003971564654095,310684.0,0.48006607443277044,1592.1
3936424,long,close,1606.35,-72310.0,1605.2422037986787,433866.0,864.2584178852472,0.031065438352901067,0.011253774084103715,0.04231921243700478,52.25383589806276,102.71126364373733,238.86340382264495,155.76038969394943,-19.150821769367703,188.86340382264436,1.0655548348722503,1612697391182.0,0.42043132715208914,1.0,0.42043132715208914,1.0003971006187082,105115.0,0.48009632114594064,1592.1
3936502,long,close,1606.35,-72311.0,1605.2422037986787,361555.0,789.1382529869793,0.03106586796759271,0.011253929716437888,0.0423197976840306,52.2650898277792,102.72946115674146,238.90572362032898,155.79145556191702,-19.150821769367703,188.9057236203284,1.0655612963076595,1612697429013.0,0.4615212349624628,1.0,0.4615212349624628,1.0003970447930106,37831.0,0.48010583422508285,1593.55
3936578,long,close,1606.35,-72311.0,1605.2422037986787,289244.0,698.1189324273885,0.03106586796759271,0.011253929716437888,0.0423197976840306,52.27634375749564,102.74765866974559,238.94804341801301,155.8225214298846,-19.150821769367703,188.94804341801242,1.0655673643939538,1612697479165.0,0.5084628901635184,1.0,0.5084628901635184,1.0003969889876816,50152.0,0.4801151033791189,1595.0
3936579,long,close,1606.4,-289244.0,1605.2422037986787,0.0,0.0,0.12986801854191937,0.04501431772908367,0.17488233627100302,52.32135807522472,102.82285807434212,239.122925754284,155.95238944842652,-19.150821769367703,189.12292575428341,1.0655990097260566,1612697479364.0,1.0,1.0,1.0,1.0003970739291697,199.0,0.480115225341672,
3940411,long,entry,1604.2,176925.0,1604.2,176925.0,510.72151459362345,0.0,0.027572154344844783,0.027572154344844783,52.34893022956957,102.83471410071041,239.15049790862886,155.95238944842652,-19.150821769367703,189.15049790862827,1.065485721344102,1612701203412.0,1.0,1.0,1.0,1.0003970024586522,3724048.0,0.48058258584517244,1595.0
3940437,long,close,1605.3,-176925.0,1604.2,0.0,0.0,0.07557308859234792,0.02755326107269669,0.10312634966504461,52.376483490642265,102.87905843106637,239.25362425829388,156.02796253701885,-19.150821769367703,189.2536242582933,1.0655042521546738,1612701206147.0,0.6815553594004093,1.0,0.6815553594004093,1.0003970111342153,2735.0,0.4805857568715532,
3940531,long,entry,1603.85,176983.0,1603.85,176983.0,510.6099263945876,0.0,0.02758721202107429,0.02758721202107429,52.40407070266334,102.89092093223543,239.28121147031496,156.02796253701885,-19.150821769367703,189.2812114703144,1.0655086272634824,1612701225190.0,1.0,1.0,1.0,1.00039693971584,19043.0,0.4805972213515451,1595.0
3940990,long,reentry,1595.0,327949.0,1598.1020009625058,504932.0,923.1277203422926,0.0,0.05140266457680251,0.05140266457680251,52.455473367240145,102.91302407800346,239.33261413489177,156.02796253701885,-19.150821769367703,189.3326141348912,1.065516532360642,1612701268405.0,0.6798583489171526,1.0,0.6798583489171526,1.0003968935589362,43215.0,0.48065320216342056,1584.85
3941727,long,close,1599.2,-72133.0,1598.1020009625058,432799.0,860.3555090881736,0.03099050675290599,0.011276419459729866,0.04226692621263586,52.46674978669988,102.9311988562749,239.37488106110442,156.05895304377177,-19.150821769367703,189.37488106110385,1.0655211870453354,1612701362067.0,0.41952605147312294,1.0,0.41952605147312294,1.0003968377407138,93662.0,0.4807430885650593,1584.85
3941807,long,close,1599.2,-72133.0,1598.1020009625058,360666.0,785.5698801357975,0.03099050675290599,0.011276419459729866,0.04226692621263586,52.47802620615961,102.94937363454633,239.41714798731707,156.08994355052468,-19.150821769367703,189.4171479873165,1.0655283561570066,1612701376406.0,0.4619919900646134,1.0,0.4619919900646134,1.0003967819428707,14339.0,0.4807528455693078,1586.3
3941841,long,close,1599.2,-72133.0,1598.1020009625058,288533.0,694.9571914311452,0.03099050675290599,0.011276419459729866,0.04226692621263586,52.489302625619345,102.96754841281778,239.4594149135297,156.1209340572776,-19.150821769367703,189.45941491352914,1.0655355586770436,1612701389648.0,0.5084504707719567,1.0,0.5084504707719567,1.0003967261653948,13242.0,0.48075699229611335,1587.75
3941990,long,close,1599.2,-288533.0,1598.1020009625058,0.0,0.0,0.12396245664170662,0.045105834167083546,0.16906829080879016,52.53440845978643,103.04024777786556,239.62848320433852,156.24489651391931,-19.150821769367703,189.62848320433793,1.0655645218566856,1612701437359.0,0.5638663331568953,1.0,0.5638663331568953,1.0003968044609806,47711.0,0.4807751647165261,
3942011,long,entry,1597.95,176608.0,1597.95,176608.0,508.7311429069546,0.0,0.027630401451860194,0.027630401451860194,52.562038861238285,103.05212885048986,239.65611360579038,156.24489651391931,-19.150821769367703,189.65611360578978,1.0655692109364194,1612701446486.0,1.0,1.0,1.0,1.0003967332033497,9127.0,0.4807777259301413,1589.2
3942299,long,reentry,1589.2,327254.0,1592.266950871469,503862.0,919.745509594623,0.0,0.051480933803171404,0.051480933803171404,52.613519795041455,103.07426565202522,239.70759453959354,156.24489651391931,-19.150821769367703,189.70759453959295,1.0655759835036296,1612701525315.0,0.6798721688280184,1.0,0.6798721688280184,1.000396687166392,78829.0,0.4808128511454357,1579.05
3942727,long,close,1593.35,-71980.0,1592.266950871469,431882.0,857.2030010159908,0.03072790375586249,0.011293814918253993,0.042021718674116484,52.62481360995971,103.09233499105508,239.74961625826765,156.27562441767517,-19.150821769367703,189.74961625826705,1.0655805868695685,1612701618735.0,0.4201944716670094,1.0,0.4201944716670094,1.0003966311563788,93420.0,0.4808650511181649,1579.05
3944075,long,reentry,1579.05,800277.0,1583.682651448613,1232159.0,1234.989222720953,0.0,0.12670228935119218,0.12670228935119218,52.7515158993109,103.1468169754761,239.87631854761884,156.27562441767517,-19.150821769367703,189.87631854761824,1.0655970503765748,1612701818707.0,0.4571228619278082,1.0,0.4571228619278082,1.0003966644992484,199972.0,0.48102945663975116,1560.2
3944649,long,close,1584.8,-68453.0,1583.682651448613,1163706.0,1217.7268592761711,0.030474636540215084,0.010798365724381625,0.04127300226459671,52.762314265035286,103.16456436644988,239.91759154988344,156.3060990542154,-19.150821769367703,189.91759154988284,1.065599930783689,1612701961937.0,0.21727137614339395,1.0,0.21727137614339395,1.000396607702738,143230.0,0.4810994631452337,1560.2
3944677,long,close,1585.9,-72731.0,1583.682651448613,1090975.0,1197.596811349659,0.06421101973209836,0.011465256321331736,0.0756762760534301,52.773779521356616,103.19710516515285,239.99326782593687,156.37031007394748,-19.150821769367703,189.99326782593627,1.0656129823180491,1612701979701.0,0.23166959475287333,1.0,0.23166959475287333,1.0003965871807785,17764.0,0.4811028780967207,1561.65
3944678,long,close,1586.0,-72731.0,1583.682651448613,1018244.0,1175.3869776195481,0.0671026354499588,0.011464533417402271,0.07856716886736106,52.78524405477402,103.23088904776583,240.07183499480425,156.43741270939745,-19.150821769367703,190.07183499480362,1.0656271103882549,1612701979802.0,1.0,1.0,1.0,1.000396569688439,101.0,0.4811030000592738,1563.1
3944694,long,close,1586.15,-78326.0,1583.682651448613,939918.0,1148.7502536327354,0.07693501418278055,0.012345301516250039,0.08928031569903058,52.79758935629027,103.26927958351642,240.1611153105033,156.51434772358024,-19.150821769367703,190.16111531050265,1.0656429950781772,1612701985093.0,0.2589685858086889,1.0,0.2589685858086889,1.0003965634529692,5291.0,0.4811049514601235,1564.55
3944742,long,close,1587.8,-85447.0,1583.682651448613,854471.0,1115.7941139368734,0.13991056038689245,0.013453678045093842,0.1533642384319863,52.81104303433536,103.33522620604217,240.31447954893528,156.65425828396712,-19.150821769367703,190.31447954893463,1.0656701901651078,1612701996630.0,0.27583038918695363,1.0,0.27583038918695363,1.000396624578569,11537.0,0.48111080566267256,1564.55
3944766,long,close,1588.05,-85447.0,1583.682651448613,769024.0,1077.9825546603936,0.1483823830908943,0.013451560089417839,0.16183394318031213,52.82449459442478,103.4048148016097,240.4763134921156,156.80264066705803,-19.150821769367703,190.47631349211494,1.0656990287912265,1612702003763.0,0.29713756602401675,1.0,0.29713756602401675,1.0003966944681724,7133.0,0.4811137327639471,1566.0
3944822,long,close,1588.4,-85447.0,1583.682651448613,683577.0,1034.1569111485746,0.16023845468822664,0.013448596071518508,0.17368705075974517,52.8379431904963,103.4795002334364,240.65000054287535,156.96287912174625,-19.150821769367703,190.6500005428747,1.0657295161236533,1612702025325.0,0.32061350308162,1.0,0.32061350308162,1.0003967766482265,21562.0,0.481120562666921,1567.45
3944831,long,close,1588.8,-85447.0,1583.682651448613,598130.0,982.763863421915,0.17378185455883202,0.013445210221550857,0.18722706478038287,52.851388400717845,103.56000787129196,240.83722760765573,157.13666097630508,-19.150821769367703,190.83722760765508,1.0657630620526604,1612702026361.0,0.34905462884838256,1.0,0.34905462884838256,1.0003968728512602,1036.0,0.48112166032989895,1568.9
3944852,long,close,1589.95,-99688.0,1583.682651448613,498442.0,910.3018798779028,0.24812761714439063,0.01567470675178465,0.2638023238961753,52.867063107469626,103.67344287056731,241.1010299315519,157.38478859344946,-19.150821769367703,191.10102993155127,1.0658102380507524,1612702029314.0,0.3817539862720716,1.0,0.3817539862720716,1.0003970490406977,2953.0,0.48112422154351414,1570.35
3944870,long,close,1590.8,-99688.0,1583.682651448613,398754.0,819.5930152191252,0.28162900195458535,0.015666331405582098,0.29729533336016745,52.88272943887521,103.80127986391219,241.39832526491207,157.66641759540406,-19.150821769367703,191.39832526491142,1.0658634173777215,1612702030341.0,0.4276630745816392,1.0,0.4276630745816392,1.0003972598569408,1027.0,0.48112641686947005,1571.8
3944931,long,close,1592.0,-99688.0,1583.682651448613,299066.0,702.7850561035501,0.3288641720216723,0.015654522613065328,0.3445186946347376,52.89838396148828,103.94942290260512,241.7428439595468,157.99528176742572,-19.150821769367703,191.74284395954615,1.0659240574976752,1612702059978.0,0.4848243037154283,1.0,0.4848243037154283,1.000397519476056,29637.0,0.4811338565852095,1573.25
3944940,long,close,1592.1,-299066.0,1583.682651448613,0.0,0.0,0.9983983431052094,0.04696093210225489,1.0453592752074643,52.94534489359053,104.39892739094434,242.78820323475426,158.99368011053093,-19.150821769367703,192.7882032347536,1.0661103240769507,1612702062601.0,0.558565964571747,1.0,0.558565964571747,1.0003985076398199,2623.0,0.4811349542481875,
3946947,long,entry,1582.15,177168.0,1582.15,177168.0,503.70201663005247,0.0,0.027994817179154946,0.027994817179154946,52.973339710769686,104.41096516233137,242.8161980519334,158.99368011053093,-19.150821769367703,192.81619805193276,1.066091090620815,1612702819445.0,1.0,1.0,1.0,1.0003984362402194,756844.0,0.4813797330922703,1573.25
3947354,long,close,1583.25,-177168.0,1582.15,0.0,0.0,0.07780021827775174,0.027975367124585503,0.10577558540233725,53.00131507789427,104.45644866405438,242.92197363733575,159.0714803288087,-19.150821769367703,192.9219736373351,1.066106814992883,1612702915715.0,0.6806960274928352,1.0,0.6806960274928352,1.0003984456109456,96270.0,0.48142937185138424,
3947603,long,entry,1580.2,177047.0,1580.2,177047.0,503.0809385205325,0.0,0.02801022022528794,0.02801022022528794,53.02932529811956,104.46849305875125,242.94998385756105,159.0714803288087,-19.150821769367703,192.9499838575604,1.0661077684583298,1612703041526.0,1.0,1.0,1.0,1.0003983742629343,125811.0,0.4814597405271075,1571.8
3947920,long,reentry,1571.8,328068.0,1574.7442697207566,505115.0,909.5836838817753,0.0,0.052180302837511135,0.052180302837511135,53.08150560095707,104.49093058897138,243.00216416039856,159.0714803288087,-19.150821769367703,193.0021641603979,1.0661169198661273,1612703045272.0,0.6799230548620757,1.0,0.6799230548620757,1.0003983280127722,3746.0,0.481498402656442,1561.65
3949023,long,close,1575.85,-72159.0,1574.7442697207566,432956.0,847.7272416136681,0.03215250361319104,0.011447631437002255,0.04360013505019329,53.09295323239407,104.50967864704296,243.04576429544875,159.10363283242188,-19.150821769367703,193.0457642954481,1.06612245671234,1612703114300.0,0.4184619372918769,1.0,0.4184619372918769,1.0003982728807816,69028.0,0.4816329273525174,1561.65
3949066,long,close,1575.85,-72159.0,1574.7442697207566,360797.0,774.0336899549217,0.03215250361319104,0.011447631437002255,0.04360013505019329,53.104400863831074,104.52842670511454,243.08936443049893,159.13578533603507,-19.150821769367703,193.08936443049828,1.0661299750317774,1612703121343.0,0.4619312969764087,1.0,0.4619312969764087,1.0003982177684492,7043.0,0.48163817174230095,1563.1
3949265,long,close,1580.3,-90199.0,1574.7442697207566,270598.0,659.132290479164,0.20136931804301153,0.014269284313105108,0.21563860235611665,53.118670148144176,104.62115130412768,243.30500303285507,159.3371546540781,-19.150821769367703,193.3050030328544,1.0661672062000283,1612703154076.0,0.5089086127875382,1.0,0.5089086127875382,1.0003983407833716,32733.0,0.4816624422903689,1564.55
3949273,long,close,1580.55,-270598.0,1574.7442697207566,0.0,0.0,0.6311944365028233,0.042801240074657555,0.6739956765774808,53.161471388218835,104.910969445056,243.97899870943255,159.96834909058092,-19.150821769367703,193.97899870943186,1.066286607705001,1612703155054.0,0.5829596390514622,1.0,0.5829596390514622,1.000398936913332,978.0,0.48166341799079376,
3949773,long,entry,1572.3,176928.0,1572.3,176928.0,500.5650535382562,0.0,0.02813203587101698,0.02813203587101698,53.18960342408985,104.92306622048052,244.00713074530356,159.96834909058092,-19.150821769367703,194.00713074530287,1.0662882847122939,1612703257976.0,1.0,1.0,1.0,1.0003988655493157,102922.0,0.48172439926734656,1563.1
3950570,long,close,1573.4,-176928.0,1572.3,0.0,0.0,0.07867100408827576,0.028112368119994915,0.10678337220827068,53.217715792209844,104.96898307053009,244.11391411751183,160.0470200946692,-19.150821769367703,194.11391411751114,1.066302364869951,1612703407911.0,0.6799046850375647,1.0,0.6799046850375647,1.0003988752972237,149935.0,0.4818216034221717,
3951354,long,entry,1567.95,176536.0,1567.95,176536.0,499.180030954123,0.0,0.02814758123664658,0.02814758123664658,53.24586337344649,104.98108653046184,244.14206169874848,160.0470200946692,-19.150821769367703,194.1420616987478,1.0663009167616389,1612703608235.0,1.0,1.0,1.0,1.000398803984582,200324.0,0.48191722206380644,1558.75
3951512,long,close,1569.05,-176536.0,1567.95,0.0,0.0,0.07893270287193745,0.02812784806092859,0.10706055093286604,53.273991221507416,105.02712256736297,244.24912224968134,160.12595279754112,-19.150821769367703,194.24912224968065,1.0663183444389,1612703654928.0,0.68144222657682,1.0,0.68144222657682,1.0003988139676545,46693.0,0.4819364921471971,
3958589,long,entry,1561.45,175902.0,1561.45,175902.0,497.111564289285,0.0,0.028163245701111145,0.028163245701111145,53.302154467208524,105.03923276301445,244.27728549538244,160.12595279754112,-19.150821769367703,194.27728549538176,1.0662094294301334,1612707210836.0,1.0,1.0,1.0,1.0003987427063514,3555908.0,0.48279962113552505,1552.95
3959509,long,close,1562.55,-175902.0,1561.45,0.0,0.0,0.07930516212913374,0.028143419410578862,0.10744858153971261,53.3302978866191,105.08543565307653,244.38473407692217,160.20525795967026,-19.150821769367703,194.38473407692146,1.0662239964403046,1612707347889.0,0.6803346638227219,1.0,0.6803346638227219,1.0003987530379141,137053.0,0.48291182668438215,
3959999,long,entry,1557.45,175549.0,1557.45,175549.0,495.83848853254904,0.0,0.028178914250858774,0.028178914250858774,53.35847680086996,105.0975525862044,244.41291299117304,160.20525795967026,-19.150821769367703,194.41291299117233,1.0662261290759023,1612707436552.0,1.0,1.0,1.0,1.000398681827754,88663.0,0.4829715883354039,1548.6
3960024,long,close,1558.55,-175549.0,1557.45,0.0,0.0,0.0795529323433618,0.028159026017772933,0.10771195836113473,53.38663582688773,105.1438687282997,244.52062494953418,160.28481089201364,-19.150821769367703,194.52062494953347,1.0662449817209785,1612707440669.0,0.6815423965751131,1.0,0.6815423965751131,1.000398692378725,4117.0,0.48297463739923147,
3960037,long,entry,1557.35,175635.0,1557.35,175635.0,495.8059963405964,0.0,0.028194529168138187,0.028194529168138187,53.41483035605587,105.15599237584199,244.5488194787023,160.28481089201364,-19.150821769367703,194.5488194787016,1.0662497846599344,1612707445828.0,1.0,1.0,1.0,1.0003986212194997,5159.0,0.48297622291242187,1548.6
3960628,long,reentry,1548.6,325451.0,1551.6669510822494,501086.0,896.3305826208642,0.0,0.05253955185328685,0.05253955185328685,53.46736990790916,105.17858438313891,244.6013590305556,160.28481089201364,-19.150821769367703,194.6013590305549,1.0662578714269917,1612707482378.0,0.6798153074971932,1.0,0.6798153074971932,1.0003985750861406,36550.0,0.4830483027813072,1538.45
3961548,long,reentry,1538.45,928512.0,1543.0826513817171,1429598.0,1246.1814417100477,0.0,0.15088433163248724,0.15088433163248724,53.61825423954165,105.24346464574089,244.7522433621881,160.28481089201364,-19.150821769367703,194.7522433621874,1.066283437641253,1612707513771.0,0.41736181576906906,1.0,0.41736181576906906,1.0003986298563332,31393.0,0.48316050833016433,1517.6
3967255,long,close,1544.15,-75242.0,1543.0826513817171,1354356.0,1231.5431691489266,0.03370450465486896,0.012181782857882977,0.045886287512751936,53.63043602239953,105.26319574937136,244.79812964970085,160.31851539666852,-19.150821769367703,194.79812964970014,1.0662491563211711,1612708837900.0,0.18339409474784724,1.0,0.18339409474784724,1.0003985768780146,1324129.0,0.4838565486207377,1517.6
3967327,long,close,1544.15,-71281.0,1543.0826513817171,1283075.0,1216.4603731271618,0.0319301825616506,0.011540491532558365,0.04347067409420897,53.641976513932086,105.28188813923188,244.84160032379506,160.35044557923015,-19.150821769367703,194.84160032379435,1.066255450971827,1612708880160.0,0.20208418209276194,1.0,0.20208418209276194,1.0003985214419358,42260.0,0.48386532992456127,1519.0
3967635,long,close,1544.15,-71281.0,1543.0826513817171,1211794.0,1200.0344431352141,0.0319301825616506,0.011540491532558365,0.04347067409420897,53.65351700546464,105.30058052909239,244.88507099788927,160.3823757617918,-19.150821769367703,194.88507099788856,1.0662559279320662,1612709104335.0,0.210475175643575,1.0,0.210475175643575,1.000398466025754,224175.0,0.48390289439091777,1520.4
3967654,long,close,1545.25,-75737.0,1543.0826513817171,1136057.0,1180.8565123361595,0.06884127905105904,0.012253195275845332,0.08109447432690436,53.66577020074049,105.33545115305296,244.96616547221618,160.45121704084286,-19.150821769367703,194.96616547221547,1.0662697920977935,1612709116572.0,0.22305238215971374,1.0,0.22305238215971374,1.0003984491505742,12237.0,0.4839052116794268,1520.4
3967656,long,close,1545.35,-75737.0,1543.0826513817171,1060320.0,1159.671977068864,0.07201290885034807,0.01225240236839551,0.08426531121874357,53.678022603108886,105.37168523687701,245.05043078343493,160.52322994969322,-19.150821769367703,195.05043078343422,1.0662845996116337,1612709116586.0,1.0,1.0,1.0,1.000398435500679,14.0,0.483905455604533,1521.8
3967659,long,close,1545.4,-75737.0,1543.0826513817171,984583.0,1136.1515602703055,0.0735985698272404,0.012252005953151287,0.0858505757803917,53.69027460906204,105.4086009844626,245.13628135921533,160.59682851952047,-19.150821769367703,195.13628135921462,1.0662996539358796,1612709117436.0,0.24957325067533956,1.0,0.24957325067533956,1.0003984234489984,850.0,0.4839058214921923,1523.2
3967669,long,close,1545.5,-75737.0,1543.0826513817171,908846.0,1109.884766035015,0.07676958398528193,0.012251213199611775,0.0890207971848937,53.70252582226165,105.4468799272521,245.22530215640023,160.67359810350575,-19.150821769367703,195.22530215639952,1.066314976822995,1612709127130.0,0.2648409458278783,1.0,0.2648409458278783,1.0003984146123552,9694.0,0.48390704111772337,1524.6
3967672,long,close,1545.6,-75737.0,1543.0826513817171,833109.0,1080.3619581421792,0.07994018781541325,0.012250420548654247,0.09219060836406749,53.7147762428103,105.48652188884866,245.31749276476432,160.75353829132118,-19.150821769367703,195.31749276476359,1.0663311448940307,1612709127625.0,0.28186039078937886,1.0,0.28186039078937886,1.0003984089844102,495.0,0.4839074070053827,1524.6
3967679,long,close,1545.75,-75737.0,1543.0826513817171,757372.0,1046.9367995376201,0.08469532436995925,0.012249231764515608,0.09694455613447485,53.727025474574816,105.52820804798648,245.4144373208988,160.83823361569114,-19.150821769367703,195.41443732089806,1.0663481117250935,1612709129041.0,0.30100804985625046,1.0,0.30100804985625046,1.0003984081759394,1416.0,0.48390826074325444,1526.0
3967743,long,close,1547.65,-84152.0,1543.0826513817171,673220.0,1004.1166432357759,0.1609409880889714,0.013593512745129712,0.1745345008341011,53.74061898731995,105.60325788334515,245.5889718217329,160.99917460378012,-19.150821769367703,195.58897182173217,1.0663779121964256,1612709154367.0,0.32267788087104865,1.0,0.32267788087104865,1.0003984864552,25326.0,0.4839160663466532,1527.4
3967817,long,close,1546.1,-74802.0,1543.0826513817171,598418.0,960.0211071848181,0.09460452982936199,0.012095271974645884,0.10669980180400787,53.75271425929459,105.64913879812087,245.69567162353692,161.09377913360947,-19.150821769367703,195.69567162353619,1.0663945145339464,1612709219955.0,0.3503596265417295,1.0,0.3503596265417295,1.000398495458667,65588.0,0.483925091575583,1528.8
3967944,long,close,1548.55,-85488.0,1543.0826513817171,512930.0,900.5525450319703,0.19559939299439447,0.0138012979884408,0.20940069098283526,53.766515557283036,105.73918109524348,245.90507231451974,161.28937852660385,-19.150821769367703,195.90507231451903,1.0664281641389373,1612709314572.0,0.37918966167562207,1.0,0.37918966167562207,1.0003986089633854,94617.0,0.4839405808198274,1530.2
3968011,long,close,1550.0,-102586.0,1543.0826513817171,410344.0,812.3770706051113,0.2966927084475623,0.016546129032258064,0.31323883747982034,53.78306168631529,105.87387379535981,246.21831115199956,161.5860712350514,-19.150821769367703,196.21831115199885,1.0664824278172627,1612709331727.0,0.41860450948579986,1.0,0.41860450948579986,1.0003988277799603,17155.0,0.48394875231088547,1531.6
3968183,long,close,1551.2,-102586.0,1543.0826513817171,307758.0,698.3247554097246,0.3478926951384048,0.016533329035585353,0.36442602417399017,53.799595015350874,106.03057698575462,246.58273717617354,161.9339639301898,-19.150821769367703,196.58273717617283,1.0665424354680355,1612709446307.0,0.475835035258179,1.0,0.475835035258179,1.0003990980179085,114580.0,0.4839697298700196,1533.0
3968186,long,close,1551.25,-307758.0,1543.0826513817171,0.0,0.0,1.0500729266215667,0.049598388396454474,1.0996713150180213,53.84919340374733,106.50343565121237,247.68240849119155,162.98403685681137,-19.150821769367703,197.68240849119084,1.0667340008818353,1612709448004.0,0.5498164289519568,1.0,0.5498164289519568,1.0004001111003844,1697.0,0.48397009575767896,
3971031,long,entry,1528.05,174559.0,1528.05,174559.0,486.47803377232106,0.0,0.02855911128562547,0.02855911128562547,53.87775251503295,106.51571606906519,247.71096760247718,162.98403685681137,-19.150821769367703,197.71096760247647,1.0667087106098017,1612710387938.0,1.0,1.0,1.0,1.0004000399066153,939934.0,0.4843170792212642,1519.0
3972104,long,close,1529.1,-174559.0,1528.05,0.0,0.0,0.07844370374705237,0.028539500359688705,0.10698320410674107,53.906292015392644,106.56171884683108,247.81795080658392,163.0624805605584,-19.150821769367703,197.8179508065832,1.0667232204788246,1612710514649.0,0.6799591896501291,1.0,0.6799591896501291,1.000400047864341,126711.0,0.48444794504074645,
3973057,long,entry,1522.6,174031.0,1522.6,174031.0,484.74179662496203,0.0,0.028574642059634836,0.028574642059634836,53.93486665745228,106.57400594291673,247.84652544864355,163.0624805605584,-19.150821769367703,197.84652544864284,1.066720216795964,1612710762227.0,1.0,1.0,1.0,1.0003999767218448,247578.0,0.48456417535385604,1513.4
3973367,long,close,1523.65,-174031.0,1522.6,0.0,0.0,0.07876710310799266,0.02855495028385784,0.1073220533918505,53.96342160773614,106.62015442587521,247.9538475020354,163.1412476636664,-19.150821769367703,197.95384750203468,1.0667380269606324,1612710787803.0,0.6803654369292393,1.0,0.6803654369292393,1.000399984973823,25576.0,0.48460198374531877,
3973409,long,entry,1521.4,173990.0,1521.4,173990.0,484.36129453224913,0.0,0.028590443013014326,0.028590443013014326,53.99201205074915,106.63244831637081,247.9824379450484,163.1412476636664,-19.150821769367703,197.98243794504768,1.0667428064998028,1612710793488.0,1.0,1.0,1.0,1.0003999138826936,5685.0,0.4846071061725492,1513.4
3973731,long,reentry,1513.4,322403.0,1516.2040685505235,496393.0,875.7560823429717,0.0,0.05325806131888463,0.05325806131888463,54.04527011206804,106.65534928273792,248.03569600636726,163.1412476636664,-19.150821769367703,198.03569600636655,1.0667510418640709,1612710824780.0,0.6799409954523083,1.0,0.6799409954523083,1.0003998676606372,31292.0,0.48464637811464917,1503.6
3973843,long,close,1517.25,-70913.0,1516.2040685505235,425480.0,816.1998303880983,0.032241428579527144,0.01168446202010216,0.0439258905996293,54.05695457408814,106.67423741569577,248.0796218969669,163.17348909224594,-19.150821769367703,198.0796218969662,1.0667584365792822,1612710831826.0,0.4211790599187233,1.0,0.4211790599187233,1.0003998120585842,7046.0,0.48466003792059703,1503.6
3973846,long,close,1517.25,-70913.0,1516.2040685505235,354567.0,745.2466951144206,0.032241428579527144,0.01168446202010216,0.0439258905996293,54.06863903610824,106.69312554865361,248.12354778756654,163.20573052082548,-19.150821769367703,198.12354778756583,1.0667660528762442,1612710831948.0,1.0,1.0,1.0,1.0003997564764546,122.0,0.4846604038082563,1505.0
3973856,long,close,1517.25,-70913.0,1516.2040685505235,283654.0,659.2791246199067,0.032241428579527144,0.01168446202010216,0.0439258905996293,54.08032349812834,106.71201368161145,248.16747367816617,163.23797194940502,-19.150821769367703,198.16747367816546,1.066773601577263,1612710834129.0,0.5086231529262384,1.0,0.5086231529262384,1.0003997009142362,2181.0,0.4846616234337874,1506.4
3973874,long,close,1517.25,-283654.0,1516.2040685505235,0.0,0.0,0.1289666236416058,0.046738177623990775,0.17570480126559657,54.12706167575233,106.78756674615566,248.34317847943177,163.36693857304664,-19.150821769367703,198.34317847943106,1.0668039686699475,1612710837105.0,0.5654632714079181,1.0,0.5654632714079181,1.0003997777872,2976.0,0.4846638187597433,
3973902,long,entry,1517.8,173850.0,1517.8,173850.0,483.21355685941177,0.0,0.028635195677954937,0.028635195677954937,54.15569687143029,106.79987988029718,248.37181367510973,163.36693857304664,-19.150821769367703,198.37181367510902,1.066808720004867,1612710843665.0,1.0,1.0,1.0,1.000399706853944,6560.0,0.4846672337112302,1509.2
3973958,long,close,1518.85,-173850.0,1517.8,0.0,0.0,0.07918347555544988,0.028615399809066074,0.10779887536451596,54.18431227123935,106.84623339670392,248.47961255047426,163.4461220486021,-19.150821769367703,198.47961255047355,1.0668271706502939,1612710850699.0,0.6813101026483682,1.0,0.6813101026483682,1.0003997154069688,7034.0,0.4846740636142042,
3973960,long,entry,1518.9,174072.0,1518.9,174072.0,483.5645753482153,0.0,0.02865099743235236,0.02865099743235236,54.2129632686717,106.85855332559984,248.5082635479066,163.4461220486021,-19.150821769367703,198.5082635479059,1.0668321017087001,1612710851683.0,1.0,1.0,1.0,1.000399644524684,984.0,0.48467430753931035,1510.6
3974804,long,reentry,1510.6,322555.0,1513.5092208035408,496627.0,874.2500103618396,0.0,0.05338193433072951,0.05338193433072951,54.26634520300243,106.88150755736206,248.56164548223734,163.4461220486021,-19.150821769367703,198.56164548223663,1.0668376877655337,1612710965204.0,0.6798751611345435,1.0,0.6798751611345435,1.0003995984728395,113521.0,0.48477724393413146,1500.8
3976158,long,reentry,1500.8,920249.0,1505.2546891894563,1416876.0,1215.5852814445552,0.0,0.15329307702558637,0.15329307702558637,54.41963828002802,106.94742358048305,248.71493855926292,163.4461220486021,-19.150821769367703,198.7149385592622,1.0668594861999272,1612711112155.0,0.417438521781942,1.0,0.417438521781942,1.0003996525447036,146951.0,0.48494238123103633,1479.8
3977270,long,close,1506.3,-74572.0,1505.2546891894563,1342304.0,1201.3043579707683,0.03437951675547272,0.012376684591382858,0.046756201346855576,54.4320149646194,106.9675287470622,248.76169476060977,163.48050156535757,-19.150821769367703,198.76169476060906,1.066865628120005,1612711172581.0,0.18553749986964474,1.0,0.18553749986964474,1.0003995998345923,60426.0,0.48507800359008973,1481.2
3977319,long,close,1506.3,-70647.0,1505.2546891894563,1271657.0,1186.5896647689708,0.032569995711847356,0.011725253933479387,0.044295249645326745,54.443740218552875,106.98657570440969,248.8059900102551,163.5130715610694,-19.150821769367703,198.8059900102544,1.0668730330380736,1612711180578.0,0.2019767110832907,1.0,0.2019767110832907,1.0003995446786604,7997.0,0.4850839797551919,1481.2
3977344,long,close,1507.3,-74803.0,1505.2546891894563,1196854.0,1169.5397839128889,0.06743240382178171,0.012406786970078949,0.07983919079186066,54.45614700552296,107.02090655645019,248.88582920104696,163.5805039648912,-19.150821769367703,198.88582920104625,1.0668867644301803,1612711182962.0,0.2122487786171607,1.0,0.2122487786171607,1.000399525102148,2384.0,0.48508702881901955,1482.6
3977345,long,close,1507.35,-74803.0,1505.2546891894563,1122051.0,1150.7974878848695,0.06907857584156588,0.012406375427074005,0.08148495126863989,54.468553380950034,107.05594508549571,248.9673141523156,163.64958254073275,-19.150821769367703,198.96731415231488,1.066900836365765,1612711183476.0,1.0,1.0,1.0,1.0003995071552003,514.0,0.4850871507815726,1484.0
3977351,long,close,1507.45,-74803.0,1505.2546891894563,1047248.0,1130.0960517613216,0.07237059227384382,0.012405552422965937,0.08477614469680976,54.480958933373,107.09239882771533,249.0520902970124,163.7219531330066,-19.150821769367703,199.0520902970117,1.0669154324975167,1612711185234.0,0.2365426159253859,1.0,0.2365426159253859,1.0003994924791426,1758.0,0.4850878825568913,1485.4
3977377,long,close,1507.55,-74803.0,1505.2546891894563,972445.0,1107.112309223956,0.07566217196882766,0.012404729528042188,0.08806690149686984,54.49336366290105,107.13026759535897,249.14015719850926,163.7976153049754,-19.150821769367703,199.14015719850855,1.066930620489236,1612711186119.0,0.25027627839498345,1.0,0.25027627839498345,1.0003994810677599,885.0,0.485091053583272,1485.4
3977390,long,close,1507.6,-74803.0,1505.2546891894563,897642.0,1081.4500238226472,0.07730779806700838,0.012404318121517644,0.08971211618852602,54.505767981022565,107.16884380532005,249.2298693146978,163.87492310304242,-19.150821769367703,199.22986931469708,1.0669461109604,1612711186275.0,0.26559714147664615,1.0,0.26559714147664615,1.0003994712729052,156.0,0.4850926390964624,1486.8
3977413,long,close,1509.15,-81603.0,1505.2546891894563,816039.0,1049.7407409814175,0.13992839233701987,0.013518039956266773,0.15344643229328664,54.51928602097883,107.23482577120616,249.3833157469911,164.01485149537945,-19.150821769367703,199.38331574699038,1.0669725875419727,1612711186740.0,0.282858074388165,1.0,0.282858074388165,1.0003995250108433,465.0,0.4850954442351838,1488.2
3977456,long,close,1509.4,-81603.0,1505.2546891894563,734436.0,1013.4103998000016,0.14888429531586136,0.01351580098052206,0.1624000962963834,54.53280182195935,107.30465781261361,249.54571584328747,164.1637357906953,-19.150821769367703,199.54571584328676,1.0670004383452225,1612711191988.0,0.3038854502775746,1.0,0.3038854502775746,1.0003995875481404,5248.0,0.48510068862496736,1489.6
3977462,long,close,1509.75,-81604.0,1505.2546891894563,652832.0,971.3685941095099,0.16141955465338106,0.013512833250538168,0.17493238790391924,54.54631465520989,107.37987873941229,249.72064823119138,164.3251553453487,-19.150821769367703,199.72064823119067,1.067030562798935,1612711193181.0,0.3286005036438309,1.0,0.3286005036438309,1.0003996624227827,1193.0,0.485101420400286,1489.6
3977486,long,close,1510.6,-93261.0,1505.2546891894563,559571.0,914.4117812422205,0.21923685413429003,0.015434430027803522,0.23467128416209354,54.56174908523769,107.480787391602,249.95531951535347,164.54439219948299,-19.150821769367703,199.95531951535276,1.0670709771392777,1612711193719.0,0.3566669354861184,1.0,0.3566669354861184,1.0003997965328393,538.0,0.4851043475015605,1491.0
3977636,long,close,1506.3,-69946.0,1505.2546891894563,489625.0,863.9655978885005,0.032246817558578215,0.011608909247825799,0.04385572680640401,54.57335799448552,107.49964535412875,249.99917524215988,164.57663901704157,-19.150821769367703,199.99917524215917,1.0670780266724322,1612711209250.0,0.39207407423314133,1.0,0.39207407423314133,1.0003997408170657,15531.0,0.48512264188452636,1492.4
3977655,long,close,1506.3,-69946.0,1505.2546891894563,419679.0,804.7691329820185,0.032246817558578215,0.011608909247825799,0.04385572680640401,54.584966903733346,107.5185033166555,250.0430309689663,164.60888583460016,-19.150821769367703,200.04303096896558,1.0670854437063104,1612711213378.0,0.42631766408466104,1.0,0.42631766408466104,1.0003996851213166,4128.0,0.48512495917303533,1493.8
3977718,long,close,1509.75,-83935.0,1505.2546891894563,335744.0,718.4096546383972,0.16603046811224376,0.013898824308660376,0.17992929242090414,54.59886572804201,107.59587291239649,250.2229602613872,164.7749163027124,-19.150821769367703,200.22296026138648,1.0671160766595866,1612711223631.0,0.46633346619229543,1.0,0.46633346619229543,1.0003997645100142,10253.0,0.485132642813881,1495.2
3977739,long,close,1510.6,-83936.0,1505.2546891894563,251808.0,609.3690107871539,0.19731575458783168,0.013891169071891965,0.21120692365972366,54.6127568971139,107.68669188957017,250.4341671850469,164.97223205730023,-19.150821769367703,200.4341671850462,1.0671522923764338,1612711226853.0,0.5242635225227487,1.0,0.5242635225227487,1.000399874736265,3222.0,0.4851352040274962,1495.2
3977740,long,close,1510.95,-251808.0,1505.2546891894563,0.0,0.0,0.6305606593768255,0.04166385386677256,0.672224513243598,54.65442075098067,107.9757484302649,251.10639169829048,165.60279271667704,-19.150821769367703,201.1063916982898,1.0672676814839956,1612711227284.0,1.0,1.0,1.0,1.0004004407889033,431.0,0.4851353259900493,
4006101,long,entry,1556.7,180290.0,1556.7,180290.0,495.5987481564994,0.0,0.02895387679064688,0.02895387679064688,54.683374627771315,107.98819859728488,251.13534557508112,165.60279271667704,-19.150821769367703,201.13534557508044,1.0668441652676217,1612724519277.0,1.0,1.0,1.0,1.0004003700606778,13291993.0,0.48859430595867565,1548.6
4006174,long,close,1557.8,-180290.0,1556.7,0.0,0.0,0.08178011161819751,0.02893343176274233,0.11071354338093983,54.71230805953406,108.03580542093869,251.24605911846206,165.68457282829525,-19.150821769367703,201.24605911846137,1.0668628166308054,1612724525521.0,0.6814201471047476,1.0,0.6814201471047476,1.0004003800981727,6244.0,0.4886032092250524,
4006205,long,entry,1556.4,180356.0,1556.4,180356.0,495.504158136814,0.0,0.02897005911076844,0.02897005911076844,54.74127811864483,108.04826254635631,251.27502917757283,165.68457282829525,-19.150821769367703,201.27502917757215,1.0668675992542973,1612724530166.0,1.0,1.0,1.0,1.0004003094201392,4645.0,0.48860699006419867,1547.15
4006353,long,close,1557.5,-180356.0,1556.4,0.0,0.0,0.08184157951035609,0.02894959871589085,0.11079117822624694,54.77022771736072,108.0959027529936,251.38582035579907,165.7664144078056,-19.150821769367703,201.3858203557984,1.0668860666102404,1612724542244.0,0.6810606603135851,1.0,0.6810606603135851,1.0004003194835211,12078.0,0.4886250405220583,
4036098,long,entry,1595.8,185024.0,1595.8,185024.0,508.0467230801181,0.0,0.02898608848226595,0.02898608848226595,54.79921380584298,108.10836677104098,251.41480644428134,165.7664144078056,-19.150821769367703,201.41480644428066,1.066325793903331,1612742325605.0,1.0,1.0,1.0,1.0004002488554495,17783361.0,0.4922528166641827,1586.3
4036225,long,close,1596.9,-185024.0,1595.8,0.0,0.0,0.07986648464022716,0.02896612186110589,0.10883260650133306,54.828179927704085,108.15516479183655,251.5236390507827,165.84628089244583,-19.150821769367703,201.52363905078198,1.0663435337253915,1612742344962.0,0.6812355859705622,1.0,0.6812355859705622,1.0004002569384987,19357.0,0.4922683059084271,
4036807,long,entry,1594.05,184923.0,1594.05,184923.0,507.4906768537509,0.0,0.02900207019855086,0.02900207019855086,54.857181997902636,108.16763568202192,251.55264112098124,165.84628089244583,-19.150821769367703,201.55264112098052,1.0663414595479803,1612742565851.0,1.0,1.0,1.0,1.0004001863609915,220889.0,0.49233928811433453,1584.85
4037095,long,close,1595.15,-184923.0,1594.05,0.0,0.0,0.07999818755204856,0.02898207065166285,0.1089802582037114,54.8861640685543,108.21449719304952,251.66162137918494,165.92627907999787,-19.150821769367703,201.66162137918423,1.0663580676935245,1612742621516.0,0.680682893818819,1.0,0.680682893818819,1.0004001945421057,55665.0,0.49237441332962895,
4039787,long,entry,1589.55,184502.0,1589.55,184502.0,506.0577999051945,0.0,0.029017961058161117,0.029017961058161117,54.91518202961246,108.22697491630454,251.6906393402431,165.92627907999787,-19.150821769367703,201.6906393402424,1.0663133480950486,1612744196131.0,1.0,1.0,1.0,1.000400124014968,1574615.0,0.49270273652258906,1580.5
4039878,long,close,1590.65,-184502.0,1589.55,0.0,0.0,0.08026846173319657,0.028997893942727813,0.10926635567592438,54.94417992355519,108.27395944924518,251.79990569591902,166.00654754173107,-19.150821769367703,201.7999056959183,1.0663313843564155,1612744207266.0,0.6812033514519374,1.0,0.6812033514519374,1.0004001324299654,11135.0,0.49271383511492167,
4039944,long,entry,1589.05,184545.0,1589.05,184545.0,505.8980248004925,0.0,0.02903385670683742,0.02903385670683742,54.97321378026203,108.28644400762911,251.82893955262585,166.00654754173107,-19.150821769367703,201.82893955262514,1.0663348097738723,1612744253595.0,1.0,1.0,1.0,1.0004000619530473,46329.0,0.49272188464342664,1580.5
4041551,long,close,1590.15,-184545.0,1589.05,0.0,0.0,0.08033768481596676,0.02901377228563343,0.10935145710160019,55.00222755254766,108.3334651341828,251.93829100972744,166.08688522654703,-19.150821769367703,201.93829100972675,1.0663247272820413,1612745157910.0,0.6801049512785782,1.0,0.6801049512785782,1.0004000704038454,904315.0,0.4929178784662672,
4046654,long,entry,1578.9,183467.0,1578.9,183467.0,502.6666180558092,0.0,0.029049813161061498,0.029049813161061498,55.03127736570872,108.34595655384206,251.9673408228885,166.08688522654703,-19.150821769367703,201.96734082288782,1.0662062826939798,1612749083436.0,1.0,1.0,1.0,1.0003999999771247,3925526.0,0.4935402533747648,1570.35
4048014,long,reentry,1570.35,339964.0,1573.3468474354786,523431.0,908.8015468081549,0.0,0.05412232941700895,0.05412232941700895,55.08539969512573,108.36922915549137,252.0214631523055,166.08688522654703,-19.150821769367703,202.02146315230482,1.0661967462945967,1612749677096.0,0.6798913468408525,1.0,0.6798913468408525,1.0003999541877227,593660.0,0.49370612244698836,1560.2
4048117,long,close,1574.45,-74775.0,1573.3468474354786,448656.0,847.0009118108788,0.03329957212169813,0.011873193813712725,0.04517276593541086,55.09727288893944,108.38865344484358,252.0666359182409,166.12018479866873,-19.150821769367703,202.06663591824022,1.0662031908814285,1612749713077.0,0.4207581205212691,1.0,0.4207581205212691,1.000399899630928,35981.0,0.4937186845899582,1560.2
4048221,long,close,1578.05,-89731.0,1573.3468474354786,358925.0,756.7158961288224,0.16997550528255462,0.014215487468711385,0.184190992751266,55.111488376408154,108.46785557172663,252.25082691099217,166.2901603039513,-19.150821769367703,202.2508269109915,1.0662325680827391,1612749760446.0,0.4621704214300544,1.0,0.4621704214300544,1.0003999813628548,47369.0,0.49373136869548123,1561.65
4048242,long,close,1578.9,-89731.0,1573.3468474354786,269194.0,642.5141605062045,0.2005871066465579,0.014207834568370385,0.2147949412149283,55.12569621097652,108.56021739644905,252.4656218522071,166.49074741059786,-19.150821769367703,202.46562185220643,1.0662682728333828,1612749768663.0,0.5205348353373532,1.0,0.5205348353373532,1.0004000928821537,8217.0,0.4937339299090964,1563.1
4048243,long,close,1578.95,-269194.0,1573.3468474354786,0.0,0.0,0.6071625435605645,0.04262231229614617,0.6497848558567108,55.16831852327267,108.83962488446744,253.11540670806383,167.09790995415844,-19.150821769367703,203.11540670806315,1.0663768774837736,1612749768923.0,1.0,1.0,1.0,1.000400629139364,260.0,0.49373405187164954,
4110929,long,entry,1709.25,199542.0,1709.25,199542.0,544.16636623962,0.0,0.02918560772268539,0.02918560772268539,55.197504130995355,108.85217469578821,253.14459231578653,167.09790995415844,-19.150821769367703,203.14459231578584,1.065257453108434,1612786151800.0,1.0,1.0,1.0,1.0004005586790454,36382877.0,0.5013793964756237,1700.35
4112042,long,close,1710.45,-199542.0,1709.25,0.0,0.0,0.08190295949539622,0.02916513198281154,0.11106809147820776,55.22666926297817,108.89993397512384,253.25566040726474,167.17981291365385,-19.150821769367703,203.25566040726406,1.0652711101791272,1612786301737.0,0.680109125718876,1.0,0.680109125718876,1.0004005681073727,149937.0,0.5015151407972301,
4112794,long,entry,1703.45,198975.0,1703.45,198975.0,542.3196825775717,0.0,0.02920176700226012,0.02920176700226012,55.25587102998043,108.9124907349348,253.284862174267,167.17981291365385,-19.150821769367703,203.28486217426632,1.0652723406181845,1612786418788.0,1.0,1.0,1.0,1.0004004976968865,117051.0,0.5016068566371655,1694.15
4112893,long,close,1704.65,-198975.0,1703.45,0.0,0.0,0.08222713261422347,0.029181210219106562,0.11140834283333004,55.28505224019954,108.96039632235315,253.39627051710033,167.26204004626808,-19.150821769367703,203.39627051709965,1.0652902746826753,1612786429403.0,0.6813632887323315,1.0,0.6813632887323315,1.0004005074070919,10615.0,0.501618930929923,
4112942,long,entry,1702.95,199027.0,1702.95,199027.0,542.160430359952,0.0,0.029217974690977422,0.029217974690977422,55.31427021489052,108.97296005147025,253.4254884917913,167.26204004626808,-19.150821769367703,203.42548849179062,1.065294819542456,1612786437360.0,1.0,1.0,1.0,1.000400437046314,7957.0,0.5016249070950252,1692.6
4112978,long,close,1704.15,-199027.0,1702.95,0.0,0.0,0.0822969096128297,0.029197400463574216,0.11149431007640392,55.34346761535409,109.02090260480311,253.5369828018677,167.34433695588092,-19.150821769367703,203.53698280186703,1.0653129629748175,1612786441222.0,0.6814568564277603,1.0,0.6814568564277603,1.000400446790149,3862.0,0.501629297746937,
4120231,long,entry,1701.1,198921.0,1701.1,198921.0,541.5711018804045,0.0,0.029234172006348837,0.029234172006348837,55.37270178736044,109.03347329876584,253.56621697387405,167.34433695588092,-19.150821769367703,203.56621697387337,1.0652792188662714,1612787709285.0,1.0,1.0,1.0,1.0004003764789882,1268063.0,0.5025138921446115,1691.05
4121335,long,close,1702.3,-198921.0,1701.1,0.0,0.0,0.08243201881600684,0.029213564001644834,0.11164558281765168,55.401915351362085,109.08148089937744,253.6778625566917,167.42676897469693,-19.150821769367703,203.67786255669103,1.0652908426936476,1612787927927.0,0.6801021283083348,1.0,0.6801021283083348,1.0004003863198099,218642.0,0.50264853880324,
4124239,long,entry,1691.85,197949.0,1691.85,197949.0,538.62572314948,0.0,0.029250376806454478,0.029250376806454478,55.43116572816854,109.09405856140421,253.70711293349817,167.42676897469693,-19.150821769367703,203.70711293349748,1.065265712334526,1612788913274.0,1.0,1.0,1.0,1.0004003160581696,985347.0,0.5030027180574586,1681.75
4125490,long,close,1693.05,-197949.0,1691.85,0.0,0.0,0.08292832974277664,0.029229644724018785,0.11215797446679543,55.460395372892556,109.14228649042492,253.81927090796495,167.5096973044397,-19.150821769367703,203.81927090796427,1.0652786581027454,1612789090612.0,0.6797611563069771,1.0,0.6797611563069771,1.0004003263463332,177338.0,0.5031552932113935,
4160550,long,entry,1748.65,204709.0,1748.65,204709.0,556.7093518222612,0.0,0.02926672004117462,0.02926672004117462,55.48966209293373,109.15487118004263,253.8485376280061,167.5096973044397,-19.150821769367703,203.84853762800543,1.0650236177786134,1612797685407.0,1.0,1.0,1.0,1.0004002561341176,8594795.0,0.507431300323274,1739.2
4160974,long,close,1749.85,-204709.0,1748.65,0.0,0.0,0.08028131336835984,0.02924664971283253,0.10952796308119236,55.51890874264656,109.20196820416753,253.9580655910873,167.58997861780804,-19.150821769367703,203.95806559108664,1.06504041563043,1612797719147.0,0.6807310019944594,1.0,0.6807310019944594,1.0004002638201854,33740.0,0.5074830124457907,
4161044,long,entry,1746.85,204610.0,1746.85,204610.0,556.1360987750253,0.0,0.02928270887597676,0.02928270887597676,55.548191451522534,109.2145597689842,253.98734829996326,167.58997861780804,-19.150821769367703,203.9873482999626,1.0650450128879814,1612797724594.0,1.0,1.0,1.0,1.000400193657923,5447.0,0.5074915498245081,1737.6
4161128,long,close,1748.05,-204610.0,1746.85,0.0,0.0,0.08040788455977389,0.02926260690483682,0.10967049146461072,55.57745405842737,109.26171808031398,254.09701879142787,167.67038650236782,-19.150821769367703,204.09701879142722,1.0650625731255579,1612797733465.0,0.6812060196187874,1.0,0.6812060196187874,1.0004002014356583,8871.0,0.5075017946789689,
4161770,long,entry,1744.75,204476.0,1744.75,204476.0,555.4678261036823,0.0,0.029298753403066344,0.029298753403066344,55.60675281183044,109.2743165442773,254.12631754483093,167.67038650236782,-19.150821769367703,204.12631754483027,1.0650628736842516,1612797881528.0,1.0,1.0,1.0,1.000400131323301,148063.0,0.5075800946380628,1734.4
4162509,long,close,1745.95,-204476.0,1744.75,0.0,0.0,0.08054870777210876,0.02927861622612331,0.10982732399823207,55.63603142805656,109.32154229359654,254.23614486882914,167.75093521013991,-19.150821769367703,204.23614486882852,1.0650768612441475,1612798009453.0,0.6806371378694405,1.0,0.6806371378694405,1.000400139206272,127925.0,0.5076702249648077,
4163409,long,entry,1739.7,203996.0,1739.7,203996.0,553.8604594370373,0.0,0.02931482439501063,0.02931482439501063,55.66534625245157,109.33414766808639,254.26545969322416,167.75093521013991,-19.150821769367703,204.26545969322353,1.0650743027977272,1612798252380.0,1.0,1.0,1.0,1.0004000691437391,242927.0,0.5077799912626026,1729.6
4163784,long,reentry,1729.6,378004.0,1733.1401367697595,582000.0,1001.2139111818669,0.0,0.05463748843663275,0.05463748843663275,55.7199837408882,109.35764178811414,254.3200971816608,167.75093521013991,-19.150821769367703,204.32009718166017,1.0650823510813636,1612798279684.0,0.6797661475892357,1.0,0.6797661475892357,1.0004000236058395,27304.0,0.5078257272200173,1718.4
4164843,long,close,1734.35,-83142.0,1733.1401367697595,498858.0,933.1383121632016,0.033464652587157945,0.011984605183498141,0.04544925777065609,55.7319683460717,109.37718496895552,254.36554643943145,167.78439986272707,-19.150821769367703,204.36554643943083,1.06508498068514,1612798437264.0,0.4192326278709551,1.0,0.4192326278709551,1.0003999691960037,157580.0,0.507954885563756,1720.0
4165036,long,close,1738.3,-99771.0,1733.1401367697595,399087.0,833.6850763517778,0.17087719455527453,0.01434893286544325,0.18522612742071778,55.74631727893715,109.45683220374643,254.55077256685217,167.95527705728236,-19.150821769367703,204.55077256685155,1.0651135837195749,1612798485332.0,0.46204409537460994,1.0,0.46204409537460994,1.0004000498462198,48068.0,0.5079784243365054,1720.0
4165258,long,close,1734.35,-79817.0,1733.1401367697595,319270.0,735.8525236337344,0.032126340183651896,0.011505318995589127,0.04363165917924102,55.75782259793274,109.47559381719351,254.59440422603143,167.987403397466,-19.150821769367703,204.5944042260308,1.0651195036271548,1612798523676.0,0.518518581373504,1.0,0.518518581373504,1.0003999936620764,38344.0,0.5080055000232948,1721.6
4165260,long,close,1734.35,-319270.0,1733.1401367697595,0.0,0.0,0.12850616573454954,0.046021564274800364,0.1745277300093499,55.80384416220754,109.55064074109754,254.7689319560408,168.11590956320057,-19.150821769367703,204.76893195604015,1.065147784158852,1612798524027.0,1.0,1.0,1.0,1.0004000637869694,351.0,0.508005743948401,
4165816,long,entry,1730.5,203342.0,1730.5,203342.0,550.9306453912068,0.0,0.029376191852065876,0.029376191852065876,55.833220354059605,109.56327250359394,254.79830814789287,168.11590956320057,-19.150821769367703,204.79830814789221,1.0651468023779742,1612798714424.0,1.0,1.0,1.0,1.0003999938461354,190397.0,0.5080735551279277,1720.0
4165921,long,close,1731.7,-203342.0,1730.5,0.0,0.0,0.08142618287805177,0.029355835306346365,0.11078201818439813,55.86257618936595,109.61090877141322,254.90909016607728,168.19733574607864,-19.150821769367703,204.90909016607662,1.0651640987666655,1612798735914.0,0.6813219311712131,1.0,0.6813219311712131,1.0004000023874384,21490.0,0.5080863611960038,
4165952,long,entry,1730.05,203401.0,1730.05,203401.0,550.7874557786407,0.0,0.029392358602352533,0.029392358602352533,55.891968547968304,109.62354748561225,254.93848252467964,168.19733574607864,-19.150821769367703,204.938482524679,1.0651684930198628,1612798748029.0,1.0,1.0,1.0,1.0003999324960204,12115.0,0.5080901420351501,1720.0
4166097,long,close,1731.25,-203401.0,1730.05,0.0,0.0,0.08149217114298114,0.02937198555956679,0.11086415670254793,55.92134053352787,109.67121907299433,255.0493466813822,168.2788279172216,-19.150821769367703,205.04934668138154,1.065185166436987,1612798790276.0,0.6812572593873606,1.0,0.6812572593873606,1.0003999410685855,42247.0,0.5081078266053504,
4167572,long,entry,1726.35,203078.0,1726.35,203078.0,549.610122255612,0.0,0.02940857879340806,0.02940857879340806,55.950749112321276,109.68386476187551,255.0787552601756,168.2788279172216,-19.150821769367703,205.07875526017494,1.0651706671096701,1612799428726.0,1.0,1.0,1.0,1.000399871226556,638450.0,0.5082877213711811,1716.8
4167605,long,close,1727.55,-203078.0,1726.35,0.0,0.0,0.0817117757566214,0.0293881508494689,0.1110999266060903,55.98013726317075,109.73163773031612,255.18985518678167,168.36053969297822,-19.150821769367703,205.18985518678105,1.0651883322356404,1612799438864.0,0.6815700334556128,1.0,0.6815700334556128,1.0003998799779925,10138.0,0.5082917461354336,
4168722,long,entry,1723.45,202848.0,1723.45,202848.0,548.6858370500247,0.0,0.029424700455481737,0.029424700455481737,56.009561963626226,109.74429035151198,255.21927988723715,168.36053969297822,-19.150821769367703,205.21927988723652,1.0651776154496262,1612799951968.0,1.0,1.0,1.0,1.0003998101851241,513104.0,0.5084279783072525,1713.6
4168830,long,close,1724.65,-202848.0,1723.45,0.0,0.0,0.08189404353713406,0.029404226944597454,0.11129827048173152,56.038966190570825,109.79214860781912,255.3305781577189,168.44243373651537,-19.150821769367703,205.33057815771826,1.0651946815600821,1612799982567.0,0.6813671097270472,1.0,0.6813671097270472,1.0003998190789611,30599.0,0.5084411502629879,
4168889,long,entry,1722.9,202895.0,1722.9,202895.0,548.5105698514477,0.0,0.029440913575947532,0.029440913575947532,56.06840710414677,109.80480820065678,255.36001907129483,168.44243373651537,-19.150821769367703,205.3600190712942,1.0651989373088695,1612799999191.0,1.0,1.0,1.0,1.000399749335223,16624.0,0.5084483460536211,1713.6
4168906,long,close,1724.1,-202895.0,1722.9,0.0,0.0,0.08196530663218661,0.029420422249289487,0.1113857288814761,56.09782752639606,109.85270406407581,255.47140480017632,168.52439904314755,-19.150821769367703,205.4714048001757,1.0652168252342769,1612800002680.0,0.681570596005081,1.0,0.681570596005081,1.0003997582646398,3489.0,0.5084504194170238,
4169746,long,entry,1721.1,202795.0,1721.1,202795.0,547.9378590687805,0.0,0.02945717854860264,0.02945717854860264,56.127284704944664,109.86537065085172,255.5008619787249,168.52439904314755,-19.150821769367703,205.5008619787243,1.06521497795968,1612800221591.0,1.0,1.0,1.0,1.0003996885700013,218911.0,0.5085528679616326,1712.0
4169871,long,close,1722.3,-202795.0,1721.1,0.0,0.0,0.08209629973484442,0.02943665447366893,0.11153295420851335,56.156721359418334,109.91332982116137,255.61239493293343,168.6064953428824,-19.150821769367703,205.6123949329328,1.0652323750850494,1612800241753.0,0.6813666391016889,1.0,0.6813666391016889,1.0003996975921605,20162.0,0.5085681132807707,
4170262,long,entry,1719.65,202736.0,1719.65,202736.0,547.4762801652145,0.0,0.029473439362661006,0.029473439362661006,56.186194798780996,109.92600340008731,255.64186837229607,168.6064953428824,-19.150821769367703,205.64186837229545,1.065234584517686,1612800326170.0,1.0,1.0,1.0,1.0003996279465166,84417.0,0.508615800639035,1710.4
4170813,long,reentry,1710.4,375669.0,1713.642205720905,578405.0,989.8286254703847,0.0,0.05490952408793265,0.05490952408793265,56.24110432286893,109.94961449544513,255.69677789638402,168.6064953428824,-19.150821769367703,205.6967778963834,1.0652415326542912,1612800389530.0,0.6799039493874268,1.0,0.6799039493874268,1.0003995826945682,63360.0,0.5086830020057962,1698.8
4171400,long,close,1714.85,-82629.0,1713.642205720905,495776.0,922.5161947521761,0.033960898926395616,0.012046097326296763,0.046006996252692375,56.253150420195226,109.96939750383379,255.74278489263673,168.6404562418088,-19.150821769367703,205.74278489263608,1.0652454558545026,1612800505467.0,0.42025441446078143,1.0,0.42025441446078143,1.0003995289307748,115937.0,0.5087545940244691,1700.35
4172091,long,close,1714.85,-82629.0,1713.642205720905,413147.0,842.3223519867678,0.033960898926395616,0.012046097326296763,0.046006996252692375,56.265196517521524,109.98918051222246,255.78879188888945,168.67441714073522,-19.150821769367703,205.78879188888877,1.0652487745619215,1612800641378.0,0.4594895592487616,1.0,0.4594895592487616,1.0003994751853724,135911.0,0.508838870148665,1701.9
4172260,long,close,1719.7,-103286.0,1713.642205720905,309861.0,717.2856523707992,0.21231620268492882,0.015015118916090016,0.22733132160101882,56.28021163643761,110.08693298051091,256.0161232104905,168.88673334342013,-19.150821769367703,206.01612321048978,1.0652841465904055,1612800683525.0,0.5087926568773222,1.0,0.5087926568773222,1.0003995948408166,42147.0,0.5088594818201398,1701.9
4172262,long,close,1719.85,-309861.0,1713.642205720905,0.0,0.0,0.6526697940700964,0.04504186411605664,0.697711658186153,56.32525350055367,110.38694899353096,256.71383486867666,169.53940313749024,-19.150821769367703,206.71383486867595,1.0653964015832251,1612800684028.0,1.0,1.0,1.0,1.0004001629433443,503.0,0.5088597257452461,
4178612,long,entry,1704.25,201786.0,1704.25,201786.0,542.5730758772141,0.0,0.029600410737861228,0.029600410737861228,56.354853911291535,110.39967717014825,256.74343527941454,169.53940313749024,-19.150821769367703,206.7434352794138,1.065299528196568,1612804049010.0,1.0,1.0,1.0,1.000400093286031,3364982.0,0.5096341879574663,1694.15
4178728,long,close,1705.45,-201786.0,1704.25,0.0,0.0,0.08331054650779846,0.029579583101234277,0.11289012960903273,56.384433494392766,110.44821992588012,256.85632540902355,169.62271368399803,-19.150821769367703,206.85632540902284,1.065316992165725,1612804070320.0,0.6812799507285727,1.0,0.6812799507285727,1.0004001029673046,21310.0,0.5096483356136265,
4181749,long,entry,1699.45,201330.0,1699.45,201330.0,541.0461130435166,0.0,0.02961693489069993,0.02961693489069993,56.41405042928346,110.46095520788315,256.8859423439143,169.62271368399803,-19.150821769367703,206.88594234391354,1.0652602922022674,1612806109293.0,1.0,1.0,1.0,1.000400033358788,2038973.0,0.5100167844865584,1689.5
4181860,long,close,1700.65,-201330.0,1699.45,0.0,0.0,0.08359232497889464,0.029596036809455207,0.11318836178834984,56.44364646609292,110.50962620345211,256.9991307057026,169.70630600897692,-19.150821769367703,206.9991307057019,1.0652780487687066,1612806121597.0,0.6814189995621994,1.0,0.6814189995621994,1.0004000432740108,12304.0,0.510030322329953,
4181985,long,entry,1698.7,201353.0,1698.7,201353.0,540.8072761193444,0.0,0.029633396126449635,0.029633396126449635,56.47327986221937,110.52236856378649,257.02876410182904,169.70630600897692,-19.150821769367703,207.02876410182836,1.06528166193939,1612806159159.0,1.0,1.0,1.0,1.0003999737140792,37562.0,0.5100455676490913,1689.5
4182067,long,close,1699.9,-201353.0,1698.7,0.0,0.0,0.0836756876327819,0.02961247720454144,0.11328816483732333,56.502892339423916,110.57108247466653,257.1420522666663,169.78998169660971,-19.150821769367703,207.14205226666567,1.0652981466633693,1612806213871.0,0.6815315042137948,1.0,0.6815315042137948,1.0003999836740556,54712.0,0.5100555685784459,
4182124,long,entry,1698.25,201411.0,1698.25,201411.0,540.662889605042,0.0,0.029649786544972766,0.029649786544972766,56.53254212596889,110.58383188288084,257.1717020532113,169.78998169660971,-19.150821769367703,207.17170205321065,1.0653019590515276,1612806244806.0,1.0,1.0,1.0,1.0003999141625588,30935.0,0.5100625204439729,1687.95
4182530,long,close,1699.45,-201411.0,1698.25,0.0,0.0,0.08374413805401533,0.029628850510459267,0.1133729885644746,56.56217097647935,110.63258226796356,257.2850750417757,169.87372583466373,-19.150821769367703,207.28507504177512,1.0653181347176168,1612806309863.0,0.6805253702809454,1.0,0.6805253702809454,1.0003999241529187,65057.0,0.5101120372405338,
4201247,long,entry,1700.05,201737.0,1700.05,201737.0,541.2366450727419,0.0,0.029666333343136966,0.029666333343136966,56.59183730982249,110.6453387913011,257.31474137511884,169.87372583466373,-19.150821769367703,207.31474137511825,1.0649759543582393,1612817883301.0,1.0,1.0,1.0,1.000399854689928,11573438.0,0.5123948103470103,1691.05
4201273,long,close,1701.25,-201737.0,1700.05,0.0,0.0,0.08370221898432428,0.02964540778839089,0.11334762677271518,56.62148271761088,110.69407827081338,257.4280890018916,169.95742805364804,-19.150821769367703,207.42808900189095,1.0649939765591054,1612817883317.0,0.6814381135534187,1.0,0.6814381135534187,1.0003998646060934,16.0,0.512397981373391,
4201288,long,entry,1698.65,201683.0,1698.65,201683.0,540.791094222384,0.0,0.029682836370058575,0.029682836370058575,56.65116555398094,110.7068418904525,257.45777183826164,169.95742805364804,-19.150821769367703,207.457771838261,1.0649986945280308,1612817883332.0,1.0,1.0,1.0,1.0003997951915269,15.0,0.5123998108116876,1689.5
4201416,long,close,1699.85,-201683.0,1698.65,0.0,0.0,0.08381775719989333,0.029661881930758596,0.11347963913065193,56.680827435911695,110.75563813527867,257.57125147739225,170.04124581084793,-19.150821769367703,207.57125147739166,1.0650162914893526,1612817897981.0,0.6814753833064059,1.0,0.6814753833064059,1.0003998051827194,14649.0,0.5124154220184851,
4231173,long,entry,1733.65,205953.0,1733.65,205953.0,551.9337490882706,0.0,0.029699333775560235,0.029699333775560235,56.710526769687256,110.76840884880217,257.6009508111678,170.04124581084793,-19.150821769367703,207.60095081116722,1.0646440685017498,1612830604600.0,1.0,1.0,1.0,1.0003997358164782,12706619.0,0.5160446617112469,1723.2
4231282,long,close,1734.85,-205953.0,1733.65,0.0,0.0,0.08217240805986911,0.029678790673545265,0.11185119873341437,56.7402055603608,110.81650486425752,257.7128020099012,170.1234182189078,-19.150821769367703,207.71280200990063,1.0646614321005843,1612830614633.0,0.6811382483097314,1.0,0.6811382483097314,1.000399744216905,10033.0,0.5160579556295354,
4233540,long,entry,1727.95,205389.0,1727.95,205389.0,550.1196841460594,0.0,0.029715703579385976,0.029715703579385976,56.769921263940184,110.82928261679666,257.7425177134806,170.1234182189078,-19.150821769367703,207.74251771348003,1.0646064217510172,1612832640031.0,1.0,1.0,1.0,1.000399674899373,2025398.0,0.5163333470744477,1718.4
4234037,long,reentry,1718.4,380585.0,1721.7473583298915,585974.0,994.5532876196866,0.0,0.055369093342644324,0.055369093342644324,56.825290357282825,110.85309132693398,257.7978868068232,170.1234182189078,-19.150821769367703,207.79788680682267,1.0646133044844897,1612832702748.0,0.679855859315006,1.0,0.679855859315006,1.0003996298643683,62717.0,0.5163939624633411,1707.2
4234887,long,close,1722.95,-83710.0,1721.7473583298915,502264.0,926.9238307097268,0.03393684694345292,0.012146318813662614,0.04608316575711553,56.83743667609649,110.87290708820954,257.84396997258034,170.15735506585125,-19.150821769367703,207.8439699725798,1.0646097431433148,1612833070342.0,0.4192050411003933,1.0,0.4192050411003933,1.0003995760657107,367594.0,0.5164976306334809,1708.8
4235008,long,close,1722.95,-83710.0,1721.7473583298915,418554.0,846.3515789385608,0.03393684694345292,0.012146318813662614,0.04608316575711553,56.84958299491015,110.89272284948511,257.89005313833746,170.1912919127947,-19.150821769367703,207.89005313833692,1.064615193245347,1612833131862.0,0.46171670690492056,1.0,0.46171670690492056,1.000399522285474,61520.0,0.5165123881024066,1708.8
4235023,long,close,1722.95,-83710.0,1721.7473583298915,334844.0,748.7279338586904,0.03393684694345292,0.012146318813662614,0.04608316575711553,56.861729313723814,110.91253861076068,257.9361363040946,170.22522875973814,-19.150821769367703,207.93613630409405,1.0646218454454732,1612833152509.0,0.5087348624689106,1.0,0.5087348624689106,1.0003994685236473,20647.0,0.5165142175407031,1710.4
4235036,long,close,1723.75,-334844.0,1721.7473583298915,0.0,0.0,0.22594465152699064,0.048563306744017404,0.27450795827100805,56.91029262046783,111.03057703281722,258.21064426236563,170.45117341126513,-19.150821769367703,208.21064426236507,1.064665010772256,1612833154417.0,0.5656526662845514,1.0,0.5656526662845514,1.0003996302560692,1908.0,0.5165158030538936,
4237997,long,entry,1717.1,204493.0,1717.1,204493.0,546.6642903527486,0.0,0.029773018461359272,0.029773018461359272,56.94006563892919,111.0433794307556,258.240417280827,170.45117341126513,-19.150821769367703,208.24041728082642,1.0645788954753885,1612836239667.0,1.0,1.0,1.0,1.0003995610673824,3085250.0,0.5168769341736391,1708.1
4238137,long,close,1718.3,-204493.0,1717.1,0.0,0.0,0.0831696959870397,0.029752226037362512,0.11292192202440221,56.96981786496655,111.09193585722612,258.35333920285143,170.53434310725217,-19.150821769367703,208.35333920285083,1.0645949315997618,1612836297600.0,0.6811988392752596,1.0,0.6811988392752596,1.0003995702409694,57933.0,0.5168940089310738,
4278418,long,entry,1792.2,213555.0,1792.2,213555.0,570.5739214971017,0.0,0.029789504519584866,0.029789504519584866,56.999607369486135,111.10474534416954,258.38312870737104,170.53434310725217,-19.150821769367703,208.38312870737042,1.0639205566206733,1612859641418.0,1.0,1.0,1.0,1.0003995011005646,23343818.0,0.5218067825327183,1782.0
4278894,long,reentry,1782.0,395717.0,1785.575186452028,609272.0,1031.4707331394002,0.0,0.05551585297418631,0.05551585297418631,57.055123222460324,111.12861716094844,258.4386445603452,170.53434310725217,-19.150821769367703,208.4386445603446,1.0639277305104293,1612859691751.0,0.6797946453240352,1.0,0.6797946453240352,1.0003994562040226,50333.0,0.5218648367079965,1770.45
4279191,long,close,1786.8,-87038.0,1785.575186452028,522234.0,961.3360993279704,0.03341371767341354,0.012177915827177076,0.04559163350059062,57.0673011382875,111.14822156335369,258.4842361938458,170.5677568249256,-19.150821769367703,208.4842361938452,1.0639339783212893,1612859720653.0,0.4198049650470243,1.0,0.4198049650470243,1.0003994019820395,28902.0,0.5219010595862689,1772.1
4279201,long,close,1786.8,-87039.0,1785.575186452028,435195.0,877.7772840038185,0.03341410157145432,0.012178055742108798,0.04559215731356312,57.07947919402961,111.16782619099851,258.5298283511593,170.60117092649705,-19.150821769367703,208.52982835115876,1.063940984108009,1612859723184.0,0.4619939562201805,1.0,0.4619939562201805,1.0003993477793418,2531.0,0.5219022792117999,1772.1
4279213,long,close,1786.8,-87039.0,1785.575186452028,348156.0,776.5334773769924,0.03341410157145432,0.012178055742108798,0.04559215731356312,57.09165724977172,111.18743081864332,258.57542050847286,170.6345850280685,-19.150821769367703,208.57542050847232,1.063947837790699,1612859730955.0,0.5087159097756655,1.0,0.5087159097756655,1.0003992935954258,7771.0,0.5219037427624372,1773.75
4279214,long,close,1786.85,-348156.0,1785.575186452028,0.0,0.0,0.13910870759463678,0.048710859893107986,0.18781956748774475,57.14036810966483,111.26819323266305,258.7632400759606,170.77369373566313,-19.150821769367703,208.76324007596006,1.06397698056626,1612859730970.0,1.0,1.0,1.0,1.0003993730260228,15.0,0.5219038647249903,
4279220,long,entry,1787.05,213279.0,1787.05,213279.0,568.9339974849264,0.0,0.029836742116896565,0.029836742116896565,57.170204851781726,111.28102303177333,258.7930768180775,170.77369373566313,-19.150821769367703,208.79307681807694,1.063981514359482,1612859734232.0,1.0,1.0,1.0,1.0003993040342367,3262.0,0.521904596500309,1777.05
4279343,long,close,1788.3,-213279.0,1787.05,0.0,0.0,0.08342208275149676,0.029815886596208693,0.11323796934770546,57.20002073837794,111.32971535859285,258.90631478742523,170.85711581841463,-19.150821769367703,208.90631478742463,1.0639980705269798,1612859769026.0,0.6812694691961197,1.0,0.6812694691961197,1.0003993133221836,34794.0,0.521919597894341,
4279609,long,entry,1787.2,213415.0,1787.2,213415.0,568.9820508159863,0.0,0.029853262085944493,0.029853262085944493,57.22987400046388,111.34255226128981,258.9361680495112,170.85711581841463,-19.150821769367703,208.93616804951057,1.06400125590974,1612859819076.0,1.0,1.0,1.0,1.0003992443784055,50050.0,0.521952039933467,1777.05
4279614,long,close,1788.45,-213415.0,1787.2,0.0,0.0,0.08346127117319793,0.029832396768151193,0.11329366794134912,57.25970639723203,111.39126853850458,259.0494617174525,170.94057708958783,-19.150821769367703,209.04946171745192,1.0640187472285876,1612859821371.0,0.681590390992481,1.0,0.681590390992481,1.0003992536698423,2295.0,0.5219526497462326,
4279698,long,entry,1786.9,213497.0,1786.9,213497.0,568.8862628932291,0.0,0.029869746488331746,0.029869746488331746,57.28957614372036,111.40411252949455,259.07933146394083,170.94057708958783,-19.150821769367703,209.07933146394026,1.0640227747308262,1612859842193.0,1.0,1.0,1.0,1.0003991847739717,20822.0,0.5219628946006933,1777.05
4279784,long,close,1788.15,-213497.0,1786.9,0.0,0.0,0.08352136702269278,0.02984886614657607,0.11337023316926885,57.31942500986693,111.45286172975733,259.19270169711007,171.02409845661052,-19.150821769367703,209.19270169710953,1.06403966326278,1612859865472.0,0.6812962112642974,1.0,0.6812962112642974,1.0003991940883943,23279.0,0.5219733833802604,
4279838,long,entry,1786.4,213555.0,1786.4,213555.0,568.7265670793283,0.0,0.029886223690103,0.029886223690103,57.34931123355704,111.46571280594407,259.22258792080015,171.02409845661052,-19.150821769367703,209.22258792079964,1.0640439302401885,1612859877983.0,1.0,1.0,1.0,1.0003991252403508,12511.0,0.5219799693581282,1777.05
4281082,long,reentry,1777.05,395717.0,1780.3272542476925,609272.0,1028.3042174956124,0.0,0.05567049323316733,0.05567049323316733,57.404981726790204,111.48965111803432,259.2782584140333,171.02409845661052,-19.150821769367703,209.27825841403282,1.064042303636859,1612860233273.0,0.6799512847049363,1.0,0.6799512847049363,1.000399080541489,355290.0,0.5221316907741914,1765.5
4282101,long,close,1781.55,-87038.0,1780.3272542476925,522234.0,958.3738331877855,0.033554224815509216,0.012213802587634364,0.04576802740314358,57.417195529377835,111.50933136981767,259.32402644143644,171.05765268142602,-19.150821769367703,209.32402644143596,1.0640440434231553,1612860418598.0,0.417770734368195,1.0,0.417770734368195,1.0003990265947098,185325.0,0.522255970615806,1765.5
4282118,long,close,1781.55,-87039.0,1780.3272542476925,435195.0,875.0604683297573,0.03355461032786951,0.012213942914877495,0.04576855324274701,57.42940947229271,111.52901184771204,259.3697949946792,171.0912072917539,-19.150821769367703,209.3697949946787,1.0640510439212476,1612860421411.0,0.462010871680821,1.0,0.462010871680821,1.0003989726670177,2813.0,0.5222580439792088,1767.15
4282226,long,close,1781.55,-87039.0,1780.3272542476925,348156.0,774.1171297674348,0.03355461032786951,0.012213942914877495,0.04576855324274701,57.44162341520759,111.54869232560642,259.4155635479219,171.1247619020818,-19.150821769367703,209.41556354792144,1.0640565411787273,1612860476311.0,0.5083929953203611,1.0,0.5083929953203611,1.0003989187579099,54900.0,0.5222712159349442,1768.8
4282227,long,close,1781.6,-348156.0,1780.3272542476925,0.0,0.0,0.13970292398541506,0.0488544005388415,0.18855732452425655,57.49047781574643,111.62977197515185,259.6041208724462,171.2644648260672,-19.150821769367703,209.6041208724457,1.0640856823587348,1612860476839.0,1.0,1.0,1.0,1.0003989981674142,528.0,0.5222713378974974,
4283866,long,entry,1773.0,212290.0,1773.0,212290.0,564.461336303294,0.0,0.029933728144388043,0.029933728144388043,57.520411543890816,111.64264347825394,259.63405460059056,171.2644648260672,-19.150821769367703,209.63405460059008,1.0640638384524865,1612861394690.0,1.0,1.0,1.0,1.0003989294669053,917851.0,0.5224712345220373,1762.2
4283926,long,close,1774.25,-212290.0,1773.0,0.0,0.0,0.08435600435223072,0.029912639143299988,0.1142686434955307,57.550324183034114,111.691778994957,259.74832324408607,171.34882083041944,-19.150821769367703,209.7483232440856,1.064081155042269,1612861406247.0,0.68141927062688,1.0,0.68141927062688,1.0003989394363852,11557.0,0.5224785522752237,
4283957,long,entry,1772.7,212372.0,1772.7,212372.0,564.3658627748996,0.0,0.029950358210639138,0.029950358210639138,57.580274541244755,111.70465764898756,259.7782736022967,171.34882083041944,-19.150821769367703,209.77827360229625,1.064085536413217,1612861414690.0,1.0,1.0,1.0,1.0003988707833498,8443.0,0.5224823331143699,1763.2
4284291,long,reentry,1763.2,393525.0,1766.5298299876054,605897.0,1020.3723713270776,0.0,0.05579698843012704,0.05579698843012704,57.63607152967488,111.72865035401253,259.8340705907268,171.34882083041944,-19.150821769367703,209.83407059072638,1.0640929071331133,1612861457819.0,0.6799104654879621,1.0,0.6799104654879621,1.000398826239254,43129.0,0.5225230686071072,1752.0
4284632,long,close,1767.75,-86556.0,1766.5298299876054,519341.0,950.9839914089052,0.03382016360900657,0.012240984302078914,0.04606114791108548,57.64831251397696,111.74845664761429,259.8801317386379,171.38264099402843,-19.150821769367703,209.88013173863746,1.0640973455993938,1612861550443.0,0.4208681699715775,1.0,0.4208681699715775,1.0003987726399854,92624.0,0.5225646578377161,1752.0
4285225,long,close,1767.75,-86556.0,1766.5298299876054,432785.0,868.3168556165189,0.03382016360900657,0.012240984302078914,0.04606114791108548,57.66055349827904,111.76826294121605,259.92619288654896,171.41646115763743,-19.150821769367703,209.92619288654853,1.0641000199860704,1612861704176.0,0.458760996324006,1.0,0.458760996324006,1.0003987190590442,153733.0,0.5226369816317077,1753.6
4285354,long,close,1767.75,-86557.0,1766.5298299876054,346228.0,768.1546685034617,0.03382055434059778,0.012241125724791403,0.04606168006538919,57.672794624003835,111.78806946364418,259.97225456661437,171.45028171197802,-19.150821769367703,209.9722545666139,1.0641054516600816,1612861762254.0,0.5080636476026746,1.0,0.5080636476026746,1.000398665496915,58078.0,0.5226527148010583,1755.2
4285356,long,close,1767.9,-346228.0,1766.5298299876054,0.0,0.0,0.15190007003475406,0.04896034843599751,0.20086041847075156,57.72175497243983,111.87443944358661,260.17311498508514,171.60218178201276,-19.150821769367703,210.17311498508465,1.0641364227178962,1612861762414.0,0.5655110899609934,1.0,0.5655110899609934,1.000398755873314,160.0,0.5226529587261646,
4288806,long,entry,1759.95,211189.0,1759.95,211189.0,560.306073602603,0.0,0.02999928975254979,0.02999928975254979,57.751754262192385,111.8873391381802,260.2031142748377,171.60218178201276,-19.150821769367703,210.2031142748372,1.0640754062510391,1612864039275.0,1.0,1.0,1.0,1.000398687364151,2276861.0,0.5230737295343787,1750.4
4289150,long,reentry,1750.4,391333.0,1753.7473548683697,602522.0,1013.007783381127,0.0,0.05589193898537477,0.05589193898537477,57.80764620117776,111.91137267194391,260.25900621382306,171.60218178201276,-19.150821769367703,210.25900621382257,1.0640830344486738,1612864073196.0,0.6798616880341658,1.0,0.6798616880341658,1.0003986429323872,33921.0,0.523115684652647,1739.2
4289238,long,close,1754.95,-86074.0,1753.7473548683697,516448.0,944.122041681558,0.033633937035046774,0.012261602894669365,0.045895539929716136,57.81990780407243,111.9311077541137,260.3049017537528,171.6358157190478,-19.150821769367703,210.3049017537523,1.0640897200945798,1612864086356.0,0.4211384094964989,1.0,0.4211384094964989,1.0003985892314227,13160.0,0.5231264173573202,1739.2
4289373,long,close,1754.95,-86074.0,1753.7473548683697,430374.0,862.0533374305967,0.033633937035046774,0.012261602894669365,0.045895539929716136,57.8321694069671,111.9508428362835,260.35079729368255,171.66944965608283,-19.150821769367703,210.350797293682,1.0640952509111876,1612864139558.0,0.4615478261197913,1.0,0.4615478261197913,1.0003985355488874,53202.0,0.5231428823019896,1740.8
4290168,long,reentry,1740.8,797483.0,1745.338154609307,1227857.0,1298.3956990926479,0.0,0.11452823414522059,0.11452823414522059,57.946697641112316,112.00008997696594,260.46532552782776,171.66944965608283,-19.150821769367703,210.46532552782722,1.0641091325262333,1612864269321.0,0.5047805041329331,1.0,0.5047805041329331,1.0003985455351943,129763.0,0.5232398425317084,1721.6
4291193,long,close,1746.55,-81857.0,1745.338154609307,1146000.0,1273.3004658554846,0.03254186457732232,0.011716956285248062,0.04425882086257038,57.958414597397564,112.01912126993682,260.5095843486903,171.70199152066016,-19.150821769367703,210.5095843486898,1.0641108007692959,1612864447666.0,0.2517745063720118,1.0,0.2517745063720118,1.0003984903458303,178345.0,0.5233648541486416,1723.2
4291207,long,close,1746.55,-81857.0,1745.338154609307,1064143.0,1245.5235571105627,0.03254186457732232,0.011716956285248062,0.04425882086257038,57.97013155368281,112.03815256290771,260.5538431695528,171.73453338523748,-19.150821769367703,210.55384316955238,1.0641175789269595,1612864448609.0,0.2707537207665962,1.0,0.2707537207665962,1.0003984351761372,943.0,0.5233665616243851,1724.8
4291255,long,close,1746.55,-81857.0,1745.338154609307,982286.0,1214.610864257183,0.03254186457732232,0.011716956285248062,0.04425882086257038,57.98184850996806,112.05718385587859,260.59810199041533,171.7670752498148,-19.150821769367703,210.59810199041496,1.0641235390859507,1612864477899.0,0.28664171986794806,1.0,0.28664171986794806,1.0003983800261034,29290.0,0.5233724158269342,1724.8
4291350,long,close,1746.55,-81857.0,1745.338154609307,900429.0,1179.9996148290463,0.03254186457732232,0.011716956285248062,0.04425882086257038,57.99356546625331,112.07621514884947,260.64236081127785,171.79961711439213,-19.150821769367703,210.64236081127754,1.0641296089536314,1612864503338.0,0.3033890432110673,1.0,0.3033890432110673,1.0003983248957165,25439.0,0.5233840022694792,1726.4
4292834,long,close,1746.55,-81857.0,1745.338154609307,818572.0,1140.9838015860735,0.03254186457732232,0.011716956285248062,0.04425882086257038,58.005282422538556,112.09524644182036,260.6866196321404,171.83215897896946,-19.150821769367703,210.68661963214012,1.0641255404140548,1612864880551.0,0.31772210764437914,1.0,0.31772210764437914,1.000398269784965,377213.0,0.5235649946982878,1728.0
4292881,long,close,1746.55,-81857.0,1745.338154609307,736715.0,1096.6655164545245,0.03254186457732232,0.011716956285248062,0.04425882086257038,58.016999378823805,112.11427773479124,260.7308784530029,171.86470084354679,-19.150821769367703,210.7308784530027,1.0641315494683041,1612864907983.0,0.3462534798681754,1.0,0.3462534798681754,1.0003982146938368,27432.0,0.5235707269382838,1728.0
4293049,long,close,1746.55,-81857.0,1745.338154609307,654858.0,1045.8849958587823,0.03254186457732232,0.011716956285248062,0.04425882086257038,58.02871633510905,112.13330902776214,260.7751372738654,171.8972427081241,-19.150821769367703,210.77513727386528,1.0641367189384308,1612864964506.0,0.3713402410762564,1.0,0.3713402410762564,1.0003981596223201,56523.0,0.5235912166472055,1729.6
4293207,long,close,1746.55,-81857.0,1745.338154609307,573001.0,987.1176584086771,0.03254186457732232,0.011716956285248062,0.04425882086257038,58.0404332913943,112.15234032073302,260.81939609472795,171.92978457270144,-19.150821769367703,210.81939609472786,1.064141951463615,1612865018793.0,0.39983071996167774,1.0,0.39983071996167774,1.0003981045704036,54287.0,0.5236104867305962,1731.2
4293386,long,close,1746.55,-81857.0,1745.338154609307,491144.0,918.3184138910536,0.03254186457732232,0.011716956285248062,0.04425882086257038,58.05215024767955,112.1713716137039,260.8636549155905,171.96232643727876,-19.150821769367703,210.86365491559044,1.064147142697746,1612865074465.0,0.4339272517440778,1.0,0.4339272517440778,1.0003980495380749,55672.0,0.5236323180276021,1731.2
4293500,long,close,1750.55,-98228.0,1745.338154609307,392916.0,818.2693021082647,0.16756091483183966,0.014028162577475651,0.18158907740931532,58.066178410257024,112.24945491698989,261.04524399299976,172.12988735211061,-19.150821769367703,211.04524399299976,1.0641737210777602,1612865119259.0,0.4742100633299627,1.0,0.4742100633299627,1.0003981213139213,44794.0,0.5236462217586562,1732.8
4293605,long,close,1751.5,-98229.0,1745.338154609307,294687.0,692.4707742486423,0.19799799633554435,0.014020696545817871,0.21201869288136221,58.080199106802844,112.34062295492886,261.2572626858811,172.32788534844616,-19.150821769367703,211.25726268588113,1.064204290329459,1612865186743.0,0.5322972752374813,1.0,0.5322972752374813,1.0003982209971387,67484.0,0.5236590278267322,1734.4
4293607,long,close,1751.55,-294687.0,1745.338154609307,0.0,0.0,0.5987968310194297,0.04206088892695042,0.6408577199463801,58.12225999572979,112.61619177450581,261.89812040582746,172.9266821794656,-19.150821769367703,211.8981204058275,1.064302396095352,1612865187474.0,0.6046412936062562,1.0,0.6046412936062562,1.0003987151348226,731.0,0.5236592717518384,
4300862,long,entry,1739.25,210089.0,1739.25,210089.0,553.7162508401228,0.0,0.03019821762253845,0.03019821762253845,58.15245821335233,112.62917700808349,261.92831862344997,172.9266821794656,-19.150821769367703,211.92831862345005,1.064131169798718,1612871290259.0,1.0,1.0,1.0,1.0003986469157928,6102785.0,0.5245441100746191,1729.6
4301395,long,reentry,1729.6,389294.0,1732.9824096612683,599383.0,1001.048116821928,0.0,0.05626936864014802,0.05626936864014802,58.20872758199248,112.65337283659873,261.9845879920901,172.9266821794656,-19.150821769367703,211.9845879920902,1.0641368756586889,1612871390259.0,0.6798495268479531,1.0,0.6798495268479531,1.0003986026818075,100000.0,0.5246091161154244,1718.4
4302558,long,close,1734.2,-85626.0,1732.9824096612683,513757.0,932.9766951054871,0.03469073596858656,0.012343731980163765,0.047034467948750325,58.221071313972644,112.67359765781669,262.0316224600388,172.96137291543417,-19.150821769367703,212.03162246003896,1.0641354746299785,1612871688523.0,0.4192445803666949,1.0,0.4192445803666949,1.000398549976675,298264.0,0.5247509585646861,1720.0
4302652,long,close,1738.15,-102751.0,1732.9824096612683,411006.0,833.5319772442184,0.17627581349785593,0.014778787791617523,0.19105460128947344,58.235850101764264,112.75575113637116,262.2226770613283,173.13764872893202,-19.150821769367703,212.22267706132843,1.0641635021593971,1612871726087.0,0.46209075205080163,1.0,0.46209075205080163,1.000398629467647,37564.0,0.524762423044678,1720.0
4302672,long,close,1739.1,-102751.0,1732.9824096612683,308255.0,707.7418324978587,0.2085680299363185,0.014770714737507908,0.22333874467382642,58.25062081650177,112.8517867965809,262.4460158060021,173.34621675886834,-19.150821769367703,212.44601580600226,1.064197479838776,1612871726841.0,1.0,1.0,1.0,1.0003987383837472,754.0,0.5247648622957402,1721.6
4302689,long,close,1737.05,-308255.0,1732.9824096612683,0.0,0.0,0.41652479835572787,0.044364727555338074,0.4608895259110659,58.29498554405711,113.04996929272265,262.90690533191315,173.76274155722407,-19.150821769367703,212.90690533191332,1.0642674216308625,1612871731443.0,0.5925493192297877,1.0,0.5925493192297877,1.0003990644588812,4602.0,0.524766935659143,
4303003,long,entry,1730.75,209868.0,1730.75,209868.0,551.0109976734343,0.0,0.030314603495594394,0.030314603495594394,58.32530014755271,113.06300457222575,262.93721993540873,173.76274155722407,-19.150821769367703,212.9372199354089,1.0642678568561572,1612871876261.0,1.0,1.0,1.0,1.000398996254307,144818.0,0.5248052319008181,1721.6
4303304,long,close,1731.95,-209868.0,1730.75,0.0,0.0,0.08401518333603927,0.030293599699760386,0.11430878303579967,58.35559374725247,113.11215734893113,263.0515287184445,173.84675674056012,-19.150821769367703,213.0515287184447,1.0642831151924248,1612871949180.0,0.6806288774859826,1.0,0.6806288774859826,1.0003990048417741,72919.0,0.5248419426293028,
4303475,long,entry,1729.1,209783.0,1729.1,209783.0,550.4852230419069,0.0,0.030331241686426466,0.030331241686426466,58.385924988938896,113.1251997828563,263.08185996013094,173.84675674056012,-19.150821769367703,213.08185996013114,1.0642859916993934,1612872009185.0,1.0,1.0,1.0,1.0003989366842574,60005.0,0.5248627982258839,1720.0
4303849,long,reentry,1720.0,388727.0,1723.1896297472056,598510.0,995.3108501062941,0.0,0.056501017441860465,0.056501017441860465,58.44242600638076,113.1494952203563,263.1383609775728,173.84675674056012,-19.150821769367703,213.138360977573,1.064291819272425,1612872104607.0,0.6799411476834171,1.0,0.6799411476834171,1.0003988924508962,95422.0,0.5249084122207454,1708.8
4304341,long,close,1724.4,-85501.0,1723.1896297472056,513009.0,927.6232726486425,0.034827183097557814,0.012395760844351658,0.04722294394190947,58.454821767225106,113.16980108625133,263.1855839215147,173.88158392365767,-19.150821769367703,213.1855839215149,1.0642961288608759,1612872203779.0,0.4199651212994003,1.0,0.4199651212994003,1.0003988397603785,99172.0,0.5249684177968733,1708.8
4304380,long,close,1724.4,-85501.0,1723.1896297472056,427508.0,846.982982443131,0.034827183097557814,0.012395760844351658,0.04722294394190947,58.467217528069455,113.19010695214634,263.2328068654566,173.91641110675522,-19.150821769367703,213.2328068654568,1.0643027867274137,1612872221361.0,0.4616231731580717,1.0,0.4616231731580717,1.000398787087428,17582.0,0.5249731743364444,1710.4
4304391,long,close,1724.4,-85501.0,1723.1896297472056,342007.0,749.278655669759,0.034827183097557814,0.012395760844351658,0.04722294394190947,58.479613288913804,113.21041281804136,263.2800298093985,173.95123828985277,-19.150821769367703,213.2800298093987,1.0643096666645784,1612872231187.0,0.5086963180816549,1.0,0.5086963180816549,1.000398734432035,9826.0,0.5249745159245286,1712.0
4304401,long,close,1724.7,-342007.0,1723.1896297472056,0.0,0.0,0.17380880866055506,0.04957485359772714,0.2233836622582822,58.52918814251153,113.30646779281243,263.5034134716568,174.12504709851333,-19.150821769367703,213.50341347165698,1.0643434806834895,1612872233022.0,0.5655474121301372,1.0,0.5655474121301372,1.0003988423083947,1835.0,0.5249757355500596,
4306631,long,entry,1720.95,209153.0,1720.95,209153.0,547.8907637329261,0.0,0.030383363839739677,0.030383363839739677,58.55957150635127,113.31953263926351,263.53379683549656,174.12504709851333,-19.150821769367703,213.53379683549673,1.0643041830476114,1612873757198.0,1.0,1.0,1.0,1.000398774287983,1524176.0,0.525247712043485,1712.0
4306677,long,close,1722.15,-209153.0,1720.95,0.0,0.0,0.08468492665026014,0.030362192608077113,0.11504711925833726,58.58993369895934,113.36900290054461,263.6488439547549,174.2097320251636,-19.150821769367703,213.64884395475508,1.0643212814901206,1612873768268.0,0.6815236645258661,1.0,0.6815236645258661,1.0003987833480463,11070.0,0.5252533223209279,
4306806,long,entry,1720.4,209201.0,1720.4,209201.0,547.7146631192801,0.0,0.030400052313415485,0.030400052313415485,58.62033375127276,113.38207492303938,263.67924400706835,174.2097320251636,-19.150821769367703,213.6792440070685,1.0643246812986282,1612873809988.0,1.0,1.0,1.0,1.0003987153743168,41720.0,0.5252690554902785,1710.4
4306856,long,close,1721.6,-209201.0,1720.4,0.0,0.0,0.08475851016751343,0.030378862685873607,0.11513737285338704,58.65071261395863,113.43158399336635,263.79438137992173,174.2944905353311,-19.150821769367703,213.79438137992187,1.0643415198447095,1612873830217.0,0.6816167743304771,1.0,0.6816167743304771,1.0003987244684804,20229.0,0.5252751536179338,
4321195,long,entry,1729.65,210442.0,1729.65,210442.0,550.659709350188,0.0,0.030416847339057033,0.030416847339057033,58.68112946129769,113.44466323772212,263.82479822726077,174.2944905353311,-19.150821769367703,213.82479822726094,1.0640556298627823,1612883961574.0,1.0,1.0,1.0,1.000398656541455,10131357.0,0.5270239746669142,1720.0
4321314,long,close,1730.85,-210442.0,1729.65,0.0,0.0,0.08435212018802694,0.030395759309010024,0.11474787949703696,58.711525220606696,113.49400482590585,263.9395461067578,174.37884265551912,-19.150821769367703,213.93954610675797,1.0640723290004093,1612883981645.0,0.6811743569752552,1.0,0.6811743569752552,1.0003986652339574,20071.0,0.5270384882107337,
4321399,long,entry,1728.95,210473.0,1728.95,210473.0,550.4375915043593,0.0,0.03043364469764886,0.03043364469764886,58.74195886530435,113.50709129312585,263.96997975145547,174.37884265551912,-19.150821769367703,213.9699797514556,1.0640755844632663,1612884028025.0,1.0,1.0,1.0,1.0003985973537175,46380.0,0.5270488550277477,1720.0
4321959,long,close,1730.15,-210473.0,1728.95,0.0,0.0,0.0844328494920763,0.03041253648527584,0.11484538597735214,58.77237140178962,113.55647480909613,264.08482513743286,174.4632755050112,-19.150821769367703,214.08482513743297,1.0640898618499832,1612884133067.0,0.6801733874644204,1.0,0.6801733874644204,1.0003986060873995,105042.0,0.5271171540574868,
4322037,long,entry,1726.55,210296.0,1726.55,210296.0,549.6725668186539,0.0,0.030450320002316757,0.030450320002316757,58.802821721791936,113.56956844669713,264.1152754574352,174.4632755050112,-19.150821769367703,214.1152754574353,1.0640934319823363,1612884168410.0,1.0,1.0,1.0,1.0003985382537568,35343.0,0.527126667136629,1716.8
4322063,long,close,1727.75,-210296.0,1726.55,0.0,0.0,0.08459646130003999,0.030429170886991753,0.11502563218703174,58.833250892678926,113.61902946853756,264.23030108962223,174.54787196631125,-19.150821769367703,214.23030108962234,1.064110142083873,1612884188851.0,0.6815984204717155,1.0,0.6815984204717155,1.0003985471034573,20441.0,0.5271298381630097,
4322175,long,entry,1726.15,210364.0,1726.15,210364.0,549.5468461498054,0.0,0.030467224748718245,0.030467224748718245,58.863718117427645,113.6321303751795,264.2607683143709,174.54787196631125,-19.150821769367703,214.26076831437106,1.0641129160274407,1612884252055.0,1.0,1.0,1.0,1.000398479316515,63204.0,0.5271434979689577,1716.8
4322240,long,close,1727.35,-210364.0,1726.15,0.0,0.0,0.08466302648208279,0.03044605899209772,0.11510908547418051,58.89416417641974,113.68162728193339,264.3758773998451,174.63253499279332,-19.150821769367703,214.37587739984525,1.0641298857225128,1612884263500.0,0.6811818494228662,1.0,0.6811818494228662,1.0003984881942667,11445.0,0.5271514255349095,
4322382,long,entry,1725.5,210400.0,1725.5,210400.0,549.3387549772498,0.0,0.03048391770501304,0.03048391770501304,58.924648094124755,113.69473536654654,264.4063613175501,174.63253499279332,-19.150821769367703,214.40636131755028,1.064132138234146,1612884344932.0,1.0,1.0,1.0,1.0003984204537606,81432.0,0.5271687442174504,1715.2
4322519,long,close,1726.7,-210400.0,1725.5,0.0,0.0,0.08474130131700362,0.03046273237968379,0.11520403369668741,58.95511082650444,113.74427310103613,264.5215653512468,174.71727629411032,-19.150821769367703,214.52156535124698,1.064148132820629,1612884390644.0,0.6809879471676831,1.0,0.6809879471676831,1.0003984293698542,45712.0,0.5271854530872259,
4352670,long,entry,1756.7,214323.0,1756.7,214323.0,559.2727622103292,0.0,0.030500796948824502,0.030500796948824502,58.98561162345326,113.75738844372412,264.55206614819565,174.71727629411032,-19.150821769367703,214.5520661481958,1.0635736622344645,1612904834134.0,1.0,1.0,1.0,1.0003983616758763,20443490.0,0.5308627460259112,1747.2
4352751,long,close,1757.9,-214323.0,1756.7,0.0,0.0,0.08328336387413841,0.030479976107855963,0.11376333998199438,59.016091599561115,113.8063066799164,264.6658294881777,174.80055965798445,-19.150821769367703,214.6658294881778,1.0635895128187416,1612904872105.0,0.6815981997094623,1.0,0.6815981997094623,1.0003983692428744,37971.0,0.5308726249927127,
4385250,long,entry,1797.7,219444.0,1797.7,219444.0,572.3244083028588,0.0,0.030517327696501086,0.030517327696501086,59.046608927257616,113.8194291308259,264.69634681587416,174.80055965798445,-19.150821769367703,214.6963468158743,1.0629967919126189,1612926345358.0,1.0,1.0,1.0,1.0003983015955247,21473253.0,0.5348362860060898,1786.95
4385381,long,close,1798.95,-219444.0,1797.7,0.0,0.0,0.0848198329483823,0.030496122738263985,0.1153159556866463,59.07710504999588,113.86901499177114,264.8116627715608,174.88537949093282,-19.150821769367703,214.81166277156095,1.0630130008993766,1612926373062.0,0.6812717354145524,1.0,0.6812717354145524,1.0003983105184715,27704.0,0.5348522631005467,
4385513,long,entry,1796.85,219461.0,1796.85,219461.0,572.0536192238364,0.0,0.030534129170492808,0.030534129170492808,59.10763917916637,113.88214466731446,264.8421969007313,174.88537949093282,-19.150821769367703,214.84219690073144,1.0630162724761238,1612926417373.0,1.0,1.0,1.0,1.0003982429174518,44311.0,0.5348683621575566,1786.95
4386174,long,close,1798.1,-219461.0,1796.85,0.0,0.0,0.0849066491588254,0.030512902508203106,0.1154195516670285,59.13815208167457,113.93177507453127,264.9576164523983,174.97028614009164,-19.150821769367703,214.95761645239847,1.0630278115288645,1612926614686.0,0.6803991177027563,1.0,0.6803991177027563,1.0003982518862604,197313.0,0.5349489794051594,
4386312,long,entry,1793.8,219210.0,1793.8,219210.0,571.083978823995,0.0,0.03055106477868213,0.03055106477868213,59.168703146453254,113.94491203238613,264.98816751717703,174.97028614009164,-19.150821769367703,214.98816751717715,1.0630311295784127,1612926657291.0,1.0,1.0,1.0,1.0003981843316128,42605.0,0.5349658102374879,1783.65
4386645,long,reentry,1783.65,406196.0,1787.20765934449,625406.0,1032.4050543629571,0.0,0.05693325484259804,0.05693325484259804,59.22563640129585,113.96939333196843,265.0451007720196,174.97028614009164,-19.150821769367703,215.04510077201974,1.0630362603419452,1612926774810.0,0.6798138714823979,1.0,0.6798138714823979,1.0003981405728863,117519.0,0.535006423767672,1772.1
4388205,long,close,1788.45,-89343.0,1787.20765934449,536063.0,962.2052506501768,0.034725572067026346,0.012488887025077581,0.04721445909210393,59.23812528832093,113.98969554937804,265.09231523111174,175.00501171215868,-19.150821769367703,215.09231523111185,1.0630237950739962,1612927478908.0,0.418396116070668,1.0,0.418396116070668,1.000398088072932,704098.0,0.5351966853505167,1773.75
4388270,long,close,1788.45,-89343.0,1787.20765934449,446720.0,878.5701003398999,0.034725572067026346,0.012488887025077581,0.04721445909210393,59.25061417534601,114.00999776678766,265.13952969020386,175.0397372842257,-19.150821769367703,215.13952969020397,1.0630291444514426,1612927536507.0,0.4616431205448571,1.0,0.4616431205448571,1.0003980355904576,57599.0,0.5352046129164686,1773.75
4388285,long,close,1788.45,-89344.0,1787.20765934449,357376.0,777.233167689105,0.034725960744058315,0.012489026810925662,0.047214987554983975,59.263103202156934,114.03030021143633,265.1867446777589,175.07446324496976,-19.150821769367703,215.18674467775895,1.0630351620368703,1612927569806.0,0.5086296977964766,1.0,0.5086296977964766,1.0003979831259293,33299.0,0.5352064423547651,1775.4
4388286,long,close,1788.6,-357376.0,1787.20765934449,0.0,0.0,0.15566201380604827,0.0499519177009952,0.20561393150704346,59.31305511985793,114.11871420198433,265.3923586092659,175.23012525877581,-19.150821769367703,215.39235860926598,1.063065344310278,1612927569989.0,1.0,1.0,1.0,1.0003980730880109,183.0,0.5352065643173183,
4408282,long,entry,1808.3,221344.0,1808.3,221344.0,575.6992937529411,0.0,0.03060111707128242,0.03060111707128242,59.34365623692921,114.13187268232498,265.4229597263372,175.23012525877581,-19.150821769367703,215.42295972633727,1.0626872870460906,1612941529428.0,1.0,1.0,1.0,1.0003980056725505,13959439.0,0.5376453275292168,1798.5
4408357,long,close,1809.55,-221344.0,1808.3,0.0,0.0,0.08455449440822449,0.030579978447680366,0.11513447285590486,59.3742362153769,114.18138050565302,265.5380941991931,175.31467975318404,-19.150821769367703,215.53809419919318,1.0627038961513662,1612941535934.0,0.681247276588815,1.0,0.681247276588815,1.000398014197588,6506.0,0.5376544747206996,
4408465,long,entry,1807.65,221386.0,1807.65,221386.0,575.492463044697,0.0,0.03061792935579343,0.03061792935579343,59.40485414473269,114.19454621527602,265.5687121285489,175.31467975318404,-19.150821769367703,215.56871212854898,1.0627076687905312,1612941561265.0,1.0,1.0,1.0,1.000397946828296,25331.0,0.5376676466764351,1796.85
4409063,long,close,1808.9,-221386.0,1807.65,0.0,0.0,0.08463134876387055,0.030596771518602465,0.115228120282473,59.43545091625129,114.2440943069975,265.6839402488314,175.39931110194792,-19.150821769367703,215.68394024883145,1.0627199177492723,1612941727927.0,0.6808139417389367,1.0,0.6808139417389367,1.0003979553905764,166662.0,0.5377405802831922,
4410715,long,entry,1801.75,220785.0,1801.75,220785.0,573.6147984422963,0.0,0.03063479950048564,0.03063479950048564,59.466085715751774,114.2572672707827,265.7145750483319,175.39931110194792,-19.150821769367703,215.71457504833194,1.0626929042659128,1612942883489.0,1.0,1.0,1.0,1.0003978880674294,1155562.0,0.5379420624209226,1791.9
4411532,long,close,1803.0,-220785.0,1801.75,0.0,0.0,0.08495507348996227,0.030613560732113142,0.11556863422207542,59.49669927648389,114.30696178349818,265.8301436825539,175.48426617543788,-19.150821769367703,215.83014368255402,1.06270424755364,1612943084676.0,0.6802058323898666,1.0,0.6802058323898666,1.0003978968880232,201187.0,0.5380417058268098,
4416141,long,entry,1792.6,219784.0,1792.6,219784.0,570.7005996038441,0.0,0.030651567555505972,0.030651567555505972,59.5273508440394,114.32014195754704,265.8607952501094,175.48426617543788,-19.150821769367703,215.86079525010953,1.0625982726298275,1612947147488.0,1.0,1.0,1.0,1.0003978296107765,4062812.0,0.5386038312340732,1782.0
4416785,long,reentry,1782.0,407259.0,1785.7153917673907,627043.0,1031.6159389156485,0.0,0.05713510101010101,0.05713510101010101,59.5844859450495,114.34471005098138,265.9179303511195,175.48426617543788,-19.150821769367703,215.91793035111962,1.0626039390801165,1612947244425.0,0.6797325404170464,1.0,0.6797325404170464,1.0003977860743047,96937.0,0.5386823751182732,1770.45
4417046,long,close,1786.95,-89577.0,1785.7153917673907,537466.0,961.4759271191306,0.034657803836408096,0.01253210778141526,0.047189911617823356,59.59701805283092,114.36500171297703,265.9651202627373,175.5189239792743,-19.150821769367703,215.96512026273746,1.0626091649843945,1612947304315.0,0.4208146765204231,1.0,0.4208146765204231,1.0003977336474907,59890.0,0.5387142073446337,1772.1
4417141,long,close,1791.0,-107493.0,1785.7153917673907,429973.0,859.0070333905687,0.17761725455231117,0.015004606365159129,0.1926218609174703,59.61202265919608,114.44782911317155,266.15774212365477,175.6965412338266,-19.150821769367703,216.15774212365494,1.0626354114287009,1612947367159.0,0.46215650316385726,1.0,0.46215650316385726,1.000397811299821,62844.0,0.5387257937871788,1773.75
4417243,long,close,1792.05,-107493.0,1785.7153917673907,322480.0,729.3828240393586,0.2127833195246425,0.014995814848916047,0.22777913437355854,59.627018474044995,114.54577414095219,266.38552125802835,175.90932455335124,-19.150821769367703,216.3855212580285,1.0626667182786544,1612947430540.0,0.5202418132417935,1.0,0.5202418132417935,1.0003979201913669,63381.0,0.5387382339675956,1773.75
4417244,long,close,1792.1,-322480.0,1785.7153917673907,0.0,0.0,0.6433725936320942,0.04498632888789688,0.6883589225199911,59.67200480293289,114.84176847763577,267.0738801805483,176.55269714698335,-19.150821769367703,217.07388018054849,1.062766362584261,1612947430580.0,1.0,1.0,1.0,1.0003984393938172,40.0,0.5387383559301486,
4417388,long,entry,1787.7,220209.0,1787.7,220209.0,569.1411127254274,0.0,0.030795015942272193,0.030795015942272193,59.702799818875164,114.85501033449094,267.1046751964906,176.55269714698335,-19.150821769367703,217.10467519649075,1.0627685931310344,1612947512232.0,1.0,1.0,1.0,1.0003983720835663,81652.0,0.5387559185377958,1777.05
4417417,long,close,1788.95,-220209.0,1787.7,0.0,0.0,0.08607008564318205,0.030773498420861398,0.11684358406404345,59.73357331729603,114.90525307563848,267.2215187805546,176.63876723262652,-19.150821769367703,217.2215187805548,1.062784925711271,1612947532604.0,0.6816171891220478,1.0,0.6816171891220478,1.0003983813687556,20372.0,0.5387594554518359,
4417635,long,entry,1786.9,220232.0,1786.9,220232.0,568.8861835081013,0.0,0.03081202081817673,0.03081202081817673,59.7643853381142,114.9185022445903,267.2523308013728,176.63876723262652,-19.150821769367703,217.25233080137298,1.0627861192822243,1612947652337.0,1.0,1.0,1.0,1.0003983141042618,119733.0,0.538786043288413,1777.05
4418025,long,close,1788.15,-220232.0,1786.9,0.0,0.0,0.08615614131412468,0.030790481782848194,0.11694662309697287,59.795175819897054,114.968789292522,267.3692774244698,176.72492337394064,-19.150821769367703,217.36927742446994,1.0627995194685387,1612947780620.0,0.6804638506427941,1.0,0.6804638506427941,1.000398323432982,128283.0,0.5388336086841241,
4424560,long,entry,1778.6,219331.0,1778.6,219331.0,566.2450882847601,0.0,0.030829163386933544,0.030829163386933544,59.82600498328399,114.9820458327784,267.4001065878567,176.72492337394064,-19.150821769367703,217.40010658785687,1.0626670715109305,1612952821245.0,1.0,1.0,1.0,1.000398256214291,5040625.0,0.5396306339686688,1768.8
4425187,long,close,1779.85,-219331.0,1778.6,0.0,0.0,0.08660607182327795,0.030807511868977722,0.11741358369225567,59.856812495152965,115.03253367376607,267.517520171549,176.8115294457639,-19.150821769367703,217.51752017154914,1.0626800619926844,1612952965890.0,0.6803132881949131,1.0,0.6803132881949131,1.0003982659094974,144645.0,0.539707104489466,
4425285,long,entry,1775.85,219113.0,1775.85,219113.0,565.3690504673608,0.0,0.030846214488836336,0.030846214488836336,59.887658709641805,115.04579754599628,267.54836638603786,176.8115294457639,-19.150821769367703,217.54836638603797,1.0626832058718003,1612953013757.0,1.0,1.0,1.0,1.0003981987363368,47867.0,0.5397190568196704,1765.5
4425497,long,close,1777.1,-219113.0,1775.85,0.0,0.0,0.08678806620007921,0.03082451747228631,0.11761258367236552,59.91848322711409,115.0963709569754,267.66597896971024,176.898317511964,-19.150821769367703,217.66597896971032,1.0626978791252268,1612953096973.0,0.6809519762606243,1.0,0.6809519762606243,1.00039820855934,83216.0,0.5397449128809287,
4428597,long,entry,1771.95,218753.0,1771.95,218753.0,564.1271967478172,0.0,0.030863314427608004,0.030863314427608004,59.94934654154169,115.10964218217927,267.69684228413786,176.898317511964,-19.150821769367703,217.69684228413794,1.0626465130022587,1612955157159.0,1.0,1.0,1.0,1.0003981414316465,2060186.0,0.5401229967955559,1761.6
4428998,long,reentry,1761.6,405349.0,1765.2277620485113,624102.0,1019.7604334649706,0.0,0.05752568687556767,0.05752568687556767,60.00687222841726,115.13437822753578,267.75436797101344,176.898317511964,-19.150821769367703,217.75436797101352,1.0626540210097524,1612955185271.0,0.6797552174233957,1.0,0.6797552174233957,1.0003980979622333,28112.0,0.5401719037793512,1750.4
4429066,long,close,1766.45,-89157.0,1765.2277620485113,534945.0,950.4246732539636,0.034946936700442285,0.012618104107107475,0.04756504080754976,60.01949033252436,115.15483119508303,267.801933011821,176.93326444866443,-19.150821769367703,217.80193301182106,1.0626606558466167,1612955192694.0,0.4209690069187914,1.0,0.4209690069187914,1.0003980456791086,7423.0,0.5401801972329624,1752.0
4429236,long,close,1766.45,-89157.0,1765.2277620485113,445788.0,867.8180267179563,0.034946936700442285,0.012618104107107475,0.04756504080754976,60.03210843663147,115.17528416263029,267.8494980526286,176.96821138536487,-19.150821769367703,217.8494980526286,1.0626666439988972,1612955223959.0,0.4616530214653694,1.0,0.4616530214653694,1.0003979934132952,31265.0,0.5402009308669903,1752.0
4429321,long,close,1766.45,-89157.0,1765.2277620485113,356631.0,767.727203586466,0.034946936700442285,0.012618104107107475,0.04756504080754976,60.04472654073857,115.19573713017753,267.89706309343615,177.0031583220653,-19.150821769367703,217.89706309343615,1.0626725928554686,1612955256626.0,0.508721997951849,1.0,0.508721997951849,1.0003979411647832,32667.0,0.5402112976840043,1753.6
4429322,long,close,1766.95,-356631.0,1765.2277620485113,0.0,0.0,0.19691882566410301,0.05045855853306545,0.24737738419716848,60.09518509927164,115.30210940538234,268.14444047763334,177.20007714772942,-19.150821769367703,218.1444404776333,1.0627081061977108,1612955256855.0,1.0,1.0,1.0,1.0003980656495057,229.0,0.5402114196465574,
4429331,long,entry,1767.65,218612.0,1767.65,218612.0,562.7578179219,0.0,0.030918451050830197,0.030918451050830197,60.12610355032247,115.31540433933418,268.17535892868415,177.20007714772942,-19.150821769367703,218.17535892868415,1.0627124235552605,1612955261278.0,1.0,1.0,1.0,1.0003979986510698,4423.0,0.5402125173095353,1758.4
4429375,long,close,1768.9,-218612.0,1767.65,0.0,0.0,0.08739457021548812,0.03089660240827633,0.11829117262376446,60.157000152730745,115.36626954356241,268.29365010130795,177.2874717179449,-19.150821769367703,218.29365010130792,1.0627288582375944,1612955281094.0,0.6813375889456965,1.0,0.6813375889456965,1.0003980088587376,19816.0,0.540217883661872,
4430142,long,entry,1766.7,218616.0,1766.7,218616.0,562.4552085081748,0.0,0.030935642723722193,0.030935642723722193,60.187935795454464,115.37957186993361,268.32458574403165,177.2874717179449,-19.150821769367703,218.32458574403165,1.0627259553541608,1612955551963.0,1.0,1.0,1.0,1.0003979419054723,270869.0,0.540311428940104,1756.8
4430422,long,reentry,1756.8,405095.0,1760.2700340382005,623711.0,1016.8268663692052,0.0,0.057646715619307835,0.057646715619307835,60.24558251107377,115.4043599576499,268.38223245965094,177.2874717179449,-19.150821769367703,218.38223245965096,1.062733376835859,1612955583135.0,0.6798319575874913,1.0,0.6798319575874913,1.0003978985533946,31172.0,0.5403455784549736,1745.6
4430618,long,close,1761.5,-89101.0,1760.2700340382005,534610.0,947.6844900142436,0.0353438396176739,0.012645614533068408,0.04798945415074231,60.25822812560684,115.42499542293473,268.4302219138017,177.32281555756256,-19.150821769367703,218.43022191380172,1.0627387765505873,1612955637757.0,0.4211227312805185,1.0,0.4211227312805185,1.000397846692462,54622.0,0.5403694831153821,1745.6
4430836,long,close,1761.5,-89101.0,1760.2700340382005,445509.0,865.3094467303827,0.0353438396176739,0.012645614533068408,0.04798945415074231,60.27087374013991,115.44563088821955,268.47821136795244,177.35815939718023,-19.150821769367703,218.47821136795247,1.0627434423191038,1612955719407.0,0.46194033383623256,1.0,0.46194033383623256,1.0003977948485097,81650.0,0.5403960709519592,1747.2
4431016,long,close,1766.5,-111377.0,1760.2700340382005,334132.0,736.8671267820025,0.22314556104742175,0.015762383243702237,0.238907944291124,60.286636123383616,115.54836130426474,268.7171193122436,177.58130495822766,-19.150821769367703,218.7171193122436,1.0627763128644636,1612955769373.0,0.5090442855430453,1.0,0.5090442855430453,1.000397911229848,49966.0,0.5404180242115182,1748.8
4431017,long,close,1766.55,-334132.0,1760.2700340382005,0.0,0.0,0.6747923184547578,0.04728595284594266,0.7220782713007005,60.333922076229555,115.85885496092403,269.4391975835443,178.25609727668242,-19.150821769367703,219.43919758354428,1.062879574492891,1612955769424.0,1.0,1.0,1.0,1.0003984520543008,51.0,0.5404181461740712,
4432102,long,entry,1760.7,218804.0,1760.7,218804.0,560.545353839379,0.0,0.03106775714204578,0.03106775714204578,60.3649898333716,115.87221409649513,269.47026534068635,178.25609727668242,-19.150821769367703,219.47026534068632,1.0628656110937211,1612956447027.0,1.0,1.0,1.0,1.000398385091222,677603.0,0.5405504755441908,1750.4
4432163,long,close,1761.9,-218804.0,1760.7,0.0,0.0,0.08463887523799345,0.031046597423236278,0.11568547266122972,60.39603643079484,115.92195884973947,269.5859508133476,178.34073615192042,-19.150821769367703,219.58595081334755,1.0628809496887361,1612956490253.0,0.681553555552121,1.0,0.681553555552121,1.000398392401254,43226.0,0.5405579152599302,
4432523,long,entry,1759.45,218768.0,1759.45,218768.0,560.1478376598728,0.0,0.0310847139731166,0.0310847139731166,60.42712114476795,115.93532527674792,269.61703552732075,178.34073615192042,-19.150821769367703,219.61703552732067,1.0628795181172093,1612956706333.0,1.0,1.0,1.0,1.0003983254839628,216080.0,0.5406018217790483,1748.8
4432908,long,reentry,1748.8,405377.0,1752.5329133454566,624145.0,1012.4882448240153,0.0,0.057950737648673374,0.057950737648673374,60.48507188241663,115.96024409393686,269.67498626496945,178.34073615192042,-19.150821769367703,219.67498626496933,1.0628869948260857,1612956735443.0,0.6796867261416023,1.0,0.6796867261416023,1.000398282146282,29110.0,0.5406487773619939,1737.6
4433885,long,reentry,1737.6,1156540.0,1742.834111142622,1780685.0,1407.585117562449,0.0,0.16639905616942913,0.16639905616942913,60.65147093858606,116.03179568808972,269.8413853211389,178.34073615192042,-19.150821769367703,219.84138532113877,1.0629076525356427,1612956848491.0,0.41728972126038655,1.0,0.41728972126038655,1.0003983338187379,113048.0,0.540767934776378,1713.6
4434047,long,close,1744.05,-93720.0,1742.834111142622,1686965.0,1391.0542651988953,0.037489631834890354,0.013434247871333965,0.05092387970622432,60.66490518645739,116.05369295636339,269.8923092008451,178.3782257837553,-19.150821769367703,219.892309200845,1.0629140774484103,1612956879179.0,0.18959921839918875,1.0,0.18959921839918875,1.0003982843057593,30688.0,0.5407876927099811,1715.2
4434206,long,close,1744.05,-88787.0,1742.834111142622,1598178.0,1374.0211899276321,0.03551634594242861,0.012727129382758521,0.048243475325187135,60.67763231584015,116.07443765075323,269.9405526761703,178.41374212969774,-19.150821769367703,219.9405526761702,1.0629198466648129,1612956919889.0,0.2012321187488399,1.0,0.2012321187488399,1.0003982324621803,40710.0,0.5408070847559249,1715.2
4434224,long,close,1745.2,-94010.0,1742.834111142622,1504168.0,1354.2851257985117,0.07312521159786456,0.013466937886775155,0.08659214948463971,60.691099253726925,116.11167227503162,270.02714482565494,178.4868673412956,-19.150821769367703,220.02714482565483,1.0629321714825362,1612956920338.0,0.21248248177238452,1.0,0.21248248177238452,1.0003982141776744,449.0,0.5408092800818808,1716.8
4434243,long,close,1746.55,-100277.0,1742.834111142622,1403891.0,1331.0131671026509,0.12241284001792714,0.014353582777475594,0.13676642279540274,60.7054528365044,116.17048183683364,270.16391124845035,178.60928018131352,-19.150821769367703,220.16391124845023,1.0629515570012045,1612956923730.0,0.22412768501947197,1.0,0.22412768501947197,1.0003982397314508,3392.0,0.5408115973703898,1718.4
4434309,long,close,1746.7,-100277.0,1742.834111142622,1303614.0,1305.1290266091519,0.12734336596198167,0.014352350145989581,0.14169571610797127,60.71980518665039,116.23141099476007,270.3056069645583,178.7366235472755,-19.150821769367703,220.3056069645582,1.0629715112560973,1612956931653.0,0.23774408435549593,1.0,0.23774408435549593,1.0003982695174,7923.0,0.5408196468988947,1720.0
4434412,long,close,1745.45,-93115.0,1742.834111142622,1210499.0,1278.407912462589,0.08007104039917189,0.013336818585465066,0.09340785898463695,60.733142005235855,116.27157637412346,270.3990148235429,178.81669458767468,-19.150821769367703,220.39901482354284,1.0629835812246846,1612956976536.0,0.2517534604505364,1.0,0.2517534604505364,1.0003982570835694,44883.0,0.5408322090418646,1720.0
4434433,long,close,1747.1,-100874.0,1742.834111142622,1109625.0,1245.8654526367043,0.1413236883872496,0.014434491442962624,0.15575817983021223,60.74757649667882,116.33855239145045,270.55477300337316,178.95801827606192,-19.150821769367703,220.55477300337304,1.0630055609606364,1612956982859.0,0.26797531352348325,1.0,0.26797531352348325,1.0003982990076252,6323.0,0.5408347702554799,1721.6
4434471,long,close,1749.0,-110962.0,1742.834111142622,998663.0,1204.8677337042848,0.22445232433533943,0.015860777587192683,0.2403131019225321,60.76343727426601,116.44188702527715,270.7950861052957,179.18247060039727,-19.150821769367703,220.79508610529558,1.0630396390933097,1612956985604.0,0.287180768602412,1.0,0.287180768602412,1.0003984145003333,2745.0,0.5408394048324978,1723.2
4434494,long,close,1750.0,-124832.0,1742.834111142622,873831.0,1150.7084412449476,0.29329313415433034,0.017833142857142856,0.3111262770114732,60.78127041712315,116.57567132439209,271.1062123823072,179.4757637345516,-19.150821769367703,221.10621238230706,1.0630837855270237,1612956986589.0,0.3111301942744434,1.0,0.3111301942744434,1.0003985913603939,985.0,0.5408422099712192,1724.8
4434502,long,close,1750.65,-124833.0,1742.834111142622,748998.0,1085.5996634834548,0.31978081359581956,0.017826664381801045,0.3376074779776206,60.799097081504954,116.72084253992246,271.4438198602848,179.79554454814743,-19.150821769367703,221.4438198602847,1.0631316585758932,1612956986762.0,1.0,1.0,1.0,1.0003987908293073,173.0,0.5408431856716441,1726.4
4434521,long,close,1751.5,-124833.0,1742.834111142622,624165.0,1005.8608596552037,0.3543858143940558,0.017818013131601487,0.3722038275256573,60.816915094636556,116.88089018575849,271.81602368781046,180.14993036254148,-19.150821769367703,221.81602368781034,1.0631843420122424,1612956988013.0,0.3799230824027104,1.0,0.3799230824027104,1.000399019843731,1251.0,0.5408455029601531,1728.0
4434641,long,close,1747.35,-104027.0,1742.834111142622,520138.0,924.6160962601643,0.1542600128413807,0.014883537928863709,0.1691435507702444,60.83179863256542,116.95362191258972,271.98516723858074,180.30419037538286,-19.150821769367703,221.9851672385806,1.063207446742829,1612957018392.0,0.4242682962307803,1.0,0.4242682962307803,1.0003990724297,30379.0,0.5408601384665258,1729.6
4434660,long,close,1748.0,-104027.0,1742.834111142622,416111.0,824.6621664658554,0.17639799831909792,0.01487800343249428,0.1912760017515922,60.846676635997916,117.0358705933429,272.17644324033233,180.48058837370195,-19.150821769367703,222.1764432403322,1.063234371648182,1612957022899.0,0.4708466556441672,1.0,0.4708466556441672,1.0003991440595374,4507.0,0.5408624557550348,1731.2
4435117,long,reentry,1731.2,771053.0,1735.2778541310784,1187164.0,1264.8070749490796,0.0,0.1113466092883549,0.1113466092883549,60.95802324528627,117.0837496353369,272.2877898496207,180.48058837370195,-19.150821769367703,222.28778984962054,1.0632486172634603,1612957077501.0,0.523633326710074,1.0,0.523633326710074,1.0003991464030855,54602.0,0.5409181926418041,1713.6
4436484,long,reentry,1713.6,1019817.0,1725.2608018019491,2206981.0,1453.3683182219527,0.0,0.14878282563025214,0.14878282563025214,61.10680607091652,117.1477262503579,272.43657267525094,180.48058837370195,-19.150821769367703,222.4365726752508,1.0632670573602718,1612957171851.0,0.2618575576602979,1.0,0.2618575576602979,1.0003991810688824,94350.0,0.5410849154518993,0.05
4441286,long,close,1726.45,-116156.0,1725.2608018019491,2090825.0,1438.9735866804976,0.04637534250677215,0.01682006429378204,0.06319540680055419,61.1236261352103,117.17490027528214,272.4997680820515,180.5269637162087,-19.150821769367703,222.49976808205136,1.0632692046980394,1612957419895.0,0.1376715805019861,1.0,0.1376715805019861,1.0003991417110805,248044.0,0.5416705796319121,1692.8
4441338,long,close,1727.55,-116156.0,1725.2608018019491,1974669.0,1423.1752130615698,0.08921536617765255,0.016809354287864318,0.10602472046551686,61.14043548949817,117.22049090508233,272.60579280251704,180.61617908238637,-19.150821769367703,222.60579280251687,1.0632839375972352,1612957428392.0,0.16656130046595946,1.0,0.16656130046595946,1.0003991393440481,8497.0,0.5416769216846736,1694.4
4441376,long,close,1728.65,-116157.0,1725.2608018019491,1858512.0,1405.7660451950076,0.1320020050705388,0.016798802533769128,0.14880080760430792,61.15723429203194,117.28447525235217,272.75459361012133,180.7481810874569,-19.150821769367703,222.7545936101212,1.0633048499224131,1612957431352.0,0.17628406131583282,1.0,0.17628406131583282,1.0003991738526339,2960.0,0.5416815562616917,1694.4
4441382,long,close,1728.65,-109324.0,1725.2608018019491,1749188.0,1387.729538804139,0.12423691385221368,0.015810603650247303,0.14004751750246097,61.17304489568218,117.34469568487823,272.8946411276238,180.87241800130911,-19.150821769367703,222.89464112762366,1.0633245937008582,1612957431513.0,0.1867603579804422,1.0,0.1867603579804422,1.0003992007283982,161.0,0.5416822880370102,1696.0
4441410,long,close,1729.75,-109324.0,1725.2608018019491,1639864.0,1367.7938230214731,0.16445466558574365,0.015800549212313917,0.18025521479805756,61.1888454448945,117.42220542724141,273.0748963424219,181.03687266689485,-19.150821769367703,223.0748963424217,1.0633499691823984,1612957432538.0,0.19742667352718804,1.0,0.19742667352718804,1.0003992621663438,1025.0,0.5416857029884973,1697.6
4441427,long,close,1729.75,-102491.0,1725.2608018019491,1537373.0,1347.1509229349215,0.15417587291489931,0.014812978754155225,0.16898885166905453,61.203658423648655,117.4948706334591,273.2438851940909,181.19104853980974,-19.150821769367703,223.24388519409075,1.0633737145550148,1612957434573.0,0.20929917448248506,1.0,0.20929917448248506,1.0003993137767702,2035.0,0.5416877763519,1699.2
4441626,long,close,1726.45,-85409.0,1725.2608018019491,1451964.0,1328.3981591376366,0.03409958700506993,0.012367719887630687,0.04646730689270062,61.21602614353628,117.51485157542295,273.2903525009836,181.22514812681482,-19.150821769367703,223.29035250098346,1.0633795452287746,1612957460573.0,0.2194275731176397,1.0,0.2194275731176397,1.000399259891447,26000.0,0.541712046899968,1700.8
4442419,long,close,1726.45,-85409.0,1725.2608018019491,1366555.0,1307.915754776177,0.03409958700506993,0.012367719887630687,0.04646730689270062,61.22839386342391,117.5348325173868,273.3368198078763,181.2592477138199,-19.150821769367703,223.33681980787617,1.0633832893170483,1612957562778.0,0.22632605757854593,1.0,0.22632605757854593,1.0003992060246534,102205.0,0.5418087632045807,1700.8
4442503,long,close,1726.45,-85409.0,1725.2608018019491,1281146.0,1285.4528434098002,0.03409958700506993,0.012367719887630687,0.04646730689270062,61.24076158331154,117.55481345935065,273.38328711476896,181.29334730082496,-19.150821769367703,223.38328711476888,1.063389514769956,1612957574258.0,0.2416780665162041,1.0,0.2416780665162041,1.0003991521763786,11480.0,0.5418190080590416,1702.4
4442548,long,close,1727.85,-91510.0,1725.2608018019491,1189636.0,1258.7862430711225,0.07948278188208069,0.013240443325520155,0.09272322520760085,61.25400202663706,117.59468444618992,273.47601033997654,181.37283008270705,-19.150821769367703,223.47601033997648,1.063402416864499,1612957579524.0,0.25550049611386527,1.0,0.25550049611386527,1.0003991380888615,5266.0,0.5418244963739314,1704.0
4442603,long,close,1729.5,-99136.0,1725.2608018019491,1090500.0,1226.3304769804681,0.14084446747830348,0.014330153223474992,0.15517462070177848,61.268332179860536,117.66140953309167,273.6311849606783,181.51367455018536,-19.150821769367703,223.63118496067827,1.0634239145534392,1612957591427.0,0.2714935800271298,1.0,0.2714935800271298,1.0003991775966343,11903.0,0.5418312043143522,1704.0
4442620,long,close,1730.05,-109050.0,1725.2608018019491,981450.0,1185.544223580304,0.17497462456494053,0.015758215080489003,0.19073283964542953,61.284090394941025,117.74342465413919,273.8219178003237,181.6886491747503,-19.150821769367703,223.8219178003237,1.0634506936450707,1612957592483.0,0.29095401868667103,1.0,0.29095401868667103,1.0003992475078036,1056.0,0.5418332776777549,1705.6
4442633,long,close,1730.4,-109050.0,1725.2608018019491,872400.0,1138.2053729536417,0.18772398951679464,0.01575502773925104,0.20347901725604567,61.29984542268028,117.8309206315593,274.02539681757975,181.8763731642671,-19.150821769367703,224.02539681757975,1.0634791983965108,1612957595217.0,0.3147539312292329,1.0,0.3147539312292329,1.0003993281932169,2734.0,0.5418348631909453,1707.2
4442733,long,close,1730.85,-109050.0,1725.2608018019491,763350.0,1082.599744867144,0.20410845375727787,0.01575093162319092,0.21985938538046879,61.315596354303466,117.92546016727289,274.2452562029602,182.08048161802438,-19.150821769367703,224.2452562029602,1.0635093218395775,1612957621983.0,0.341811500055721,1.0,0.341811500055721,1.0003994227316548,26766.0,0.5418470594462559,1708.8
4442745,long,close,1731.35,-109050.0,1725.2608018019491,654300.0,1016.3648336337262,0.22230342487599022,0.01574638288041124,0.23804980775640147,61.331342737183874,118.02782158460813,274.4833060107166,182.30278504290038,-19.150821769367703,224.4833060107166,1.0635427038776408,1612957622023.0,0.3744548320763043,1.0,0.3744548320763043,1.0003995326273951,40.0,0.5418485229968931,1710.4
4442809,long,close,1733.0,-130860.0,1725.2608018019491,523440.0,917.9538069266044,0.3387268059924911,0.018877668782458164,0.3576044747749493,61.35022040596633,118.18159150876137,274.8409104854916,182.64151184889286,-19.150821769367703,224.84091048549155,1.063592517520848,1612957632328.0,0.4128113503762631,1.0,0.4128113503762631,1.000399744374037,10305.0,0.5418563286002919,1712.0
4443019,long,close,1734.3,-130860.0,1725.2608018019491,392580.0,790.3109405260304,0.3953282461520814,0.018863518422418266,0.4141917645744997,61.369083924388754,118.3596939675284,275.25510225006605,183.03684009504494,-19.150821769367703,225.25510225006605,1.0636489526141868,1612957687275.0,0.4698505302185363,1.0,0.4698505302185363,1.000400003850503,54947.0,0.541881940736444,1713.6
4443020,long,close,1734.35,-392580.0,1725.2608018019491,0.0,0.0,1.1925105902470716,0.05658892380430709,1.2490995140513788,61.42567284819306,118.8968067585705,276.50420176411745,184.22935068529202,-19.150821769367703,226.50420176411743,1.0638231655972084,1612957688124.0,1.0,1.0,1.0,1.0004009718378775,849.0,0.5418820626989972,
4458389,long,entry,1727.85,220352.0,1727.85,220352.0,550.0871557946267,0.0,0.03188239719883092,0.03188239719883092,61.45755524539189,118.910516189366,276.5360841613163,184.22935068529202,-19.150821769367703,226.53608416131627,1.0636635549405178,1612963655733.0,1.0,1.0,1.0,1.0004009048804525,5967609.0,0.5437565051776763,1718.4
4458471,long,close,1729.05,-220352.0,1727.85,0.0,0.0,0.08850843327514424,0.03186027009051213,0.12036870336565636,61.4894155154824,118.96227473181324,276.65645286468197,184.31785911856716,-19.150821769367703,226.6564528646819,1.0636800416489025,1612963663652.0,0.6814228552761761,1.0,0.6814228552761761,1.0004009129328364,7919.0,0.5437665061070309,
4458618,long,entry,1727.15,220384.0,1727.15,220384.0,549.8642791713215,0.0,0.0318999507859769,0.0318999507859769,61.521315466268376,118.97599171065123,276.68835281546797,184.31785911856716,-19.150821769367703,226.68835281546788,1.06368290321659,1612963720678.0,1.0,1.0,1.0,1.0004008460205813,57026.0,0.5437844346023374,1716.8
4458873,long,close,1728.35,-220384.0,1727.15,0.0,0.0,0.08859303021532591,0.031877802528423066,0.12047083274374898,61.5531932687968,119.02779416873103,276.8088236482117,184.40645214878248,-19.150821769367703,226.80882364821164,1.0636981693617593,1612963773262.0,0.6808680910207072,1.0,0.6808680910207072,1.0004008541133211,52584.0,0.5438155350533793,
4459060,long,entry,1725.7,220320.0,1725.7,220320.0,549.4022083279807,0.0,0.03191748276061888,0.03191748276061888,61.585110751557416,119.0415186863181,276.84074113097233,184.40645214878248,-19.150821769367703,226.84074113097225,1.0637015645767762,1612963810817.0,1.0,1.0,1.0,1.0004007872461438,37555.0,0.54383834205081,1715.2
4459187,long,close,1726.9,-220320.0,1725.7,0.0,0.0,0.08871614873529039,0.031895303723435055,0.12061145245872545,61.617006055280854,119.09338161087535,276.96135258343105,184.49516829751778,-19.150821769367703,226.96135258343097,1.063717627598632,1612963834710.0,0.6811362691073821,1.0,0.6811362691073821,1.0004007954116487,23893.0,0.5438538312950545,
4459387,long,entry,1724.65,220308.0,1724.65,220308.0,549.0691718710416,0.0,0.03193517525294987,0.03193517525294987,61.6489412305338,119.10711373623413,276.993287758684,184.49516829751778,-19.150821769367703,226.99328775868392,1.063720415456994,1612963894386.0,1.0,1.0,1.0,1.0004007285895993,59676.0,0.5438782238056756,1715.2
4460186,long,reentry,1715.2,408230.0,1718.5123066544902,628538.0,992.6713918962266,0.0,0.059501807369402984,0.059501807369402984,61.7084430379032,119.13269951340297,277.05278956605343,184.49516829751778,-19.150821769367703,227.05278956605332,1.0637229321366595,1612964103090.0,0.6798710480884812,1.0,0.6798710480884812,1.0004006850863965,208704.0,0.5439756718856069,1704.0
4460354,long,close,1719.7,-89791.0,1718.5123066544902,538747.0,925.1690568349404,0.036085422428701615,0.013053294179217306,0.04913871660791892,61.72149633208242,119.15382916154437,277.10192828266133,184.53125371994648,-19.150821769367703,227.10192828266125,1.0637293128182825,1612964118601.0,0.4202532387815876,1.0,0.4202532387815876,1.000400632841315,15511.0,0.5439961615945287,1705.6
4460407,long,close,1719.7,-89791.0,1718.5123066544902,448956.0,844.7482627700404,0.036085422428701615,0.013053294179217306,0.04913871660791892,61.73454962626163,119.17495880968576,277.15106699926923,184.56733914237518,-19.150821769367703,227.15106699926918,1.0637358914220585,1612964126855.0,0.4619858939085017,1.0,0.4619858939085017,1.0004005806133158,8254.0,0.5440026256098432,1705.6
4460510,long,close,1724.6,-112239.0,1718.5123066544902,336717.0,719.3533829748917,0.2305449045556227,0.016270294561057635,0.24681519911668034,61.75081992082269,119.28108934530596,277.39788219838596,184.7978840469308,-19.150821769367703,227.39788219838584,1.0637691370527014,1612964160274.0,0.5088958416545315,1.0,0.5088958416545315,1.0004006951429851,33419.0,0.5440151877528131,1707.2
4460513,long,close,1724.7,-336717.0,1718.5123066544902,0.0,0.0,0.7029551482197335,0.0488080535745347,0.7517632017942681,61.799627974397225,119.6043475220775,278.14964540018025,185.50083919515052,-19.150821769367703,228.1496454001801,1.0638730093979865,1612964160362.0,0.5829472806476553,1.0,0.5829472806476553,1.0004012343430633,88.0,0.5440155536404725,
4465087,long,entry,1715.15,220034.0,1715.15,220034.0,546.0438768202282,0.0,0.032072121971839194,0.032072121971839194,61.83170009636906,119.6181385345254,278.1817175221521,185.50083919515052,-19.150821769367703,228.18171752215196,1.06383739834199,1612965616719.0,1.0,1.0,1.0,1.0004011675120454,1456357.0,0.5445734103583773,1705.0
4465220,long,close,1716.35,-220034.0,1715.15,0.0,0.0,0.08969393507430713,0.03204969848807062,0.12174363356237775,61.863749794857135,119.67048829695723,278.3034611557145,185.59053313022483,-19.150821769367703,228.30346115571433,1.0638539506332916,1612965625141.0,0.6811888034913278,1.0,0.6811888034913278,1.0004011760336562,8422.0,0.5445896313779403,
4465222,long,entry,1714.5,220072.0,1714.5,220072.0,545.836521435975,0.0,0.03208982210557013,0.03208982210557013,61.895839616962704,119.68428692046263,278.33555097782005,185.59053313022483,-19.150821769367703,228.3355509778199,1.0638583720913477,1612965625188.0,1.0,1.0,1.0,1.000401109247455,47.0,0.5445898753030465,1705.0
4465226,long,close,1715.7,-220072.0,1714.5,0.0,0.0,0.08977743551130761,0.032067377746692306,0.12184481325799992,61.927906994709396,119.73668019016354,278.457395791078,185.68031056573614,-19.150821769367703,228.45739579107791,1.063875152158951,1612965625501.0,0.6816165880564774,1.0,0.6816165880564774,1.0004011178070975,313.0,0.5445903631532589,
4465261,long,entry,1714.55,220200.0,1714.55,220200.0,545.8521878496547,0.0,0.032107550086028405,0.032107550086028405,61.96001454479543,119.75048643670054,278.48950334116404,185.68031056573614,-19.150821769367703,228.48950334116395,1.0638793721557798,1612965632879.0,1.0,1.0,1.0,1.0004010510656636,7378.0,0.5445946318426176,1705.0
4465279,long,close,1715.75,-220200.0,1714.55,0.0,0.0,0.08982441521953985,0.03208509398222352,0.12190950920176337,61.99209963877765,119.80290752565729,278.6114128503658,185.77013498095567,-19.150821769367703,228.61141285036572,1.063896041358485,1612965637220.0,0.6816074499243732,1.0,0.6816074499243732,1.000401059632629,4341.0,0.5445968271685735,
4465903,long,entry,1712.9,220110.0,1712.9,220110.0,545.3272836223875,0.0,0.032125342985580015,0.032125342985580015,62.02422498176323,119.81672142314109,278.6435381933514,185.77013498095567,-19.150821769367703,228.6435381933513,1.0638976133737457,1612965740888.0,1.0,1.0,1.0,1.000400992935955,103668.0,0.5446729318017113,1703.45
4466635,long,close,1714.1,-220110.0,1712.9,0.0,0.0,0.08996070610279201,0.03210285280905432,0.12206355891184634,62.056327834572286,119.86920875347317,278.7656017522632,185.86009568705848,-19.150821769367703,228.76560175226314,1.0639121324328678,1612965823816.0,0.6803474304675337,1.0,0.6803474304675337,1.0004010015850124,82928.0,0.5447622083905845,
4467662,long,entry,1707.7,219563.0,1707.7,219563.0,543.6713826504877,0.0,0.03214308719330093,0.03214308719330093,62.088470921765584,119.88303028096628,278.79774483945647,185.86009568705848,-19.150821769367703,228.79774483945644,1.063907706811093,1612966145540.0,1.0,1.0,1.0,1.0004009349329694,321724.0,0.544887463932624,1698.8
4468613,long,close,1708.9,-219563.0,1707.7,0.0,0.0,0.09028428727710373,0.03212051612148165,0.1224048033985854,62.120591437887065,119.93566434642767,278.92014964285505,185.9503799743356,-19.150821769367703,228.92014964285502,1.0639197071698818,1612966321318.0,0.6801933043232425,1.0,0.6801933043232425,1.0004009438204489,175778.0,0.5450034503206274,
4471384,long,entry,1701.65,218907.0,1701.65,218907.0,541.746245902049,0.0,0.032160990803044104,0.032160990803044104,62.15275242869011,119.94949357247299,278.9523106336581,185.9503799743356,-19.150821769367703,228.95231063365807,1.0638989400502439,1612967237503.0,1.0,1.0,1.0,1.000400877213028,916185.0,0.5453414085552828,1692.6
4471642,long,close,1702.85,-218907.0,1701.65,0.0,0.0,0.0906555221273625,0.03213832692251226,0.12279384904987475,62.18489075561262,120.00229492756442,279.07510448270796,186.04103549646294,-19.150821769367703,229.07510448270796,1.0639146872829501,1612967278394.0,0.6808093999693333,1.0,0.6808093999693333,1.0004008863781981,40891.0,0.545372874893984,
4471712,long,entry,1700.5,218880.0,1700.5,218880.0,541.37911652115,0.0,0.03217877094972067,0.03217877094972067,62.21706952656234,120.0161317990728,279.10728325365767,186.04103549646294,-19.150821769367703,229.10728325365767,1.0639187794605407,1612967290317.0,1.0,1.0,1.0,1.0004008198151404,11923.0,0.5453814122727014,1691.05
4472585,long,reentry,1691.05,405584.0,1694.362306233826,624464.0,978.7415306007146,0.0,0.059960379645782214,0.059960379645782214,62.27702990620812,120.04191476232047,279.1672436333034,186.04103549646294,-19.150821769367703,229.16724363330346,1.0639227501810213,1612967445409.0,0.6798467672849496,1.0,0.6798467672849496,1.000400776476847,155092.0,0.5454878855815626,1680.2
4473052,long,close,1695.55,-89209.0,1694.362306233826,535255.0,912.1872602594506,0.036880454596438864,0.013153401551119107,0.05003385614755797,62.29018330775924,120.06342932046391,279.21727748945096,186.07791595105937,-19.150821769367703,229.21727748945102,1.0639282544809112,1612967495067.0,0.4198675060158173,1.0,0.4198675060158173,1.0004007248636104,49658.0,0.5455448420938629,1680.2
4473121,long,close,1699.4,-107051.0,1694.362306233826,428204.0,814.9591202865093,0.18729259077084928,0.015748352359656347,0.20304094313050564,62.3059316601189,120.15073692601001,279.42031843258144,186.26520854183022,-19.150821769367703,229.42031843258152,1.0639558695308762,1612967504130.0,0.46209030530755363,1.0,0.46209030530755363,1.0004008008768626,9063.0,0.5455532575100271,1681.75
4473155,long,close,1700.35,-107051.0,1694.362306233826,321153.0,691.9711152029505,0.2224875441432002,0.01573955362131326,0.23822709776451348,62.32167121374022,120.25317457804874,279.6585455303459,186.48769608597343,-19.150821769367703,229.65854553034603,1.0639884162637059,1612967508540.0,0.5204289167702302,1.0,0.5204289167702302,1.0004009060394499,4410.0,0.5455574042368327,1683.3
4473175,long,close,1701.65,-321153.0,1694.362306233826,0.0,0.0,0.8117561337327855,0.04718258748861399,0.8589387212213996,62.36885380122883,120.62251822817396,280.51748425156734,187.2994522197062,-19.150821769367703,230.51748425156742,1.0641059796085335,1612967508555.0,1.0,1.0,1.0,1.0004015268310242,15.0,0.5455598434878949,
4476501,long,entry,1689.9,218640.0,1689.9,218640.0,538.0047326627357,0.0,0.03234510917805788,0.03234510917805788,62.40119891040689,120.6364266251205,280.5498293607454,187.2994522197062,-19.150821769367703,230.5498293607455,1.064088655084291,1612968297453.0,1.0,1.0,1.0,1.0004014602118412,788898.0,0.5459654909395238,1680.2
4477249,long,close,1691.05,-218640.0,1689.9,0.0,0.0,0.08798527673282884,0.03232311285887467,0.12030838959170351,62.433522023265766,120.68815923264494,280.67013775033706,187.38743749643905,-19.150821769367703,230.6701377503372,1.0641031103729934,1612968369155.0,0.6800542757201774,1.0,0.6800542757201774,1.000401466579954,71702.0,0.5460567189292468,
4477433,long,entry,1686.55,218326.0,1686.55,218326.0,536.9393633747554,0.0,0.03236281165693279,0.03236281165693279,62.4658848349227,120.70207524165741,280.702500561994,187.38743749643905,-19.150821769367703,230.70250056199413,1.0641068209756384,1612968394848.0,1.0,1.0,1.0,1.0004014000058665,25693.0,0.5460791600390182,1677.1
4477869,long,reentry,1677.1,404558.0,1680.4123032538964,622884.0,970.6981049121778,0.0,0.060306183292588404,0.060306183292588404,62.526191018215286,120.72800690047323,280.7628067452866,187.38743749643905,-19.150821769367703,230.76280674528672,1.0641142520012548,1612968423930.0,0.6798310346294055,1.0,0.6798310346294055,1.0004013566158219,29082.0,0.5461323357121722,1666.25
4478022,long,close,1681.6,-88983.0,1680.4123032538964,533901.0,904.6917451469282,0.03740021156918917,0.013228918886774502,0.05062913045596367,62.53941993710206,120.74977742656931,280.8134358757426,187.42483770800823,-19.150821769367703,230.8134358757427,1.0641208684132761,1612968434587.0,0.421118105428525,1.0,0.421118105428525,1.0004013052198732,10657.0,0.5461509959827974,1667.8
4478425,long,close,1681.6,-88983.0,1680.4123032538964,444918.0,826.0529772765098,0.03740021156918917,0.013228918886774502,0.05062913045596367,62.552648855988835,120.77154795266539,280.8640650061986,187.4622379195774,-19.150821769367703,230.86406500619867,1.0641266491200445,1612968475511.0,0.45988552528541604,1.0,0.45988552528541604,1.0004012538402622,40924.0,0.5462001468916989,1667.8
4478434,long,close,1681.6,-88983.0,1680.4123032538964,355935.0,730.7716492256694,0.03740021156918917,0.013228918886774502,0.05062913045596367,62.56587777487561,120.79331847876148,280.9146941366546,187.49963813114658,-19.150821769367703,230.91469413665465,1.0641334901684303,1612968477926.0,0.5087404238617248,1.0,0.5087404238617248,1.0004012024769802,2415.0,0.5462012445546769,1669.35
4478435,long,close,1681.7,-355935.0,1680.4123032538964,0.0,0.0,0.16218844758088316,0.052912974965808414,0.21510142254669157,62.618790749841416,120.88581209045655,281.1297955592013,187.66182657872747,-19.150821769367703,231.12979555920134,1.0641628221559924,1612968478005.0,1.0,1.0,1.0,1.0004012871538137,79.0,0.5462013665172301,
4478469,long,entry,1682.0,218093.0,1682.0,218093.0,535.4898043535717,0.0,0.032415725326991676,0.032415725326991676,62.65120647516841,120.89975085234715,281.16221128452827,187.66182657872747,-19.150821769367703,231.16221128452833,1.064167158142327,1612968481006.0,1.0,1.0,1.0,1.0004012207141306,3001.0,0.5462055132440357,1672.45
4478724,long,close,1683.15,-218093.0,1682.0,0.0,0.0,0.08859123459236938,0.03239357751834358,0.12098481211071296,62.68360005268675,120.95177432155475,281.28319609663896,187.75041781331984,-19.150821769367703,231.28319609663905,1.0641828152660588,1612968511109.0,0.6804572118668268,1.0,0.6804572118668268,1.0004012274678227,30103.0,0.5462366136950775,
4511320,long,entry,1718.6,222960.0,1718.6,222960.0,547.1415277443472,0.0,0.032433376003723965,0.032433376003723965,62.71603342869047,120.96572067323635,281.3156294726427,187.75041781331984,-19.150821769367703,231.31562947264277,1.0636991732777605,1612986332877.0,1.0,1.0,1.0,1.0004011610728225,17821768.0,0.5502121050761059,1708.8
4511366,long,close,1719.8,-222960.0,1718.6,0.0,0.0,0.09052227283280856,0.03241074543551576,0.12293301826832431,62.748444174125986,121.01858187109173,281.438562490911,187.84094008615264,-19.150821769367703,231.4385624909111,1.0637151047328823,1612986357952.0,0.6815704770875326,1.0,0.6815704770875326,1.0004011693902528,25075.0,0.5502177153535487,
4512298,long,entry,1716.15,222766.0,1716.15,222766.0,546.3630077509858,0.0,0.03245141741689246,0.03245141741689246,62.78089559154288,121.032535980581,281.4710139083279,187.84094008615264,-19.150821769367703,231.471013908328,1.063698176262712,1612987142170.0,1.0,1.0,1.0,1.0004011030396565,784218.0,0.5503313844530431,1706.55
4512681,long,close,1717.35,-222766.0,1716.15,0.0,0.0,0.09070183922965828,0.03242874195708505,0.12313058118674333,62.81332433349996,121.08548213049129,281.59414448951463,187.9316419253823,-19.150821769367703,231.59414448951475,1.0637129393016855,1612987210690.0,0.6805174939327042,1.0,0.6805174939327042,1.000401111473568,68520.0,0.5503780961108825,
4513288,long,entry,1713.35,222525.0,1713.35,222525.0,545.4707550541871,0.0,0.0324692853182362,0.0324692853182362,62.8457936188182,121.09944392317814,281.6266137748329,187.9316419253823,-19.150821769367703,231.62661377483298,1.0637103133333599,1612987468621.0,1.0,1.0,1.0,1.0004010451671332,257931.0,0.5504521273806176,1703.45
4513341,long,close,1714.55,-222525.0,1713.35,0.0,0.0,0.0908999851433467,0.03244656032195037,0.12334654546529707,62.87824017914015,121.15248293772821,281.74996032029816,188.02254191052566,-19.150821769367703,231.74996032029827,1.0637262470344035,1612987494718.0,0.6815606088594606,1.0,0.6815606088594606,1.0004010537323376,26097.0,0.5504585913959321,
4514610,long,entry,1710.35,222258.0,1710.35,222258.0,544.5151803378086,0.0,0.03248721022013039,0.03248721022013039,62.91072738936028,121.16645243812287,281.7824475305183,188.02254191052566,-19.150821769367703,231.7824475305184,1.063698839102289,1612988664993.0,1.0,1.0,1.0,1.0004009874700075,1170275.0,0.5506133618758231,1700.35
4514738,long,close,1711.55,-222258.0,1710.35,0.0,0.0,0.09110958432802849,0.03246443282404838,0.12357401715207686,62.94319182218433,121.21958926549826,281.9060215476704,188.11365149485368,-19.150821769367703,231.90602154767046,1.063714674034061,1612988695225.0,0.6810478090804776,1.0,0.6810478090804776,1.0004009961755893,30232.0,0.5506289730826206,
4529200,long,entry,1722.65,223981.0,1722.65,223981.0,548.4321398898966,0.0,0.0325052970713726,0.0325052970713726,62.975697119255706,121.23356654323896,281.9385268447418,188.11365149485368,-19.150821769367703,231.93852684474183,1.063393776627584,1613000733143.0,1.0,1.0,1.0,1.00040092995739,12037918.0,0.552392795525633,1713.6
4529235,long,close,1723.85,-223981.0,1722.65,0.0,0.0,0.09050986219367249,0.032482669605824174,0.12299253179949667,63.00817978886153,121.28645333191275,282.0615193765413,188.20416135704735,-19.150821769367703,232.06151937654133,1.0634101273062715,1613000738007.0,0.6815144367654492,1.0,0.6815144367654492,1.0004009381381695,4864.0,0.5523970642149917,
4529314,long,entry,1722.3,224059.0,1722.3,224059.0,548.3206880605726,0.0,0.03252322475759159,0.03252322475759159,63.04070301361912,121.30043831855852,282.0940426012989,188.20416135704735,-19.150821769367703,232.09404260129892,1.0634135382967331,1613000773188.0,1.0,1.0,1.0,1.0004008719640942,35181.0,0.5524066992566871,1712.0
4530941,long,close,1723.5,-224059.0,1722.3,0.0,0.0,0.09057817164863775,0.03250058021467943,0.12307875186331718,63.0732035938338,121.35336218185975,282.2171213531622,188.294739528696,-19.150821769367703,232.21712135316224,1.0634072645711012,1613001619548.0,0.6797192242636843,1.0,0.6797192242636843,1.000400880169602,846360.0,0.5526051323305897,
4531542,long,entry,1715.25,223265.0,1715.25,223265.0,546.076307594726,0.0,0.032541174755866493,0.032541174755866493,63.105744768589666,121.36735488700477,282.2496625279181,188.294739528696,-19.150821769367703,232.2496625279181,1.0633960170899974,1613002200133.0,1.0,1.0,1.0,1.0004008140396023,580585.0,0.5526784318250062,1705.0
4532186,long,close,1716.45,-223265.0,1715.25,0.0,0.0,0.09100040130977143,0.03251842465553905,0.12351882596531047,63.13826319324521,121.42046798216987,282.3731813538834,188.38573993000577,-19.150821769367703,232.3731813538834,1.063406260607829,1613002433840.0,0.6797582057267617,1.0,0.6797582057267617,1.0004008225599414,233707.0,0.5527569757092061,
4532339,long,entry,1712.2,222991.0,1712.2,222991.0,545.1048902523188,0.0,0.03255913444691041,0.03255913444691041,63.17082232769212,121.43446840998203,282.4057404883303,188.38573993000577,-19.150821769367703,232.4057404883303,1.0634091004084003,1613002490191.0,1.0,1.0,1.0,1.0004007564738582,56351.0,0.5527756359798313,1701.9
4532653,long,close,1713.4,-222991.0,1712.2,0.0,0.0,0.0912127030145666,0.032536331271156765,0.12374903428572337,63.20335865896328,121.48768049472488,282.529489522616,188.47695263302035,-19.150821769367703,232.52948952261605,1.0634227900509405,1613002596382.0,0.6804403269713222,1.0,0.6804403269713222,1.0004007651362168,106191.0,0.5528139322215064,
4604672,long,entry,1782.2,232236.0,1782.2,232236.0,567.390384628373,0.0,0.03257715183481091,0.03257715183481091,63.23593581079809,121.50168867001385,282.5620666744508,188.47695263302035,-19.150821769367703,232.56206667445085,1.0619190529786506,1613060073118.0,1.0,1.0,1.0,1.0004006990939898,57476736.0,0.5615975533336146,1772.1
4604751,long,close,1783.45,-232236.0,1782.2,0.0,0.0,0.09133183390284778,0.0325543188763352,0.12388615277918298,63.268490129674426,121.55495971570892,282.68595282723004,188.5682844669232,-19.150821769367703,232.68595282723004,1.0619349541484084,1613060082732.0,0.6814203342906384,1.0,0.6814203342906384,1.00040070782177,9614.0,0.56160718837531,
4619084,long,entry,1778.75,231915.0,1778.75,231915.0,566.2923660926205,0.0,0.03259522136331694,0.03259522136331694,63.30108535103774,121.56897566089513,282.71854804859333,188.5682844669232,-19.150821769367703,232.71854804859336,1.0616087951722346,1613073046738.0,1.0,1.0,1.0,1.000400641823362,12964006.0,0.5633552776489718,1768.8
4619372,long,reentry,1768.8,429738.0,1772.2875595667215,661653.0,1023.766936247569,0.0,0.06073863636363637,0.06073863636363637,63.36182398740138,121.5950932745315,282.77928668495696,188.5682844669232,-19.150821769367703,232.779286684957,1.0616165053934523,1613073053037.0,0.6798347046826175,1.0,0.6798347046826175,1.0004005988688411,6299.0,0.5633904028642661,1756.8
4619525,long,close,1773.5,-94521.0,1772.2875595667215,567132.0,954.1539432984546,0.03646056018667561,0.013324076684522132,0.04978463687119774,63.3751480640859,121.61650066838611,282.82907132182817,188.60474502710986,-19.150821769367703,232.8290713218282,1.0616227383541688,1613073061572.0,0.42073333734259255,1.0,0.42073333734259255,1.0004005469692996,8535.0,0.5634090631348914,1758.4
4623134,long,close,1773.5,-94522.0,1772.2875595667215,472610.0,871.2170877168982,0.036460945926989265,0.013324217648717227,0.04978516357570649,63.388472281734614,121.63790828872368,282.8788564854039,188.64120597303685,-19.150821769367703,232.8788564854039,1.0615985346760304,1613074270896.0,0.4578670776713326,1.0,0.4578670776713326,1.0004004950870125,1209324.0,0.5638492259890492,1760.0
4623139,long,close,1773.5,-94522.0,1772.2875595667215,378088.0,770.7274660103632,0.036460945926989265,0.013324217648717227,0.04978516357570649,63.40179649938333,121.65931590906123,282.92864164897964,188.67766691896384,-19.150821769367703,232.9286416489796,1.0616048316564646,1613074276696.0,0.508744488022274,1.0,0.508744488022274,1.0004004432215399,5800.0,0.5638498358018148,1760.0
4623140,long,close,1773.55,-378088.0,1772.2875595667215,0.0,0.0,0.15185397463517325,0.053295368047137096,0.20514934268231033,63.45509186743047,121.74753012641465,283.13379099166195,188.829520893599,-19.150821769367703,233.13379099166193,1.0616313518853728,1613074277549.0,1.0,1.0,1.0,1.000400518186042,853.0,0.5638499577643679,
4624585,long,entry,1759.35,229749.0,1759.35,229749.0,560.116062750016,0.0,0.03264685821468156,0.03264685821468156,63.48773872564515,121.76156827544695,283.1664378498766,188.829520893599,-19.150821769367703,233.16643784987662,1.0616163398237453,1613075036547.0,1.0,1.0,1.0,1.0004004523228627,758998.0,0.5640261936536054,1748.8
4624625,long,close,1760.55,-229749.0,1759.35,0.0,0.0,0.08900907070546094,0.032624605947005204,0.12163367665246613,63.52036333159216,121.8138707564075,283.28807152652905,188.91852996430447,-19.150821769367703,233.28807152652908,1.0616318174530976,1613075046158.0,0.6815894134784742,1.0,0.6815894134784742,1.0004004590392999,9611.0,0.5640310721557296,
4624721,long,entry,1758.9,229815.0,1758.9,229815.0,559.9721351251217,0.0,0.03266459150605492,0.03266459150605492,63.55302792309821,121.82791653075509,283.3207361180351,188.91852996430447,-19.150821769367703,233.32073611803514,1.0616354652566595,1613075068768.0,1.0,1.0,1.0,1.0004003932201295,22610.0,0.5640427805608277,1748.8
4625064,long,close,1760.1,-229815.0,1758.9,0.0,0.0,0.08908018818764028,0.03264232145900801,0.1217225096466483,63.58567024455722,121.88025720990316,283.4424586276818,189.0076101524921,-19.150821769367703,233.4424586276818,1.0616503362222953,1613075102428.0,0.6809639157217857,1.0,0.6809639157217857,1.0004003999654716,33660.0,0.564084613716543,
4646673,long,entry,1774.1,231928.0,1774.1,231928.0,564.8124000996394,0.0,0.032682486894763545,0.032682486894763545,63.618352731451985,121.89431067926792,283.47514111457656,189.0076101524921,-19.150821769367703,233.47514111457656,1.061180766286558,1613093937775.0,1.0,1.0,1.0,1.000400334190375,18835347.0,0.5667201025266007,1763.85
4646717,long,close,1775.35,-231928.0,1774.1,0.0,0.0,0.09204519360903946,0.03265947559636128,0.12470466920540074,63.651012207048346,121.94793368702625,283.599845783782,189.09965534610114,-19.150821769367703,233.59984578378197,1.0611965479494578,1613093945453.0,0.6814548530259774,1.0,0.6814548530259774,1.0004003433183681,7678.0,0.5667254688789373,
4650511,long,entry,1764.4,230788.0,1764.4,230788.0,561.7242570413018,0.0,0.03270063477669463,0.03270063477669463,63.68371284182504,121.96199495998022,283.63254641855866,189.09965534610114,-19.150821769367703,233.63254641855866,1.0610795198724254,1613098809649.0,1.0,1.0,1.0,1.000400277586669,4864196.0,0.5671881948054197,1755.2
4650887,long,reentry,1755.2,427650.0,1758.4246765830649,658438.0,1015.6498845199442,0.0,0.06091186189608022,0.06091186189608022,63.74462470372112,121.98818706059555,283.69345828045476,189.09965534610114,-19.150821769367703,233.69345828045473,1.0610856344549386,1613098876723.0,0.6799565524078843,1.0,0.6799565524078843,1.000400234816144,67074.0,0.5672340527253874,1744.0
4651747,long,close,1759.65,-94062.0,1758.4246765830649,564376.0,946.5786427717428,0.03724902233870111,0.013363737106811012,0.05061275944551212,63.75798844082793,122.00995054715712,283.7440710399003,189.13690436843984,-19.150821769367703,233.74407103990023,1.0610825594736353,1613099260319.0,0.42019187959128607,1.0,0.42019187959128607,1.0004001836861833,383596.0,0.5673389405210582,1744.0
4652217,long,close,1759.65,-94062.0,1758.4246765830649,470314.0,864.2900329714605,0.03724902233870111,0.013363737106811012,0.05061275944551212,63.77135217793474,122.0317140337187,283.7946837993458,189.17415339077854,-19.150821769367703,233.79468379934573,1.061076544667424,1613099762156.0,0.4614980983207744,1.0,0.4614980983207744,1.0004001325724532,501837.0,0.5673962629210177,1745.6
4653012,long,reentry,1745.6,871491.0,1750.095157599269,1341805.0,1301.8637742053174,0.0,0.12481252864344639,0.12481252864344639,63.89616470657818,122.08538342103539,283.9194963279893,189.17415339077854,-19.150821769367703,233.91949632798918,1.0610838602382415,1613100108664.0,0.504860913195577,1.0,0.504860913195577,1.0004001417098238,346508.0,0.5674932231507367,1726.4
4654390,long,close,1751.3,-89453.0,1750.095157599269,1252352.0,1276.698535632311,0.035164378183201075,0.01276951407525838,0.047933892258459454,63.90893422065344,122.10599499470653,283.96743022024776,189.20931776896174,-19.150821769367703,233.96743022024765,1.0610750905383084,1613100707518.0,0.25223218023818644,1.0,0.25223218023818644,1.0004000884303945,598854.0,0.5676612875489161,1728.0
4654425,long,close,1752.85,-96334.0,1750.095157599269,1156018.0,1246.512563594862,0.08651072191925901,0.013739624040847763,0.10025034596010678,63.92267384469429,122.14910264346938,284.06768056620786,189.295828490881,-19.150821769367703,234.06768056620777,1.0610875706958887,1613100719732.0,0.2712283953350395,1.0,0.2712283953350395,1.0004000775957471,12214.0,0.5676655562382749,1729.6
4654902,long,close,1751.3,-88924.0,1750.095157599269,1067094.0,1215.4436927536524,0.034956425894748885,0.012693998743790328,0.04765042463853921,63.93536784343808,122.16959232606393,284.11533099084636,189.33078491677577,-19.150821769367703,234.1153309908463,1.0610835673482908,1613101125229.0,0.28566615266770085,1.0,0.28566615266770085,1.0004000241055624,405497.0,0.5677237323761062,1729.6
4655380,long,close,1751.3,-88924.0,1750.095157599269,978170.0,1180.665583258549,0.034956425894748885,0.012693998743790328,0.04765042463853921,63.94806184218187,122.1900820086585,284.16298141548486,189.36574134267053,-19.150821769367703,234.16298141548484,1.0610775061307467,1613101613572.0,0.30325105749453846,1.0,0.30325105749453846,1.0003999706335258,488343.0,0.5677820304764907,1731.2
4655473,long,close,1751.3,-88924.0,1750.095157599269,889246.0,1141.47181012799,0.034956425894748885,0.012693998743790328,0.04765042463853921,63.960755840925664,122.21057169125305,284.21063184012337,189.4006977685653,-19.150821769367703,234.21063184012337,1.0610804945417927,1613101737632.0,0.32552665909251693,1.0,0.32552665909251693,1.0003999171796267,124060.0,0.5677933729939294,1732.8
4655919,long,close,1751.3,-88924.0,1750.095157599269,800322.0,1096.9644034919627,0.034956425894748885,0.012693998743790328,0.04765042463853921,63.973449839669456,122.23106137384761,284.2582822647619,189.43565419446006,-19.150821769367703,234.2582822647619,1.0610721114355999,1613102319473.0,0.34612372679842474,1.0,0.34612372679842474,1.000399863743855,581841.0,0.5678477682926145,1732.8
4656186,long,close,1751.3,-88924.0,1750.095157599269,711398.0,1045.9842068211792,0.034956425894748885,0.012693998743790328,0.04765042463853921,63.98614383841325,122.25155105644217,284.3059326894004,189.47061062035482,-19.150821769367703,234.30593268940044,1.061072480976449,1613102548891.0,0.3717271457663444,1.0,0.3717271457663444,1.0003998103262004,229418.0,0.5678803322942937,1734.4
4656237,long,close,1754.15,-101628.0,1750.095157599269,609770.0,977.6716595207031,0.1342328982296816,0.01448393808967306,0.14871683631935464,64.00062777650292,122.31549929605949,284.45464952571973,189.6048435185845,-19.150821769367703,234.4546495257198,1.0610904731498922,1613102586493.0,0.4029088898155159,1.0,0.4029088898155159,1.000399838670516,37602.0,0.567886552384502,1736.0
4656248,long,close,1754.65,-101628.0,1750.095157599269,508142.0,895.7427975521219,0.15074210301658,0.014479810788476334,0.16522191380505633,64.0151075872914,122.38654471899565,284.6198714395248,189.75558562160106,-19.150821769367703,234.61987143952484,1.0611113070684233,1613102593785.0,0.4427316122203015,1.0,0.4427316122203015,1.0003998802756684,7292.0,0.5678878939725862,1737.6
4656259,long,close,1755.3,-101628.0,1750.095157599269,406514.0,795.687503996942,0.17219000824647537,0.01447444881216886,0.18666445705864423,64.02958203610356,122.46681043553089,284.80653589658345,189.92777562984753,-19.150821769367703,234.80653589658348,1.0611349923440134,1613102595512.0,0.4896052435600445,1.0,0.4896052435600445,1.0003999390954217,1727.0,0.5678892355606704,1737.6
4656261,long,close,1755.4,-406514.0,1750.095157599269,0.0,0.0,0.7019565582490257,0.05789478181611029,0.759851340065136,64.08747681791968,122.7935465117589,285.5663872366486,190.62973218809657,-19.150821769367703,235.5663872366486,1.0612313744742785,1613102597639.0,1.0,1.0,1.0,1.000400459649321,2127.0,0.5678894794857766,
4686087,long,entry,1775.85,233896.0,1775.85,233896.0,565.368864068789,0.0,0.03292733057409128,0.03292733057409128,64.12040414849378,122.80770526390575,285.5993145672227,190.62973218809657,-19.150821769367703,235.5993145672227,1.0603871051795064,1613137152086.0,1.0,1.0,1.0,1.000400394132449,34554447.0,0.5715271345947026,1765.5
4686510,long,reentry,1765.5,433409.0,1769.127761818059,667305.0,1022.0097799919369,0.0,0.0613719909374115,0.0613719909374115,64.1817761394312,122.83409522000883,285.6606865581601,190.62973218809657,-19.150821769367703,235.6606865581601,1.0603940960806104,1613137179981.0,0.6797593451704727,1.0,0.6797593451704727,1.00040035152269,27895.0,0.5715787247546662,1753.6
4686708,long,close,1770.35,-95329.0,1769.127761818059,571976.0,952.5207774119219,0.03720167985155376,0.013461886067726723,0.05066356591928048,64.19523802549892,122.85588055335411,285.71135012407933,190.66693386794813,-19.150821769367703,235.7113501240794,1.0603998619565689,1613137203170.0,0.4205472544340542,1.0,0.4205472544340542,1.0004003003124438,23189.0,0.5716028733401811,1755.2
4686712,long,close,1770.35,-95329.0,1769.127761818059,476647.0,869.7315611131469,0.03720167985155376,0.013461886067726723,0.05066356591928048,64.20869991156665,122.87766588669939,285.7620136899986,190.7041355477997,-19.150821769367703,235.76201368999867,1.0604061717035065,1613137203855.0,1.0,1.0,1.0,1.0004002491184913,685.0,0.5716033611903936,1756.8
4686868,long,close,1775.4,-119161.0,1769.127761818059,357486.0,740.6406299611548,0.23795852476881088,0.016779458150275994,0.2547379829190869,64.22547936971694,122.9872032193546,286.0167516729177,190.9420940725685,-19.150821769367703,236.01675167291776,1.0604374903841944,1613137223411.0,0.5087650036073725,1.0,0.5087650036073725,1.00040036182549,19556.0,0.571622387348678,1758.4
4686931,long,close,1773.25,-357486.0,1769.127761818059,0.0,0.0,0.46974585205178526,0.05039983081911744,0.5201456828709027,64.27587920053605,123.2108658629891,286.5368973557886,191.41183992462027,-19.150821769367703,236.53689735578865,1.0605021662003764,1613137229825.0,0.5823141044658501,1.0,0.5823141044658501,1.000400687024838,6414.0,0.5716300709895237,
4686981,long,entry,1772.15,234202.0,1772.15,234202.0,564.191036877347,0.0,0.03303924611347798,0.03303924611347798,64.30891844664953,123.2250727388179,286.5699366019021,191.41183992462027,-19.150821769367703,236.56993660190213,1.0605060643595587,1613137238729.0,1.0,1.0,1.0,1.0004006215459789,8904.0,0.571636169117179,1761.6
4687243,long,close,1773.4,-234202.0,1772.15,0.0,0.0,0.09315226715201347,0.033015958046689976,0.12616822519870344,64.34193440469622,123.27932507565333,286.6961048271008,191.5049921917723,-19.150821769367703,236.69610482710084,1.0605203499441924,1613137297290.0,0.6809866631549308,1.0,0.6809866631549308,1.000400630639544,58561.0,0.5716681233060926,
4687676,long,entry,1769.95,234041.0,1769.95,234041.0,563.4902647367911,0.0,0.03305757224780361,0.03305757224780361,64.37499197694402,123.29353983171988,286.7291623993486,191.5049921917723,-19.150821769367703,236.72916239934864,1.0605190996251481,1613137518352.0,1.0,1.0,1.0,1.0004005652036223,221062.0,0.5717209330915873,1760.0
4688206,long,reentry,1760.0,433677.0,1763.4875620396635,667718.0,1018.6907912326803,0.0,0.061601846590909094,0.061601846590909094,64.43659382353492,123.32002862575398,286.7907642459395,191.5049921917723,-19.150821769367703,236.79076424593956,1.0605240589967677,1613137629834.0,0.6798259810012836,1.0,0.6798259810012836,1.0004005226224402,111482.0,0.5717855732447332,1748.8
4690377,long,close,1764.7,-95388.0,1763.4875620396635,572330.0,949.4227990098435,0.037162932942061626,0.01351334504448348,0.05067627798654511,64.45010716857941,123.34181942528821,286.84144052392605,191.54215512471436,-19.150821769367703,236.8414405239261,1.0605109010319482,1613138432036.0,0.4193508941902187,1.0,0.4193508941902187,1.000400471316816,802202.0,0.5720503539475253,1748.8
4690507,long,close,1768.75,-114466.0,1763.4875620396635,457864.0,848.22687092038,0.19311883899794335,0.01617893992932862,0.20929777892727197,64.46628610850874,123.43181747022692,287.0507383028533,191.7352739637123,-19.150821769367703,237.05073830285338,1.0605361049924167,1613138465475.0,0.46203768081715524,1.0,0.46203768081715524,1.0004005467380392,33439.0,0.5720662090794291,1750.4
4690804,long,close,1764.7,-91572.0,1763.4875620396635,366292.0,748.6839758742631,0.03567622861754589,0.012972743242477474,0.04864897186002336,64.47925885175121,123.45273652812672,287.0993872747133,191.77095019232985,-19.150821769367703,237.0993872747134,1.060539237714739,1613138585469.0,0.5192275288100777,1.0,0.5192275288100777,1.0004004937953654,119994.0,0.5721024319577014,1752.0
4690807,long,close,1764.85,-366292.0,1763.4875620396635,0.0,0.0,0.160348155600097,0.05188712921778055,0.21223528481787754,64.53114598096899,123.54399770059841,287.3116225595312,191.93129834792995,-19.150821769367703,237.31162255953126,1.06056559295382,1613138585489.0,1.0,1.0,1.0,1.0004005713694948,20.0,0.5721027978453608,
4723396,long,entry,1832.05,242773.0,1832.05,242773.0,583.2613968007088,0.0,0.033128599110286296,0.033128599110286296,64.56427458007927,123.55824299821583,287.3447511586415,191.93129834792995,-19.150821769367703,237.34475115864154,1.0602770288377548,1613150700505.0,1.0,1.0,1.0,1.0004005060370975,12115016.0,0.5760774354885173,1822.4
4723909,long,close,1833.3,-242773.0,1832.05,0.0,0.0,0.09035236761655772,0.033106011018382155,0.12345837863493989,64.59738059109765,123.61133010102887,287.46820953727644,192.0216507155465,-19.150821769367703,237.4682095372765,1.060291939507838,1613150714399.0,0.6812779252455143,1.0,0.6812779252455143,1.0004005127097158,13894.0,0.5761400022782605,
4724060,long,entry,1830.3,242673.0,1830.3,242673.0,582.7037827572489,0.0,0.033146615308965746,0.033146615308965746,64.63052720640661,123.62558314561173,287.5013561525854,192.0216507155465,-19.150821769367703,237.50135615258546,1.0602957761581802,1613150725012.0,1.0,1.0,1.0,1.0004004474206247,10613.0,0.5761584186237795,1820.7
4724283,long,close,1831.55,-242673.0,1830.3,0.0,0.0,0.09048787996223973,0.033123993338975186,0.12361187330121491,64.66365119974559,123.67873625113126,287.62496802588663,192.11213859550875,-19.150821769367703,237.6249680258867,1.060310892909263,1613150730782.0,0.6809200620100488,1.0,0.6809200620100488,1.0004004541722171,5770.0,0.5761856162731219,
4728544,long,entry,1822.6,241784.0,1822.6,241784.0,580.2526045059708,0.0,0.03316470975529464,0.03316470975529464,64.69681590950088,123.69299707632602,287.6581327356419,192.11213859550875,-19.150821769367703,237.65813273564197,1.060278214057452,1613152260217.0,1.0,1.0,1.0,1.0004003889264113,1529435.0,0.5767052987119047,1811.7
4728584,long,close,1823.85,-241784.0,1822.6,0.0,0.0,0.09091951025382762,0.033141979877731174,0.12406149013155879,64.72995788937861,123.7463435170826,287.7821942257735,192.20305810576258,-19.150821769367703,237.78219422577354,1.0602933758563684,1613152265690.0,0.6816172266085209,1.0,0.6816172266085209,1.0004003959921952,5473.0,0.576710177214029,
4754310,long,entry,1841.45,244418.0,1841.45,244418.0,586.2535358632891,0.0,0.03318281788807733,0.03318281788807733,64.76314070726669,123.76061212877447,287.81537704366156,192.20305810576258,-19.150821769367703,237.8153770436616,1.0598943753241028,1613169149305.0,1.0,1.0,1.0,1.0004003307895213,16883615.0,0.5798477858552221,1830.9
4754506,long,close,1842.75,-244418.0,1841.45,0.0,0.0,0.09363758134201253,0.03315940849274183,0.12679698983475435,64.79630011575942,123.81513483440341,287.9421740334963,192.2966956871046,-19.150821769367703,237.94217403349637,1.0599090781352627,1613169183537.0,0.6812020251429951,1.0,0.6812020251429951,1.0004003399843413,34232.0,0.5798716905156308,
4775811,long,entry,1848.45,245484.0,1848.45,245484.0,588.4829042198883,0.0,0.03320133084476183,0.03320133084476183,64.82950144660418,123.82941140666665,287.97537536434106,192.2966956871046,-19.150821769367703,237.97537536434115,1.0594097351384557,1613190583941.0,1.0,1.0,1.0,1.0004002748243326,21400404.0,0.5824701027095445,1837.7
4775948,long,close,1849.75,-245484.0,1848.45,0.0,0.0,0.09333527254641215,0.033177997026625224,0.12651326957303738,64.86267944363081,123.88381211258306,288.1018886339141,192.39003095965103,-19.150821769367703,238.10188863391417,1.0594244289445047,1613190611551.0,0.6812895533483776,1.0,0.6812895533483776,1.0004002837466732,27610.0,0.5824868115793199,
4775992,long,entry,1847.75,245527.0,1847.75,245527.0,588.2598024244035,0.0,0.0332197266946286,0.0332197266946286,64.89589917032544,123.89809659506176,288.13510836060874,192.39003095965103,-19.150821769367703,238.1351083606088,1.0594280923365975,1613190627105.0,1.0,1.0,1.0,1.0004002186292744,15554.0,0.5824921779316565,1837.7
4776050,long,close,1849.05,-245527.0,1847.75,0.0,0.0,0.0934223405597836,0.03319637110948866,0.12661871166927224,64.92909554143492,123.95254264107956,288.26172707227806,192.4834533002108,-19.150821769367703,238.26172707227806,1.0594425311110562,1613190665818.0,0.6814793825029626,1.0,0.6814793825029626,1.0004002275883317,38713.0,0.5824992517597367,
4779078,long,entry,1841.65,244852.0,1841.65,244852.0,586.3174312578882,0.0,0.033238128851844816,0.033238128851844816,64.96233367028677,123.96683503648586,288.2949652011299,192.4834533002108,-19.150821769367703,238.2949652011299,1.0593668313199276,1613194086310.0,1.0,1.0,1.0,1.0004001625134795,3420492.0,0.5828685543705403,1830.9
4779409,long,close,1842.95,-244852.0,1841.65,0.0,0.0,0.09378348301885582,0.0332146829810901,0.12699816599994593,64.99554835326786,124.02144424786584,288.4219633671299,192.57723678322967,-19.150821769367703,238.42196336712985,1.0593806656007607,1613194151778.0,0.6809504101551459,1.0,0.6809504101551459,1.0004001717261184,65468.0,0.5829089239756182,
4779670,long,entry,1839.6,244715.0,1839.6,244715.0,585.6641189343737,0.0,0.033256550337029796,0.033256550337029796,65.0288049036049,124.03574456451078,288.45521991746693,192.57723678322967,-19.150821769367703,238.45521991746688,1.0593804561600029,1613194333469.0,1.0,1.0,1.0,1.0004001066936854,181691.0,0.5829407562019787,1829.2
4780360,long,close,1840.9,-244715.0,1839.6,0.0,0.0,0.09393995423576249,0.033233065348470855,0.12717301958423333,65.06203796895336,124.090428962932,288.58239293705117,192.67117673746543,-19.150821769367703,238.5823929370511,1.0593901299826063,1613194578100.0,0.6802008797147603,1.0,0.6802008797147603,1.0004001159973368,244631.0,0.5830249103636216,
4783419,long,entry,1830.75,243673.0,1830.75,243673.0,582.8462896807747,0.0,0.033275023897309845,0.033275023897309845,65.09531299285067,124.10473722320785,288.6156679609485,192.67117673746543,-19.150821769367703,238.61566796094843,1.059310453864245,1613198177788.0,1.0,1.0,1.0,1.0004000510072775,3599688.0,0.5833979938135715,1820.7
4783492,long,close,1832.0,-243673.0,1830.75,0.0,0.0,0.09081611325685088,0.033252319868995635,0.1240684331258465,65.12856531271966,124.15808664945196,288.7397363940743,192.7619928507223,-19.150821769367703,238.73973639407427,1.059324478868057,1613198218200.0,0.681522162897779,1.0,0.681522162897779,1.0004000578099146,40412.0,0.5834068970799482,
4783565,long,entry,1830.2,243733.0,1830.2,243733.0,582.6718278664069,0.0,0.03329321932029286,0.03329321932029286,65.16185853203996,124.17240273375968,288.7730296133946,192.7619928507223,-19.150821769367703,238.77302961339456,1.05932783917587,1613198246358.0,1.0,1.0,1.0,1.0003999928628124,28158.0,0.5834158003463249,1820.7
4784246,long,reentry,1820.7,451637.0,1824.029829443318,695370.0,1053.5346839687315,0.0,0.06201419783599715,0.06201419783599715,65.22387272987595,124.19906883882916,288.8350438112306,192.7619928507223,-19.150821769367703,238.83504381123055,1.059333313165004,1613198332551.0,0.6799649422643522,1.0,0.6799649422643522,1.0003999506240175,86193.0,0.5834988568449897,1808.4
4784540,long,close,1825.3,-99338.0,1824.029829443318,596032.0,981.8863677787014,0.03789756121719247,0.013605708650632773,0.05150326986782524,65.23747843852658,124.22121524487231,288.8865470810984,192.7998904119395,-19.150821769367703,238.88654708109837,1.0593386754228902,1613198368938.0,0.42051391107575065,1.0,0.42051391107575065,1.000399900097145,36387.0,0.5835347138356027,1810.05
4784626,long,close,1825.3,-99338.0,1824.029829443318,496694.0,896.5276513188223,0.03789756121719247,0.013605708650632773,0.05150326986782524,65.25108414717721,124.24336165091546,288.9380503509662,192.83778797315668,-19.150821769367703,238.9380503509662,1.0593438698499538,1613198412497.0,0.4613307176987594,1.0,0.4613307176987594,1.0003998495860587,43559.0,0.5835452026151698,1810.05
4784843,long,close,1830.5,-124173.0,1824.029829443318,372521.0,763.4365034754989,0.24062526947219567,0.01695889101338432,0.25758416048557997,65.2680430381906,124.35412283992426,289.1956345114518,193.07841324262887,-19.150821769367703,239.19563451145177,1.0593728553060262,1613198500170.0,0.5088999746274698,1.0,0.5088999746274698,1.0003999615740848,87673.0,0.5835716684891937,1811.7
4784851,long,close,1830.7,-372521.0,1824.029829443318,0.0,0.0,0.7441124676704234,0.05087138799366363,0.794983855664087,65.31891442618426,124.69596589785982,289.99061836711587,193.8225257102993,-19.150821769367703,239.99061836711587,1.0594683415948465,1613198503988.0,0.5829697083137144,1.0,0.5829697083137144,1.0004004960237254,3818.0,0.5835726441896186,
4785657,long,entry,1822.6,243773.0,1822.6,243773.0,580.2532304584655,0.0,0.03343753429167124,0.03343753429167124,65.35235196047593,124.71034403760525,290.02405590140756,193.8225257102993,-19.150821769367703,240.02405590140754,1.0594611341532143,1613198986107.0,1.0,1.0,1.0,1.0004004310656065,482119.0,0.5836709460074216,1811.7
4786503,long,reentry,1811.7,451711.0,1815.5205418097325,695484.0,1048.8568554643484,0.0,0.06233247778329746,0.06233247778329746,65.41468443825923,124.73714700305206,290.08638837919085,193.8225257102993,-19.150821769367703,240.08638837919082,1.0594633499111425,1613199212339.0,0.6797100817164101,1.0,0.6797100817164101,1.0004003888236863,226232.0,0.5837741263273489,1800.15
4789262,long,reentry,1800.15,1288731.0,1805.5375038239306,1984215.0,1458.2015765760066,0.0,0.17897550204149654,0.17897550204149654,65.59365994030072,124.81410646892991,290.26536388123236,193.8225257102993,-19.150821769367703,240.26536388123233,1.059469631084802,1613199864925.0,0.417334117291068,1.0,0.417334117291068,1.0004004381204887,652586.0,0.5841106210113671,1775.4
4789934,long,close,1806.8,-104432.0,1805.5375038239306,1879783.0,1441.0751066994533,0.04041541763897605,0.014449856099180872,0.05486527373815692,65.6081097963999,124.83769853663733,290.32022915497055,193.86294112793826,-19.150821769367703,240.3202291549705,1.0594735927668193,1613199977323.0,0.18812895909136093,1.0,0.18812895909136093,1.0004003899996832,112398.0,0.5841925798470541,1775.4
4789998,long,close,1807.95,-104432.0,1805.5375038239306,1775351.0,1422.3618182560067,0.0771804487826662,0.01444066484139495,0.09162111362406114,65.6225504612413,124.87709561549568,290.4118502685946,193.9401215767209,-19.150821769367703,240.41185026859455,1.0594832456068077,1613200034354.0,0.20241581431289943,1.0,0.20241581431289943,1.0004003707033915,57031.0,0.5842003854504528,1777.05
4790241,long,close,1806.8,-98630.0,1805.5375038239306,1676721.0,1403.1110768992548,0.038170030658535775,0.013647055567854772,0.051817086226390544,65.63619751680916,124.89937696257302,290.463667354821,193.97829160737945,-19.150821769367703,240.46366735482093,1.0594865451107054,1613200159339.0,0.21113567662793226,1.0,0.21113567662793226,1.0004003202099634,124985.0,0.5842300223508575,1778.7
4790265,long,close,1808.1,-104795.0,1805.5375038239306,1571926.0,1380.6363942739383,0.08225737155022886,0.014489657651678558,0.09674702920190742,65.65068717446084,124.94097818512984,290.56041438402286,194.0605489789297,-19.150821769367703,240.56041438402283,1.059497890002504,1613200169778.0,0.22357796702030558,1.0,0.22357796702030558,1.0004003049166803,10439.0,0.584232949452132,1780.35
4790301,long,close,1809.55,-112280.0,1805.5375038239306,1459646.0,1353.882187708632,0.1378922741008189,0.015512143903180349,0.15340441800399923,65.66619931836402,125.00694208487155,290.7138188020269,194.1984412530305,-19.150821769367703,240.71381880202682,1.05951575318208,1613200191386.0,0.2364370244316355,1.0,0.2364370244316355,1.0004003339406522,21608.0,0.5842373401040438,1780.35
4790305,long,close,1809.75,-112280.0,1805.5375038239306,1347366.0,1323.9416007389439,0.14474941742036118,0.015510429617350463,0.16025984703771165,65.68170974798137,125.07585381909777,290.8740786490646,194.34319067045087,-19.150821769367703,240.87407864906453,1.059534863371888,1613200194249.0,0.2518954619651156,1.0,0.2518954619651156,1.0004003682479803,2863.0,0.5842378279542563,1782.0
4790345,long,close,1811.55,-122487.0,1805.5375038239306,1224879.0,1286.8525461323804,0.22515830563880132,0.01690361844829014,0.24206192408709146,65.69861336642967,125.1799404464552,291.11614057315165,194.56834897608968,-19.150821769367703,241.11614057315163,1.0595634975422838,1613200207631.0,0.26852034545764036,1.0,0.26852034545764036,1.0004004663676678,13382.0,0.5842427064563804,1783.65
4790350,long,close,1811.95,-122487.0,1805.5375038239306,1102392.0,1244.2291959022054,0.24008464991832618,0.01689988686222026,0.25698453678054645,65.71551325329189,125.29044379727085,291.37312510993223,194.808433626008,-19.150821769367703,241.37312510993218,1.0595941725078926,1613200208912.0,1.0,1.0,1.0,1.000400575927654,1281.0,0.5842433162691459,1785.3
4790367,long,close,1812.95,-137799.0,1805.5375038239306,964593.0,1187.9537025619582,0.3120457038581153,0.019002040872610936,0.33104774473072623,65.7345152941645,125.43279432750509,291.704172854663,195.1204793298661,-19.150821769367703,241.70417285466291,1.059633653608282,1613200210382.0,1.0,1.0,1.0,1.0004007429694841,1470.0,0.5842453896325488,1786.95
4790381,long,close,1813.65,-137799.0,1805.5375038239306,826794.0,1120.3435345555968,0.3413819674389176,0.018994706806715736,0.3603766742456333,65.75351000097122,125.58775629743072,292.0645495289086,195.461861297305,-19.150821769367703,242.06454952890854,1.0596765251889146,1613200214466.0,0.34473995280511976,1.0,0.34473995280511976,1.0004009324601506,4084.0,0.5842470971082923,1788.6
4790429,long,close,1815.6,-165358.0,1805.5375038239306,661436.0,1018.7135355414609,0.507579707702667,0.022769057061026658,0.5303487647636936,65.77627905803224,125.81580626627913,292.5948982936724,195.96944100500767,-19.150821769367703,242.59489829367223,1.0597392990365497,1613200230092.0,0.38215213447548846,1.0,0.38215213447548846,1.0004012535159128,15626.0,0.5842529513108413,1790.25
4790465,long,close,1817.05,-165359.0,1805.5375038239306,496077.0,884.8079595335591,0.5802617512179411,0.02275102501307064,0.6030127762310118,65.79903008304531,126.07510176005846,293.1979110699034,196.5497027562256,-19.150821769367703,243.19791106990326,1.059810769270097,1613200237991.0,0.43877170727407605,1.0,0.43877170727407605,1.000401629971108,7899.0,0.5842573419627531,1791.9
4790485,long,close,1817.05,-165359.0,1805.5375038239306,330718.0,700.6207136553975,0.5802617512179411,0.02275102501307064,0.6030127762310118,65.82178110805837,126.3343972538378,293.8009238461344,197.12996450744353,-19.150821769367703,243.80092384613428,1.0598822294844916,1613200240221.0,0.5126099154271461,1.0,0.5126099154271461,1.0004020052951392,2230.0,0.5842597812138153,1793.55
4790514,long,close,1815.85,-330718.0,1805.5375038239306,0.0,0.0,1.0402438316891252,0.04553211994382796,1.085775951632953,65.8673132280022,126.80128091303995,294.88669979776733,198.17020833913267,-19.150821769367703,244.88669979776722,1.060010381870304,1613200251064.0,0.6141531481135603,1.0,0.6141531481135603,1.000402751427187,10843.0,0.5842633181278553,
4800499,long,entry,1805.25,245529.0,1805.25,245529.0,574.7295574342252,0.0,0.034002077274615704,0.034002077274615704,65.90131530527682,126.81590180626804,294.92070187504197,198.17020833913267,-19.150821769367703,244.92070187504183,1.059797493477138,1613209521126.0,1.0,1.0,1.0,1.0004026862077773,9270062.0,0.5854811142206141,1795.2
4800702,long,close,1806.5,-245529.0,1805.25,0.0,0.0,0.09411037164301128,0.03397854968170495,0.12808892132471622,65.93529385495853,126.87098004243768,295.0487907963667,198.26431871077568,-19.150821769367703,245.04879079636655,1.059810823720711,1613209595308.0,0.6813342810378281,1.0,0.6813342810378281,1.0004026933816883,74182.0,0.5855058726188946,
4802399,long,entry,1800.7,245044.0,1800.7,245044.0,573.2797311446956,0.0,0.03402065863275393,0.03402065863275393,65.96931451359129,126.88560892564976,295.08281145499944,198.26431871077568,-19.150821769367703,245.0828114549993,1.0597965508000673,1613210379073.0,1.0,1.0,1.0,1.0004026282049392,783765.0,0.5857128430715147,1790.25
4802774,long,close,1801.95,-245044.0,1800.7,0.0,0.0,0.09439956334181446,0.03399705874191848,0.12839662208373293,66.0033115723332,126.94081947314578,295.2112080770832,198.3587182741175,-19.150821769367703,245.21120807708303,1.0598100411722833,1613210447396.0,0.6808019314339111,1.0,0.6808019314339111,1.0004026355710485,68323.0,0.5857585790289292,
4802945,long,entry,1798.8,244920.0,1798.8,244920.0,572.6745289161307,0.0,0.0340393595730487,0.0340393595730487,66.03735093190625,126.95545639776219,295.24524743665626,198.3587182741175,-19.150821769367703,245.2452474366561,1.0598129504494707,1613210494078.0,1.0,1.0,1.0,1.000402570436931,46682.0,0.5857794346255103,1788.6
4803922,long,reentry,1788.6,453836.0,1792.1751879053631,698756.0,1035.2763131523327,0.0,0.06343452979984346,0.06343452979984346,66.1007854617061,126.98273324557613,295.3086819664561,198.3587182741175,-19.150821769367703,245.30868196645594,1.0598155711331365,1613210701162.0,0.6798107243766567,1.0,0.6798107243766567,1.0004025278957207,207084.0,0.5858985920398945,1777.05
4804855,long,close,1793.4,-99822.0,1792.1751879053631,598934.0,964.8820307739953,0.03803978971196745,0.013915189026430243,0.05195497873839769,66.11470065073253,127.00507388643362,295.36063694519447,198.39675806382948,-19.150821769367703,245.36063694519433,1.059818664898468,1613210830066.0,0.4190368613062106,1.0,0.4190368613062106,1.0004024765547426,128904.0,0.5860123831019419,1778.7
4805702,long,reentry,1778.7,1109824.0,1783.423166295585,1708758.0,1390.6226211646567,0.0,0.15598808118288637,0.15598808118288637,66.27068873191541,127.07214876134226,295.51662502637737,198.39675806382948,-19.150821769367703,245.51662502637723,1.0598329287909662,1613211003318.0,0.4575200119337727,1.0,0.4575200119337727,1.000402505012971,173252.0,0.5861156853844223,1757.25
4807380,long,close,1784.65,-94931.0,1783.423166295585,1613827.0,1371.1802856386764,0.03659201239687058,0.013298265766396773,0.049890278163267354,66.28398699768181,127.09360158095248,295.56651530454064,198.43335007622636,-19.150821769367703,245.5665153045405,1.0598293900628162,1613211406109.0,0.21480329682128863,1.0,0.21480329682128863,1.0004024520898793,402791.0,0.5863203385485334,1757.25
4807403,long,close,1785.95,-100864.0,1783.423166295585,1512963.0,1348.5059023971603,0.08001826830253195,0.014119096279291133,0.09413736458182308,66.2981060939611,127.13408064772266,295.66065266912244,198.51336834452889,-19.150821769367703,245.66065266912233,1.0598403187886634,1613211410758.0,0.2317026471459201,1.0,0.2317026471459201,1.000402433082059,4649.0,0.5863231436872548,1758.9
4807407,long,close,1786.0,-100864.0,1783.423166295585,1412099.0,1323.4915882053333,0.08159935411207803,0.014118701007838746,0.09571805511991677,66.31222479496894,127.1752394114242,295.75637072424234,198.59496769864097,-19.150821769367703,245.75637072424223,1.059851518765832,1613211411571.0,1.0,1.0,1.0,1.0004024152701043,813.0,0.5863236315374672,1760.55
4807440,long,close,1787.8,-117674.0,1783.423166295585,1294425.0,1290.754727830273,0.16153521936304754,0.01645514039601745,0.177990359759065,66.32867993536496,127.2517752661206,295.9343610840014,198.75650291800403,-19.150821769367703,245.9343610840013,1.0598721217466511,1613211422271.0,0.25923287257978156,1.0,0.25923287257978156,1.0004024603886796,10700.0,0.5863276563017198,1760.55
4807444,long,close,1788.05,-117675.0,1783.423166295585,1176750.0,1253.5340624232426,0.1707395116096327,0.016452979502810328,0.18719249111244302,66.34513291486778,127.33226803729893,296.1215535751138,198.92724242961367,-19.150821769367703,246.12155357511375,1.0598940278630749,1613211422758.0,1.0,1.0,1.0,1.0004025124385656,487.0,0.5863281441519321,1762.2
4807452,long,close,1788.35,-117675.0,1783.423166295585,1059075.0,1210.8427830625706,0.18177961863754646,0.016450219476053345,0.19822983811359982,66.36158313434383,127.41750686768779,296.3197834132274,199.1090220482512,-19.150821769367703,246.31978341322736,1.059917188213799,1613211424250.0,0.29893791425114363,1.0,0.29893791425114363,1.000402572803295,1492.0,0.586329119852357,1763.85
4807461,long,close,1788.7,-117675.0,1783.423166295585,941400.0,1161.3824489353644,0.19465506296385962,0.016447000614971768,0.21110206357883138,66.3780301349588,127.50828075502669,296.53088547680625,199.30367711121505,-19.150821769367703,246.5308854768062,1.0599418596062853,1613211424827.0,0.32298418615455937,1.0,0.32298418615455937,1.0004026428603345,577.0,0.586330217515335,1765.5
4807521,long,close,1786.9,-104600.0,1783.423166295585,836800.0,1110.44397849569,0.11411978663599702,0.014634282836196765,0.12875406947219378,66.392664417795,127.56364500489974,296.65963954627847,199.41779689785105,-19.150821769367703,246.65963954627838,1.059956643744743,1613211436092.0,0.34976627907991464,1.0,0.34976627907991464,1.0004026499952776,11265.0,0.5863375352685213,1767.15
4807527,long,close,1787.2,-104600.0,1783.423166295585,732200.0,1051.1520870788308,0.12394584941768286,0.014631826320501343,0.1385776757381842,66.4072962441155,127.62323340546716,296.79821722201666,199.54174274726873,-19.150821769367703,246.79821722201658,1.0599728155763133,1613211436794.0,0.37858139371796073,1.0,0.37858139371796073,1.0004026645691368,702.0,0.58633826704384,1767.15
4807535,long,close,1788.05,-122033.0,1783.423166295585,610167.0,968.3689365373565,0.17706271357772088,0.017062302508319117,0.19412501608604,66.42435854662382,127.70670716238413,296.99234223810265,199.71880546084645,-19.150821769367703,246.99234223810262,1.05999541786049,1613211439469.0,0.411893536756186,1.0,0.411893536756186,1.0004027213754219,2675.0,0.5863392427442647,1768.8
4807625,long,close,1788.7,-122033.0,1783.423166295585,488134.0,866.0216208381593,0.201863958348576,0.017056102197126402,0.2189200605457024,66.44141464882095,127.80084278841878,297.2112622986483,199.92066941919504,-19.150821769367703,247.21126229864834,1.0600200966662372,1613211476402.0,0.4578001475154779,1.0,0.4578001475154779,1.0004027969168465,36933.0,0.5863502193740443,1770.45
4807750,long,close,1789.75,-122033.0,1783.423166295585,366101.0,736.259621148442,0.24188945309808424,0.01704609582343903,0.25893554892152326,66.4584607446444,127.91218507445504,297.47019784756986,200.16255887229312,-19.150821769367703,247.47019784756986,1.0600488311774354,1613211538499.0,0.5155259316728711,1.0,0.5155259316728711,1.0004029027019443,62097.0,0.5863654646931825,1772.1
4807751,long,close,1789.8,-366101.0,1783.423166295585,0.0,0.0,0.7313867684589999,0.05113713822773495,0.7825239066867348,66.50959788287213,128.24867035433033,298.2527217542566,200.89394564075212,-19.150821769367703,248.2527217542566,1.0601398656266434,1613211540111.0,1.0,1.0,1.0,1.0004034052351882,1612.0,0.5863655866557356,
4810653,long,entry,1776.05,244314.0,1776.05,244314.0,565.431928864742,0.0,0.034390079108133215,0.034390079108133215,66.54398796198026,128.26345808834682,298.2871118333647,200.89394564075212,-19.150821769367703,248.28711183336475,1.0601021170576048,1613213322724.0,1.0,1.0,1.0,1.0004033401772623,1782613.0,0.5867195219848479,1765.5
4810809,long,close,1777.3,-244314.0,1776.05,0.0,0.0,0.09674809854311182,0.03436589208349744,0.13111399062660928,66.57835385406376,128.31983710431626,298.4182258239913,200.99069373929524,-19.150821769367703,248.41822582399135,1.0601161441730746,1613213373865.0,0.681482689913958,1.0,0.681482689913958,1.00040334835232,51141.0,0.5867385481431323,
4810846,long,entry,1775.4,244360.0,1775.4,244360.0,565.2248178062742,0.0,0.03440914723442604,0.03440914723442604,66.61276300129819,128.33463303762707,298.45263497122573,200.99069373929524,-19.150821769367703,248.45263497122576,1.0601196785039877,1613213393512.0,1.0,1.0,1.0,1.0004032833365888,19647.0,0.5867430607575972,1765.5
4811304,long,reentry,1765.5,452799.0,1768.9700319439326,697159.0,1021.8445408006362,0.0,0.0641176720475786,0.0641176720475786,66.67688067334576,128.36220363660752,298.5167526432733,200.99069373929524,-19.150821769367703,248.51675264327335,1.0601263783504535,1613213425195.0,0.6798409369813507,1.0,0.6798409369813507,1.0004032408123504,31683.0,0.5867989196069195,1753.6
4811507,long,close,1770.2,-99594.0,1768.9700319439326,597565.0,952.3602442967442,0.0391186803522917,0.014065359846345046,0.05318404019863675,66.6909460331921,128.38507277389297,298.569936683472,201.02981241964753,-19.150821769367703,248.56993668347198,1.0601320001095957,1613213448669.0,0.42080513487281496,1.0,0.42080513487281496,1.0004031900329369,23474.0,0.5868236780052,1755.2
4811754,long,close,1770.2,-99594.0,1768.9700319439326,497971.0,869.5778312294252,0.0391186803522917,0.014065359846345046,0.05318404019863675,66.70501139303845,128.4079419111784,298.6231207236707,201.06893109999982,-19.150821769367703,248.6231207236706,1.0601368634716537,1613213504483.0,0.46093833458043576,1.0,0.46093833458043576,1.0004031392692714,55814.0,0.5868538027558171,1756.8
4811822,long,close,1775.25,-124492.0,1768.9700319439326,373479.0,740.5004121813446,0.2489538699925621,0.01753161526545557,0.2664854852580177,66.7225430083039,128.52253066983937,298.88960620892874,201.31788496999238,-19.150821769367703,248.88960620892863,1.0601674632873646,1613213517300.0,0.5089211739492163,1.0,0.5089211739492163,1.0004032495560324,12817.0,0.5868620962094282,1756.8
4811824,long,close,1775.35,-373479.0,1768.9700319439326,0.0,0.0,0.7587177274304335,0.05259230574252965,0.8113100331729631,66.77513531404644,128.87139398410372,299.7009162421017,202.0766026974228,-19.150821769367703,249.70091624210158,1.0602613726805639,1613213517343.0,1.0,1.0,1.0,1.0004037699571047,43.0,0.5868623401345344,
4811910,long,entry,1770.9,244789.0,1770.9,244789.0,563.7932801009881,0.0,0.03455714608391213,0.03455714608391213,66.80969246013035,128.8862535569198,299.7354733881856,202.0766026974228,-19.150821769367703,249.73547338818548,1.0602650548418895,1613213530657.0,1.0,1.0,1.0,1.000403704934318,13314.0,0.5868728289141015,1761.6
4812194,long,close,1772.15,-244789.0,1770.9,0.0,0.0,0.09750062377312696,0.03453277092796885,0.13203339470109582,66.84422523105832,128.94302791664126,299.86750678288666,202.17410332119593,-19.150821769367703,249.86750678288658,1.060276926512848,1613213674940.0,0.6810943604836314,1.0,0.6810943604836314,1.000403713225016,144283.0,0.5869074662791836,
4813517,long,entry,1767.05,244392.0,1767.05,244392.0,562.5666340869085,0.0,0.03457627118644068,0.03457627118644068,66.87880150224476,128.95789571325145,299.9020830540731,202.17410332119593,-19.150821769367703,249.90208305407302,1.060271188716286,1613214089664.0,1.0,1.0,1.0,1.0004036482442467,414724.0,0.5870688227369422,1756.8
4813746,long,close,1768.3,-244392.0,1767.05,0.0,0.0,0.09776698293966327,0.03455182944070577,0.13231881238036902,66.91335333168546,129.014792802575,300.0344018664535,202.2718703041356,-19.150821769367703,250.03440186645338,1.0602850723362591,1613214149137.0,0.6811660097554997,1.0,0.6811660097554997,1.0004036567032026,59473.0,0.5870967521616033,
4841550,long,entry,1791.65,247933.0,1791.65,247933.0,570.3996504132439,0.0,0.034595624145340884,0.034595624145340884,66.9479489558308,129.0296689209575,300.06899749059886,202.2718703041356,-19.150821769367703,250.06899749059872,1.0597948226973521,1613235382116.0,1.0,1.0,1.0,1.00040359176451,21232979.0,0.5904877989881498,1782.0
4842268,long,close,1792.9,-247933.0,1791.65,0.0,0.0,0.09647951404245611,0.034571504266830276,0.1310510183092864,66.98252046009763,129.0860208588305,300.20004850890814,202.36834981817805,-19.150821769367703,250.200048508908,1.059806490353501,1613235526301.0,0.6801885843327947,1.0,0.6801885843327947,1.0004035992260067,144185.0,0.5905753681012796,
4842505,long,entry,1788.25,247599.0,1788.25,247599.0,569.317014635131,0.0,0.03461470711589543,0.03461470711589543,67.01713516721352,129.10090518289033,300.23466321602405,202.36834981817805,-19.150821769367703,250.2346632160239,1.0598079333643138,1613235635303.0,1.0,1.0,1.0,1.0004035343294737,109002.0,0.5906042732263657,1778.7
4842598,long,close,1789.5,-247599.0,1788.25,0.0,0.0,0.09671614170409513,0.034590528080469404,0.13130666978456454,67.051725695294,129.1573670508977,300.3659698858086,202.46506595988214,-19.150821769367703,250.36596988580848,1.0598221739679496,1613235668910.0,0.6813672787826327,1.0,0.6813672787826327,1.0004035419379123,33607.0,0.5906156157438045,
4873562,long,entry,1813.25,251199.0,1813.25,251199.0,577.275782313687,0.0,0.03463380670067558,0.03463380670067558,67.08635950199468,129.172259587779,300.4006036925093,202.46506595988214,-19.150821769367703,250.40060369250915,1.0590080866214524,1613271578726.0,1.0,1.0,1.0,1.000403477083447,35909816.0,0.5943920642381646,1803.45
4873586,long,close,1814.5,-251199.0,1813.25,0.0,0.0,0.09543622678607615,0.03460994764397905,0.1300461744300552,67.12096944963866,129.22817944278393,300.53064986693937,202.5605021866682,-19.150821769367703,250.5306498669392,1.059022266931759,1613271599875.0,0.6816084152480905,1.0,0.6816084152480905,1.000403483703251,21149.0,0.5943949913394391,
4875073,long,entry,1809.85,250865.0,1809.85,250865.0,576.1926347579241,0.0,0.034652733651960116,0.034652733651960116,67.15562218329063,129.24308011825428,300.56530260059134,202.5605021866682,-19.150821769367703,250.56530260059117,1.0589889428101151,1613273257270.0,1.0,1.0,1.0,1.0004034188910063,1657395.0,0.594576349655907,1800.15
4875271,long,close,1811.1,-250865.0,1809.85,0.0,0.0,0.09566764301242263,0.034628816741207005,0.13029645975362963,67.19025100003184,129.29910759594833,300.69559906034493,202.65616982968064,-19.150821769367703,250.6955990603448,1.059001528684435,1613273349933.0,0.6811947687177778,1.0,0.6811947687177778,1.0004034256547918,92663.0,0.5946004982414219,
4898996,long,entry,1822.1,252702.0,1822.1,252702.0,580.0932286927651,0.0,0.034671807255364694,0.034671807255364694,67.2249228072872,129.31401647306814,300.7302708676003,202.65616982968064,-19.150821769367703,250.73027086760015,1.0582722231616934,1613306415269.0,1.0,1.0,1.0,1.0004033608847747,33065336.0,0.597494059813851,1811.7
4899011,long,close,1823.35,-252702.0,1822.1,0.0,0.0,0.09507721297435723,0.034648037952121104,0.12972525092647832,67.25957084523932,129.36979833096652,300.8599961185268,202.751247042655,-19.150821769367703,250.85999611852662,1.0582866304763405,1613306415280.0,0.6815299320929097,1.0,0.6815299320929097,1.0004033671782973,11.0,0.5974958892521476,
4899028,long,entry,1822.0,252826.0,1822.0,252826.0,580.0609465878675,0.0,0.034690724478594955,0.034690724478594955,67.29426156971792,129.3847153424923,300.8946868430054,202.751247042655,-19.150821769367703,250.89468684300522,1.058290482017784,1613306415292.0,1.0,1.0,1.0,1.0004033024504964,12.0,0.5974979626155503,1811.7
4899069,long,close,1823.25,-252826.0,1822.0,0.0,0.0,0.09513430543972959,0.03466694090223502,0.1298012463419646,67.32892851062016,129.44052987841937,301.02448808934736,202.84638134809472,-19.150821769367703,251.0244880893472,1.0583046254085176,1613306427385.0,0.6814864527425707,1.0,0.6814864527425707,1.0004033087581028,12093.0,0.5975029630802277,
4899137,long,entry,1821.65,252916.0,1821.65,252916.0,579.9500940428092,0.0,0.034709741168720665,0.034709741168720665,67.36363825178888,129.45545506712193,301.0591978305161,202.84638134809472,-19.150821769367703,251.0591978305159,1.0583080613625444,1613306446365.0,1.0,1.0,1.0,1.0004032440725337,18980.0,0.5975112565338389,1811.7
4899818,long,close,1822.9,-252916.0,1821.65,0.0,0.0,0.0952047319345969,0.03468593998573701,0.1298906719203339,67.39832419177462,129.51130805604768,301.18908850243645,202.9415860800293,-19.150821769367703,251.18908850243622,1.0583164161395078,1613306722681.0,0.6805738631621452,1.0,0.6805738631621452,1.000403250404179,276316.0,0.5975943130325038,
4900090,long,entry,1818.3,252589.0,1818.3,252589.0,578.8836813554202,0.0,0.03472873013254139,0.03472873013254139,67.43305292190716,129.52624141000467,301.223817232569,202.9415860800293,-19.150821769367703,251.22381723256876,1.0583162195290907,1613306907411.0,1.0,1.0,1.0,1.0004031857607592,184730.0,0.5976274868469484,1808.4
4900960,long,reentry,1808.4,468047.0,1811.8700335536942,720636.0,1046.587423525202,0.0,0.06470457310329573,0.06470457310329573,67.49775749501046,129.5540643764391,301.2885218056723,202.9415860800293,-19.150821769367703,251.28852180567205,1.0583167510348648,1613307210560.0,0.6798829422648158,1.0,0.6798829422648158,1.0004031434811673,303149.0,0.5977335942681503,1796.85
4901202,long,close,1813.15,-102948.0,1811.8700335536942,617688.0,975.41643985395,0.040110282639224844,0.014194633648622562,0.05430491628784741,67.51195212865909,129.57741549044286,301.34282672196014,202.98169636266854,-19.150821769367703,251.34282672195988,1.0583221432807521,1613307239176.0,0.4197070092178193,1.0,0.4197070092178193,1.000403093464098,28616.0,0.5977631092060018,1796.85
4901424,long,close,1813.15,-102948.0,1811.8700335536942,514740.0,890.6252916601194,0.040110282639224844,0.014194633648622562,0.05430491628784741,67.52614676230772,129.60076660444662,301.39713163824797,203.02180664530778,-19.150821769367703,251.3971316382477,1.0583249510388746,1613307385684.0,0.4614083322636316,1.0,0.4614083322636316,1.000403043462183,146508.0,0.5977901848927912,1798.5
4901683,long,close,1813.15,-102948.0,1811.8700335536942,411792.0,787.890495021993,0.040110282639224844,0.014194633648622562,0.05430491628784741,67.54034139595635,129.6241177184504,301.4514365545358,203.061916927947,-19.150821769367703,251.45143655453555,1.058326628625891,1613307583709.0,0.508661191261347,1.0,0.508661191261347,1.0004029934754142,198025.0,0.5978217731940456,1800.15
4901684,long,close,1813.2,-411792.0,1811.8700335536942,0.0,0.0,0.16670392943117432,0.05677696889477167,0.22348089832594598,67.59711836485111,129.72021450473054,301.67491745286173,203.2286208573782,-19.150821769367703,251.6749174528615,1.058351375090819,1613307583773.0,1.0,1.0,1.0,1.0004030693271897,64.0,0.5978218951565987,
4903986,long,entry,1808.05,251570.0,1808.05,251570.0,575.6200255258373,0.0,0.034784712812145686,0.034784712812145686,67.63190307766325,129.73517193123976,301.7097021656739,203.2286208573782,-19.150821769367703,251.70970216567366,1.05829457156675,1613310353494.0,1.0,1.0,1.0,1.0004030048112904,2769721.0,0.5981026529538477,1798.5
4904045,long,close,1809.3,-251570.0,1808.05,0.0,0.0,0.09612754328232258,0.0347606809263251,0.13088822420864768,67.66666375858958,129.79145386764947,301.8405903898825,203.32474840066052,-19.150821769367703,251.84059038988232,1.0583089723805545,1613310356610.0,0.6813440957009316,1.0,0.6813440957009316,1.0004030117177094,3116.0,0.5981098487444809,
4904207,long,entry,1807.35,251611.0,1807.35,251611.0,575.3976340379534,0.0,0.03480385647494951,0.03480385647494951,67.70146761506453,129.80641952593368,301.8753942463574,203.32474840066052,-19.150821769367703,251.87539424635727,1.058310200572998,1613310476258.0,1.0,1.0,1.0,1.0004029472436637,119648.0,0.598129606678084,1796.85
4904751,long,reentry,1796.85,466235.0,1800.530337426133,717846.0,1040.1456530023431,0.0,0.06486838077747169,0.06486838077747169,67.766335995842,129.834312929668,301.94026262713487,203.32474840066052,-19.150821769367703,251.94026262713476,1.0583147601511866,1613310595432.0,0.6797653416974881,1.0,0.6797653416974881,1.0004029051109815,119174.0,0.5981959543069734,1785.3
4905152,long,close,1801.8,-102549.0,1800.530337426133,615297.0,969.421980808889,0.04013402546185124,0.01422868797868798,0.05436271344053922,67.78056468382069,129.85768889644743,301.9946253405754,203.36488242612236,-19.150821769367703,251.99462534057528,1.0583182254107675,1613310711501.0,0.42093491830071367,1.0,0.42093491830071367,1.0004028551926536,116069.0,0.5982448612907687,1786.95
4905252,long,close,1805.9,-123059.0,1800.530337426133,492238.0,866.1008295746204,0.2032199013078812,0.01703568857633313,0.22025558988421434,67.79760037239701,129.95239880009763,302.2148809304596,203.56810232743024,-19.150821769367703,252.2148809304595,1.0583416858713184,1613310750719.0,0.4620150499132113,1.0,0.4620150499132113,1.0004029282843874,39218.0,0.5982570575460793,1786.95
4905297,long,close,1806.9,-123059.0,1800.530337426133,369179.0,735.4037041478549,0.24093242236899262,0.01702626044606785,0.25795868281506046,67.81462663284309,130.06332103370812,302.4728396132747,203.80903474979922,-19.150821769367703,252.47283961327454,1.0583695390176262,1613310778411.0,0.5204048786895064,1.0,0.5204048786895064,1.000403029141958,27692.0,0.598262545860969,1788.6
4905298,long,close,1806.95,-369179.0,1800.530337426133,0.0,0.0,0.7284548044627929,0.05107764464982429,0.7795324491126172,67.86570427749291,130.39851998682653,303.2523720623873,204.537489554262,-19.150821769367703,253.25237206238717,1.0584553966210992,1613310778496.0,1.0,1.0,1.0,1.0004035152230728,85.0,0.5982626678235221,
4907288,long,entry,1799.1,251634.0,1799.1,251634.0,572.7712038302785,0.0,0.0349666499916625,0.0349666499916625,67.90067092748457,130.41355564632295,303.2873387123789,204.537489554262,-19.150821769367703,253.28733871237884,1.0584235364467782,1613312407228.0,1.0,1.0,1.0,1.0004034507228956,1628732.0,0.5985053733042022,1788.6
4908472,long,reentry,1788.6,466277.0,1792.280340599322,717911.0,1035.3872892735299,0.0,0.06517345968914234,0.06517345968914234,67.96584438717372,130.44158023398927,303.3525121720681,204.537489554262,-19.150821769367703,253.35251217206797,1.0584203359603834,1613312880283.0,0.6797566722594959,1.0,0.6797566722594959,1.0004034085353457,473055.0,0.5986497769670791,1777.05
4908757,long,close,1793.5,-102558.0,1792.280340599322,615353.0,964.9901160122953,0.038913544272022677,0.014295790354056315,0.05320933462607899,67.98014017752777,130.4644602478785,303.4057215066942,204.57640309853403,-19.150821769367703,253.40572150669405,1.0584251417997022,1613312927774.0,0.4201622438476018,1.0,0.4201622438476018,1.0004033575332842,47491.0,0.5986845362947142,1778.7
4908942,long,close,1797.6,-123070.0,1792.280340599322,492283.0,862.1440036129103,0.20320623388191955,0.017115876724521584,0.22032211060644113,67.99725605425229,130.55919875543927,303.62604361730064,204.77960933241596,-19.150821769367703,253.6260436173005,1.058447571283023,1613313008389.0,0.46202641616039286,1.0,0.46202641616039286,1.0004034297054094,80615.0,0.5987070993670387,1778.7
4908985,long,close,1798.65,-123070.0,1792.280340599322,369213.0,732.0439691216353,0.24317325483819424,0.017105884969282517,0.26027913980747674,68.01436193922157,130.6711187855565,303.88632275710813,205.02278258725414,-19.150821769367703,253.88632275710796,1.0584758841853072,1613313019727.0,0.52023149492882,1.0,0.52023149492882,1.000403531136955,11338.0,0.5987123437568223,1780.35
4908993,long,close,1798.75,-369213.0,1792.280340599322,0.0,0.0,0.7409376331300048,0.05131521890201529,0.7922528520320201,68.06567715812359,131.01178751193027,304.6785756091401,205.76372022038416,-19.150821769367703,254.67857560913998,1.0585626127140542,1613313022579.0,0.5930149724125005,1.0,0.5930149724125005,1.0004040231163787,2852.0,0.5987133194572472,
4935198,long,entry,1795.2,252269.0,1795.2,252269.0,571.528960089118,0.0,0.03513104389483066,0.03513104389483066,68.10080820201843,131.02689386080502,304.71370665303493,205.76372022038416,-19.150821769367703,254.71370665303482,1.0578010247389285,1613348340369.0,1.0,1.0,1.0,1.0004039585891134,35317790.0,0.601909348161378,1785.3
4935337,long,close,1796.45,-252269.0,1795.2,0.0,0.0,0.09777907510599572,0.03510659912605416,0.1328856742320499,68.13591480114448,131.0840347007248,304.846592327267,205.86149929549015,-19.150821769367703,254.84659232726688,1.0578149874953529,1613348357976.0,0.6812887438510427,1.0,0.6812887438510427,1.0004039657698511,17607.0,0.6019263009562595,
4935384,long,entry,1794.55,252317.0,1794.55,252317.0,571.3224537339806,0.0,0.0351504555459586,0.0351504555459586,68.17106525669044,131.09914939660956,304.8817427828129,205.86149929549015,-19.150821769367703,254.88174278281284,1.0578182212388882,1613348384067.0,1.0,1.0,1.0,1.000403901284253,26091.0,0.6019320331962555,1783.65
4936100,long,reentry,1783.65,467543.0,1787.4705419109273,719860.0,1032.6786809100718,0.0,0.06553177473158972,0.06553177473158972,68.23659703142204,131.12732805974414,304.9472745575445,205.86149929549015,-19.150821769367703,254.94727455754443,1.0578213660890117,1613348567431.0,0.6796801672269676,1.0,0.6796801672269676,1.000403859082933,183364.0,0.6020193583842791,1772.1
4937916,long,reentry,1772.1,1333900.0,1777.4875030675444,2053760.0,1435.592340456053,0.0,0.18818068957733763,0.18818068957733763,68.42477772099937,131.2082457562624,305.13545524712185,205.86149929549015,-19.150821769367703,255.13545524712177,1.057832199297458,1613349009233.0,0.4172242207053771,1.0,0.4172242207053771,1.0004039066852426,441802.0,0.6022408423807188,1747.35
4940919,long,reentry,1747.35,468174.0,1771.8927510394801,2521934.0,1490.817215450272,0.0,0.06698343205425358,0.06698343205425358,68.49176115305363,131.2370486320457,305.2024386791761,205.86149929549015,-19.150821769367703,255.20243867917603,1.0578305497640998,1613349423655.0,0.17839389889769752,1.0,0.17839389889769752,1.0004038655237786,414422.0,0.6026070959276948,0.05
5009119,long,close,1773.1,-132733.0,1771.8927510394801,2389201.0,1475.9702469138776,0.05100410007955819,0.018714821499069428,0.06971892157862762,68.5104759745527,131.26702776832457,305.2721576007548,205.9125033955697,-19.150821769367703,255.27215760075467,1.0571301687554189,1613382919848.0,0.09647441487862304,1.0,0.09647441487862304,1.000403826370488,33496193.0,0.6109249420494929,1737.6
5009149,long,close,1774.25,-132733.0,1771.8927510394801,2256468.0,1459.6769106985123,0.09952498433810524,0.018702691278004793,0.11822767561611003,68.52917866583071,131.3178656688395,305.3903852763709,206.0120283799078,-19.150821769367703,255.39038527637078,1.0571423010782517,1613382940820.0,0.16762336627911256,1.0,0.16762336627911256,1.000403822680089,20972.0,0.610928600926086,1739.2
5009196,long,close,1775.35,-132733.0,1771.8927510394801,2123735.0,1441.7263021589713,0.14587744533070854,0.018691103162756642,0.1645685484934652,68.54786976899346,131.3886301446917,305.5549538248644,206.15790582523852,-19.150821769367703,255.55495382486424,1.0571594964898186,1613382954890.0,0.17722963153231927,1.0,0.17722963153231927,1.000403852804443,14070.0,0.610934333166082,1740.8
5009240,long,close,1776.5,-132733.0,1771.8927510394801,1991002.0,1421.8595798678666,0.194275460837996,0.018679003658879822,0.2129544644968758,68.56654877265234,131.48020056442536,305.7679082893613,206.3521812860765,-19.150821769367703,255.76790828936112,1.0571819523503927,1613382962638.0,0.18805716095009084,1.0,0.18805716095009084,1.0004039181584876,7748.0,0.6109396995184186,1742.4
5009317,long,close,1774.25,-110611.0,1771.8927510394801,1880391.0,1403.7378741475613,0.08293761191732393,0.015585599549105256,0.09852321146642919,68.58213437220145,131.52256554535592,305.86643150082773,206.43511889799382,-19.150821769367703,255.86643150082756,1.0571918102825617,1613382991395.0,0.1983652365857436,1.0,0.1983652365857436,1.0004038999409126,28757.0,0.6109490906350078,1744.0
5009342,long,close,1774.25,-104466.0,1771.8927510394801,1775925.0,1385.0469581523678,0.07833000846710692,0.014719740735522052,0.09304974920262897,68.59685411293697,131.56257693751306,305.95948125003036,206.51344890646092,-19.150821769367703,255.9594812500302,1.057201321530915,1613383008786.0,0.20851519599246632,1.0,0.20851519599246632,1.0004038777188955,17391.0,0.6109521396988354,1745.6
5009354,long,close,1775.5,-110995.0,1771.8927510394801,1664930.0,1363.2154644779143,0.12726864620715977,0.015628696141931853,0.14289734234909163,68.6124828090789,131.62402279472317,306.10237859237947,206.6407175526681,-19.150821769367703,256.1023785923793,1.0572164219521352,1613383011586.0,0.21949397979636087,1.0,0.21949397979636087,1.0004038917966558,2800.0,0.6109536032494727,1745.6
5009356,long,close,1775.65,-110995.0,1771.8927510394801,1553935.0,1339.086923580285,0.1325496518587041,0.015627375890518963,0.14817702774922306,68.62811018496942,131.68773891665535,306.2505556201287,206.7732672045268,-19.150821769367703,256.2505556201285,1.0572321136819238,1613383012545.0,1.0,1.0,1.0,1.0004039096624502,959.0,0.6109538471745789,1747.2
5009360,long,close,1776.0,-119533.0,1771.8927510394801,1434402.0,1310.0855536689048,0.15601216187058028,0.01682615427927928,0.17283831614985956,68.6449363392487,131.76205939259978,306.42339393627856,206.9292793663974,-19.150821769367703,256.4233939362784,1.0572503188319493,1613383017911.0,1.0,1.0,1.0,1.000403945404589,5366.0,0.6109543350247914,1748.8
5009414,long,close,1776.25,-119533.0,1771.8927510394801,1314869.0,1277.3786290024032,0.16548501438530744,0.0168237860661506,0.18230880045145803,68.66176012531486,131.8404521767939,306.60570273673,207.0947643807827,-19.150821769367703,256.6057027367298,1.057268500256169,1613383071852.0,0.2620483559573566,1.0,0.2620483559573566,1.0004039879421287,53941.0,0.610960921002659,1750.4
5009422,long,close,1776.5,-119533.0,1771.8927510394801,1195336.0,1240.2111501367438,0.17495520074396098,0.016821418519560937,0.1917766192635219,68.67858154383441,131.92291612307721,306.7974793559935,207.26971958152666,-19.150821769367703,256.79747935599335,1.0572887736543926,1613383073152.0,0.2808969915825129,1.0,0.2808969915825129,1.0004040372564087,1300.0,0.6109618967030839,1752.0
5009475,long,close,1774.95,-108666.0,1771.8927510394801,1086670.0,1201.8186937445282,0.10563332056653878,0.015305501563424322,0.1209388221299631,68.69388704539783,131.9749198165931,306.9184181781235,207.3753529020932,-19.150821769367703,256.9184181781233,1.0572997080348752,1613383162052.0,0.3011910690876215,1.0,0.3011910690876215,1.0004040350659076,88900.0,0.6109683607183984,1752.0
5009477,long,close,1775.15,-108667.0,1771.8927510394801,978003.0,1157.995100424523,0.11253202745813472,0.015303917978762358,0.12783594543689708,68.70919096337659,132.02988927313098,307.0462541235604,207.48788492955134,-19.150821769367703,257.04625412356023,1.0573132185478076,1613383162490.0,1.0,1.0,1.0,1.0004040378433996,438.0,0.6109686046435047,1753.6
5009479,long,close,1775.35,-108667.0,1771.8927510394801,869336.0,1107.5043403440072,0.11942820814531507,0.015302193933590561,0.13473040207890563,68.72449315731018,132.0878233460249,307.1809845256393,207.60731313769665,-19.150821769367703,257.18098452563913,1.057327449112678,1613383163080.0,1.0,1.0,1.0,1.0004040455774197,590.0,0.6109688485686109,1755.2
5009493,long,close,1775.65,-108667.0,1771.8927510394801,760669.0,1048.6989674549625,0.12976956636361817,0.015299608594035986,0.14506917495765415,68.73979276590421,132.15020309125669,307.32605370059696,207.73708270406027,-19.150821769367703,257.3260537005968,1.0573423918946216,1613383181518.0,0.3761769001357438,1.0,0.3761769001357438,1.0004040607524403,18438.0,0.6109705560443544,1756.8
5009498,long,close,1776.0,-108667.0,1771.8927510394801,652002.0,979.345958727364,0.14183006863368566,0.01529659346846847,0.15712666210215415,68.75508935937268,132.21776755596062,307.4831803626991,207.87891277269395,-19.150821769367703,257.48318036269893,1.0573589111707644,1613383185139.0,1.0,1.0,1.0,1.0004040845966873,3621.0,0.6109711658571199,1756.8
5009546,long,close,1777.15,-130400.0,1771.8927510394801,521602.0,877.6913718782769,0.2177081151861238,0.01834397771713136,0.23605209290325516,68.77343333708981,132.319269955909,307.7192324556023,208.09662088788008,-19.150821769367703,257.7192324556022,1.057383126028274,1613383218555.0,0.4485664646805383,1.0,0.4485664646805383,1.0004041654373432,33416.0,0.6109770200596689,1758.4
5009844,long,close,1778.15,-130400.0,1771.8927510394801,391202.0,748.187874865253,0.25897342512541177,0.018333661389646542,0.2773070865150583,68.79176699847946,132.43851200311047,307.9965395421174,208.3555943130055,-19.150821769367703,257.99653954211726,1.057405601273239,1613383541340.0,0.5050938160769817,1.0,0.5050938160769817,1.0004042759042948,322785.0,0.6110133649004944,1760.0
5009849,long,close,1778.3,-391202.0,1771.8927510394801,0.0,0.0,0.795481723161752,0.054996625991115114,0.8504783491528671,68.84676362447057,132.80421769324622,308.84701789127024,209.15107603616724,-19.150821769367703,258.8470178912701,1.0574951214796513,1613383541585.0,0.579244249878949,1.0,0.579244249878949,1.0004047991931846,245.0,0.6110139747132599,
5056683,long,entry,1804.85,257095.0,1804.85,257095.0,574.6011600695664,0.0,0.03561168518159404,0.03561168518159404,68.88237530965216,132.8195307178743,308.88262957645185,209.15107603616724,-19.150821769367703,258.88262957645173,1.0566952931692968,1613422333297.0,1.0,1.0,1.0,1.0004047348518912,38791712.0,0.616725968925405,1795.2
5057465,long,reentry,1795.2,476397.0,1798.5824046479033,733492.0,1038.88278493368,0.0,0.06634316510695187,0.06634316510695187,68.94871847475912,132.8480582788703,308.9489727415588,209.15107603616724,-19.150821769367703,258.9489727415587,1.056696900172003,1613422591089.0,0.6799146811856578,1.0,0.6799146811856578,1.000404692646048,257792.0,0.6168213436419335,1783.65
5059039,long,reentry,1783.65,1359160.0,1788.883932517208,2092652.0,1444.590979790043,0.0,0.19050262102991056,0.19050262102991056,69.13922109578903,132.92997440591316,309.1394753625887,209.15107603616724,-19.150821769367703,259.1394753625886,1.0567077504168538,1613423025521.0,0.4175360030647678,1.0,0.4175360030647678,1.0004047397140352,434432.0,0.6170133127005217,1758.9
5062040,long,close,1790.15,-110139.0,1788.883932517208,1982513.0,1427.6170049763148,0.0435438071144426,0.015381252967628411,0.05892506008207101,69.15460234875665,132.95531218174844,309.1984004226708,209.19461984328169,-19.150821769367703,259.19840042267066,1.056699297030794,1613423738039.0,0.18032740592939003,1.0,0.18032740592939003,1.0004046921562562,712518.0,0.6173793223223915,1760.55
5062081,long,close,1791.25,-110139.0,1788.883932517208,1872374.0,1409.0720005686449,0.08132608935174276,0.015371807397069085,0.09669789674881185,69.16997415615373,132.9968922773504,309.2950983194196,209.27594593263342,-19.150821769367703,259.2950983194195,1.0567089486918722,1613423755180.0,0.20251542888790622,1.0,0.20251542888790622,1.0004046717390704,17141.0,0.6173843227870688,1760.55
5062091,long,close,1791.3,-110139.0,1788.883932517208,1762235.0,1388.774621568851,0.08304236327538457,0.015371378328588177,0.09841374160397275,69.18534553448232,133.03921018624015,309.3935120610236,209.3589882959088,-19.150821769367703,259.39351206102344,1.0567191113419347,1613423755833.0,0.21322649958477632,1.0,0.21322649958477632,1.000404652540785,653.0,0.6173855424125998,1762.2
5062201,long,close,1791.4,-110139.0,1788.883932517208,1652096.0,1366.4626204052288,0.08647462370378653,0.015370520263481076,0.1018451439672676,69.20071605474581,133.0830035981461,309.4953572049909,209.4454629196126,-19.150821769367703,259.49535720499074,1.056728183873511,1613423827058.0,0.22458145082699554,1.0,0.22458145082699554,1.000404635790084,71225.0,0.6173989582934414,1763.85
5062291,long,close,1792.85,-118006.0,1788.883932517208,1534090.0,1339.9045480847544,0.14592781176299932,0.0164550854784282,0.16238289724142752,69.21717114022424,133.1528282439599,309.6577401022323,209.59139073137558,-19.150821769367703,259.65774010223214,1.0567434041308899,1613423903283.0,0.23725223533060072,1.0,0.23725223533060072,1.0004046624213039,76225.0,0.6174099349232209,1765.5
5062295,long,close,1793.05,-118006.0,1788.883932517208,1416084.0,1310.1871159068467,0.1532695302776785,0.016453250048799533,0.16972278032647803,69.23362439027304,133.2258090395003,309.8274628825588,209.74466026165325,-19.150821769367703,259.8274628825586,1.0567609287330193,1613423903376.0,1.0,1.0,1.0,1.0004046942370257,93.0,0.6174104227734334,1765.5
5062299,long,close,1793.25,-118007.0,1788.883932517208,1298077.0,1276.7131306309184,0.16061097218742054,0.016451554440262094,0.17706252662768263,69.2500759447133,133.30194592595018,310.0045254091865,209.90527123384066,-19.150821769367703,260.00452540918633,1.056779163920531,1613423905300.0,1.0,1.0,1.0,1.0004047312251334,1924.0,0.6174109106236457,1767.15
5062303,long,close,1793.5,-118007.0,1788.883932517208,1180070.0,1238.723070215749,0.16978384893136625,0.01644926122107611,0.18623311015244237,69.26652520593437,133.38202616331574,310.19075851933894,210.07505508277202,-19.150821769367703,260.1907585193388,1.0567983724287784,1613423905377.0,1.0,1.0,1.0,1.000404774682512,77.0,0.6174113984738582,1768.8
5062320,long,close,1794.2,-131118.0,1788.883932517208,1048952.0,1189.9951080587239,0.217169977206365,0.018269702374317246,0.23543967958068224,69.28479490830868,133.48326522553543,310.4261981989196,210.2922250599784,-19.150821769367703,260.42619819891945,1.056822596595649,1613423907606.0,0.3093456718710106,1.0,0.3093456718710106,1.0004048531969003,2229.0,0.617413471837261,1770.45
5062332,long,close,1794.65,-131119.0,1788.883932517208,917833.0,1132.6808407148467,0.2354959391210804,0.018265260635778564,0.25376119975685896,69.30306016894446,133.59238254143088,310.6799593986765,210.52772099909947,-19.150821769367703,260.6799593986763,1.0568486762102351,1613423910478.0,0.33679144621371904,1.0,0.33679144621371904,1.0004049446247374,2872.0,0.6174149353878983,1772.1
5062356,long,close,1795.2,-131119.0,1788.883932517208,786714.0,1064.2994661637981,0.25787983695903566,0.01825966466131907,0.2761395016203547,69.32131983360577,133.71112252712766,310.95609890029687,210.7856008360585,-19.150821769367703,260.9560989002967,1.0568767457330805,1613423927586.0,0.3688569689271743,1.0,0.3688569689271743,1.000405051817612,17108.0,0.6174178624891727,1773.75
5062958,long,close,1790.15,-98339.0,1788.883932517208,688375.0,1003.9306967685927,0.0388786392452008,0.013733346367622823,0.05261198561282362,69.3350531799734,133.73374568094115,311.0087108859097,210.82447947530372,-19.150821769367703,261.0087108859095,1.05687848749813,1613424106777.0,0.40311846438012555,1.0,0.40311846438012555,1.0004049995612176,179191.0,0.6174912839461423,1773.75
5063233,long,close,1790.15,-98339.0,1788.883932517208,590036.0,933.3431344113304,0.0388786392452008,0.013733346367622823,0.05261198561282362,69.34878652634103,133.75636883475468,311.0613228715225,210.86335811454893,-19.150821769367703,261.06132287152235,1.056882018958978,1613424198528.0,0.4379202190422749,1.0,0.4379202190422749,1.0004049473216332,91751.0,0.6175248236482463,1775.4
5063722,long,close,1790.15,-98339.0,1788.883932517208,491697.0,849.7022265782623,0.0388786392452008,0.013733346367622823,0.05261198561282362,69.36251987270866,133.7789919885682,311.11393485713535,210.90223675379414,-19.150821769367703,261.1139348571352,1.0568827298870576,1613424427939.0,0.47637065027836384,1.0,0.47637065027836384,1.0004048950988498,229411.0,0.6175844633367149,1777.05
5064718,long,close,1790.15,-98339.0,1788.883932517208,393358.0,749.0182574898419,0.0388786392452008,0.013733346367622823,0.05261198561282362,69.37625321907629,133.8016151423817,311.1665468427482,210.94111539303935,-19.150821769367703,261.166546842748,1.0568778985534732,1613424927964.0,0.5219005617790056,1.0,0.5219005617790056,1.000404842892858,500025.0,0.617705938039608,1777.05
5064719,long,close,1790.2,-393358.0,1788.883932517208,0.0,0.0,0.16165250161157765,0.05493213048821361,0.21658463209979126,69.4311853495645,133.89474653418463,311.38313147484797,211.10276789465092,-19.150821769367703,261.3831314748478,1.056900128708781,1613424928958.0,1.0,1.0,1.0,1.0004049073363304,994.0,0.6177060600021612,
5072193,long,entry,1775.0,254919.0,1775.0,254919.0,565.0976603812511,0.0,0.03590408450704226,0.03590408450704226,69.46708943407154,133.91018529052263,311.419035559355,211.10276789465092,-19.150821769367703,261.4190355593548,1.0568136997977133,1613429335250.0,1.0,1.0,1.0,1.0004048432416004,4406292.0,0.6186176081240721,1765.5
5072229,long,close,1776.25,-254919.0,1775.0,0.0,0.0,0.10106709220843768,0.03587881773399015,0.13694590994242783,69.50296825180553,133.96907203179788,311.5559814692974,211.20383498685936,-19.150821769367703,261.55598146929725,1.0568274677981169,1613429348409.0,0.6815723323577884,1.0,0.6815723323577884,1.000404850963766,13159.0,0.6186219987759838,
5072331,long,entry,1774.55,254996.0,1774.55,254996.0,564.9546356385795,0.0,0.03592403707982305,0.03592403707982305,69.53889228888535,133.98451936774222,311.59190550637726,211.20383498685936,-19.150821769367703,261.5919055063771,1.0568301341034692,1613429398095.0,1.0,1.0,1.0,1.0004047869098787,49686.0,0.6186344389564006,1763.85
5072507,long,close,1775.8,-254996.0,1774.55,0.0,0.0,0.10114888241869643,0.035898749859218385,0.13704763227791483,69.57479103874456,134.0434498496217,311.72895313865513,211.30498386927806,-19.150821769367703,261.728953138655,1.056843289680171,1613429441352.0,0.681167845797805,1.0,0.681167845797805,1.0004047946593266,43257.0,0.6186559043657471,
5075721,long,entry,1767.5,254124.0,1767.5,254124.0,562.7102385784744,0.0,0.03594398868458274,0.03594398868458274,69.61073502742914,134.05890576475608,311.76489712733974,211.30498386927806,-19.150821769367703,261.7648971273396,1.0568233467465284,1613430598127.0,1.0,1.0,1.0,1.0004047306462203,1156775.0,0.6190478920114284,1756.8
5075799,long,close,1768.75,-254124.0,1767.5,0.0,0.0,0.10160844857831491,0.03591858657243817,0.1375270351507531,69.64665361400158,134.1180423898709,311.9024241624905,211.40659231785637,-19.150821769367703,261.9024241624904,1.0568371938748364,1613430609267.0,0.6814186499584021,1.0,0.6814186499584021,1.0004047386906219,11140.0,0.6190574050905706,
5075832,long,entry,1767.15,254215.0,1767.15,254215.0,562.5987109549742,0.0,0.03596398155221684,0.03596398155221684,69.6826175955538,134.13350690193838,311.93838814404273,211.40659231785637,-19.150821769367703,261.9383881440426,1.056840434410147,1613430630767.0,1.0,1.0,1.0,1.0004046747181743,21500.0,0.619061429854823,1756.8
5076318,long,close,1768.4,-254215.0,1767.15,0.0,0.0,0.10168508694925382,0.03593856028047953,0.13762364722973336,69.71855615583428,134.19268507024717,312.0760117912725,211.50827740480563,-19.150821769367703,262.0760117912724,1.0568507980865895,1613430812567.0,0.6806954164675648,1.0,0.6806954164675648,1.0004046827856008,181800.0,0.6191207036556324,
5076578,long,entry,1764.6,253990.0,1764.6,253990.0,561.7877265708917,0.0,0.035984075711209346,0.035984075711209346,69.75454023154549,134.20815822280298,312.1119958669837,211.50827740480563,-19.150821769367703,262.1119958669836,1.0568532270898043,1613430873789.0,1.0,1.0,1.0,1.0004046188538243,61222.0,0.6191524139194399,1755.2
5076671,long,close,1765.8,-253990.0,1764.6,0.0,0.0,0.09781603998971239,0.03595962170121192,0.1337756616909243,69.7904998532467,134.2656817573301,312.24577152867465,211.60609344479533,-19.150821769367703,262.24577152867454,1.0568662191235692,1613430907203.0,0.6814269037563346,1.0,0.6814269037563346,1.0004046241531062,33414.0,0.6191637564368786,
5077822,long,entry,1761.6,253696.0,1761.6,253696.0,560.832448776096,0.0,0.036003633060853774,0.036003633060853774,69.82650348630756,134.28116331954627,312.2817751617355,211.60609344479533,-19.150821769367703,262.28177516173537,1.0568586447024526,1613431458187.0,1.0,1.0,1.0,1.0004045602624996,550984.0,0.6193041353355031,1752.0
5077998,long,close,1762.8,-253696.0,1761.6,0.0,0.0,0.09803576054692137,0.03597912412071704,0.13401488466763842,69.86248261042827,134.33878971995333,312.4157900464031,211.70412920534227,-19.150821769367703,262.415790046403,1.0568715425047566,1613431496917.0,0.6811731054966623,1.0,0.6811731054966623,1.0004045656900378,38730.0,0.6193256007448497,
5078671,long,entry,1759.3,253503.0,1759.3,253503.0,560.1006286319267,0.0,0.036023276303075086,0.036023276303075086,69.89850588673134,134.35427972876366,312.4518133227062,211.70412920534227,-19.150821769367703,262.4518133227061,1.0568684699272397,1613431827464.0,1.0,1.0,1.0,1.0004045018405672,330547.0,0.6194076815430898,1748.8
5079613,long,reentry,1748.8,469741.0,1752.4803367881377,723244.0,1012.4340847313607,0.0,0.06715190416285453,0.06715190416285453,69.9656577908942,134.3831550475537,312.51896522686906,211.70412920534227,-19.150821769367703,262.51896522686894,1.056869663065333,1613432104722.0,0.6797137220117646,1.0,0.6797137220117646,1.0004044600046074,277258.0,0.6195225702681152,1737.6
5079958,long,close,1753.7,-103320.0,1752.4803367881377,619924.0,943.5992854222181,0.041003022009930015,0.01472885898386269,0.055731880993792705,69.98038664987806,134.40711975638104,312.57469710786285,211.7451322273522,-19.150821769367703,262.57469710786273,1.0568730496442305,1613432217411.0,0.42077116269159526,1.0,0.42077116269159526,1.000404410113947,112689.0,0.6195646473489366,1739.2
5080154,long,close,1757.7,-123984.0,1752.4803367881377,495940.0,843.0360596746301,0.2100923403506803,0.017634408602150535,0.22772674895283085,69.9980210584802,134.50504225843073,312.80242385681566,211.95522456770288,-19.150821769367703,262.80242385681555,1.0568950909715193,1613432275598.0,0.46203005392119834,1.0,0.46203005392119834,1.0004044815936222,58187.0,0.6195885520093453,1739.2
5080179,long,close,1758.7,-123985.0,1752.4803367881377,371955.0,715.8232288406284,0.2502021848219643,0.01762452379598567,0.26782670861795,70.01564558227619,134.62020774313643,313.0702505654336,212.20542675252486,-19.150821769367703,263.0702505654335,1.0569222291409908,1613432283466.0,0.5203890998864286,1.0,0.5203890998864286,1.0004045811820075,7868.0,0.6195916010731729,1740.8
5080197,long,close,1758.5,-371955.0,1752.4803367881377,0.0,0.0,0.7265526124071311,0.052879584873471705,0.7794321972806028,70.06852516714966,134.95536358796713,313.8496827627142,212.93197936493198,-19.150821769367703,263.8496827627141,1.0570011342346597,1613432303585.0,0.5929006006536648,1.0,0.5929006006536648,1.0004050403727893,20119.0,0.6195937963991288,
5103909,long,entry,1793.4,259602.0,1793.4,259602.0,570.95594383792,0.0,0.03618852459016393,0.03618852459016393,70.10471369173982,134.9709246535409,313.8858712873044,212.93197936493198,-19.150821769367703,263.88587128730427,1.056586576035403,1613452887667.0,1.0,1.0,1.0,1.0004049765030403,20584082.0,0.6224857724583674,1783.65
5104177,long,close,1794.65,-259602.0,1793.4,0.0,0.0,0.1008233488149922,0.03616331875296019,0.13698666756795239,70.14087701049277,135.0298289205951,314.02285795487234,213.03280271374697,-19.150821769367703,264.0228579548722,1.0565993057625656,1613452941406.0,0.681030198973229,1.0,0.681030198973229,1.0004049834322823,53739.0,0.6225184584225998,
5104315,long,entry,1791.95,259535.0,1791.95,259535.0,570.4939607671394,0.0,0.036208460057479276,0.036208460057479276,70.17708547055025,135.0453985584198,314.0590664149298,213.03280271374697,-19.150821769367703,264.0590664149297,1.0566016637680435,1613453005459.0,1.0,1.0,1.0,1.0004049196032017,64053.0,0.6225352892549283,1782.0
5104713,long,reentry,1782.0,480918.0,1785.4875586296498,740453.0,1031.3790178646723,0.0,0.06746885521885522,0.06746885521885522,70.2445543257691,135.07441016616394,314.1265352701487,213.03280271374697,-19.150821769367703,264.12653527014857,1.056607407559601,1613453057829.0,0.6798485026139122,1.0,0.6798485026139122,1.000404877728949,52370.0,0.6225838303510643,1770.45
5104855,long,close,1786.75,-105779.0,1785.4875586296498,634674.0,961.2447080425169,0.041859116328498314,0.014800475724080034,0.056659592052578346,70.25935480149319,135.09877379074655,314.1831948622013,213.07466183007548,-19.150821769367703,264.18319486220116,1.0566126184378957,1613453082551.0,0.4206061356863815,1.0,0.4206061356863815,1.0004048282836628,24722.0,0.6226011490336053,1772.1
5104884,long,close,1786.75,-105779.0,1785.4875586296498,528895.0,877.6881562634397,0.041859116328498314,0.014800475724080034,0.056659592052578346,70.27415527721728,135.12313741532915,314.2398544542539,213.116520946404,-19.150821769367703,264.23985445425376,1.0566180945504566,1613453094075.0,0.4619397100237801,1.0,0.4619397100237801,1.0004047788529886,11524.0,0.6226046859476454,1772.1
5104919,long,close,1786.75,-105779.0,1785.4875586296498,423116.0,776.4485413096495,0.041859116328498314,0.014800475724080034,0.056659592052578346,70.28895575294136,135.1475010399118,314.29651404630647,213.1583800627325,-19.150821769367703,264.29651404630636,1.0566234167850799,1613453113172.0,0.5087107997405879,1.0,0.5087107997405879,1.000404729436919,19097.0,0.622608954637004,1773.75
5104920,long,close,1786.95,-423116.0,1785.4875586296498,0.0,0.0,0.19394057696626124,0.05919527686840707,0.2531358538346683,70.34815102980977,135.2563494570607,314.54964990014116,213.35232063969877,-19.150821769367703,264.54964990014105,1.0566488671909533,1613453115006.0,1.0,1.0,1.0,1.000404817596019,1834.0,0.6226090765995572,
5104930,long,entry,1787.55,259332.0,1787.55,259332.0,569.0930835411368,0.0,0.036269195267265256,0.036269195267265256,70.38442022507704,135.2719452110256,314.5859190954084,213.35232063969877,-19.150821769367703,264.5859190954083,1.0566521699875129,1613453132211.0,1.0,1.0,1.0,1.0004047538876946,17205.0,0.6226102962250882,1777.05
5105209,long,close,1788.8,-259332.0,1787.55,0.0,0.0,0.10137856458874411,0.03624385062611807,0.13762241521486218,70.42066407570316,135.33112284956803,314.7235415106233,213.45369920428752,-19.150821769367703,264.7235415106232,1.0566627391324366,1613453294505.0,0.6809300944487907,1.0,0.6809300944487907,1.0004047610846167,162294.0,0.6226443237774046,
5118376,long,entry,1779.45,258300.0,1779.45,258300.0,566.5149421269546,0.0,0.03628930287448369,0.03628930287448369,70.45695337857764,135.34672724980405,314.7598308134978,213.45369920428752,-19.150821769367703,264.7598308134977,1.056324934084397,1613470304254.0,1.0,1.0,1.0,1.0004046974167862,17009749.0,0.6242502047141454,1768.8
5118488,long,close,1780.7,-258300.0,1779.45,0.0,0.0,0.10189617250092745,0.03626382883135845,0.1381600013322859,70.49321720740899,135.40613605037692,314.89799081483005,213.55559537678843,-19.150821769367703,264.89799081482994,1.0563383667161588,1613470322994.0,0.6811510104815227,1.0,0.6811510104815227,1.0004047049453353,18740.0,0.6242638645200932,
5121078,long,entry,1774.05,257659.0,1774.05,257659.0,564.7959354014358,0.0,0.03630943321777853,0.03630943321777853,70.52952664062677,135.42174910666054,314.9343002480478,213.55559537678843,-19.150821769367703,264.9343002480477,1.056283836736976,1613473239818.0,1.0,1.0,1.0,1.000404641317852,2916824.0,0.6245797475326366,1763.85
5121122,long,close,1775.3,-257659.0,1774.05,0.0,0.0,0.10226280971604028,0.036283867515349524,0.1385466772313898,70.56581050814212,135.48132417787005,315.0728469252792,213.65785818650448,-19.150821769367703,265.07284692527907,1.0562974584187548,1613473249927.0,0.6815449604457524,1.0,0.6815449604457524,1.0004046490718161,10109.0,0.6245851138849732,
5121152,long,entry,1773.8,257766.0,1773.8,257766.0,564.7167325411398,0.0,0.036329631300033825,0.036329631300033825,70.60214013944216,135.49694591932905,315.1091765565792,213.65785818650448,-19.150821769367703,265.1091765565791,1.0563009914354768,1613473254478.0,1.0,1.0,1.0,1.0004045854846009,4551.0,0.6245887727615663,1763.85
5121878,long,close,1775.05,-257766.0,1773.8,0.0,0.0,0.10233410692665143,0.03630404777330216,0.13863815469995358,70.63844418721546,135.55656032585003,315.24781471127915,213.76019229343115,-19.150821769367703,265.24781471127903,1.0563111844201531,1613473436720.0,0.680436447080814,1.0,0.680436447080814,1.0004045932575636,182242.0,0.624677317575121,
5129859,long,entry,1787.8,259944.0,1787.8,259944.0,569.1727425695898,0.0,0.03634970354625797,0.03634970354625797,70.67479389076172,135.57219069837492,315.2841644148254,213.76019229343115,-19.150821769367703,265.2841644148253,1.0562720270275492,1613475585130.0,1.0,1.0,1.0,1.0004045297104713,2148410.0,0.6256507007114563,1777.05
5130105,long,close,1789.05,-259944.0,1787.8,0.0,0.0,0.10158940092856163,0.03632430619602582,0.13791370712458745,70.71111819695774,135.6314935924385,315.42207812195,213.8617816943597,-19.150821769367703,265.4220781219499,1.0562854195293383,1613475602260.0,0.6807869983625867,1.0,0.6807869983625867,1.0004045369341066,17130.0,0.6256807034995203,
5137850,long,entry,1782.25,259281.0,1782.25,259281.0,567.4068997995141,0.0,0.03636989760134662,0.03636989760134662,70.74748809455909,135.64713264840708,315.4584480195513,213.8617816943597,-19.150821769367703,265.4584480195512,1.0562244329417312,1613478851976.0,1.0,1.0,1.0,1.0004044734273552,3249716.0,0.6266253034733228,1772.1
5137935,long,close,1783.5,-259281.0,1782.25,0.0,0.0,0.10196214634524324,0.036344407064760303,0.13830655341000353,70.78383250162385,135.70660446637336,315.5967545729613,213.96374384070495,-19.150821769367703,265.59675457296123,1.0562378870163045,1613478866817.0,0.6814110613141414,1.0,0.6814110613141414,1.000404480880457,14841.0,0.6266356702903367,
5138031,long,entry,1781.65,259337.0,1781.65,259337.0,567.2155030618445,0.0,0.03639000364830353,0.03639000364830353,70.82022250527216,135.72225216794212,315.6331445766096,213.96374384070495,-19.150821769367703,265.63314457660954,1.0562407701882828,1613478903734.0,1.0,1.0,1.0,1.0004044174138575,36917.0,0.6266473786954349,1772.1
5138181,long,close,1782.9,-259337.0,1781.65,0.0,0.0,0.10205284549977053,0.0363644904369286,0.13841733593669914,70.85658699570908,135.7817716223949,315.7715619125463,214.06579668620472,-19.150821769367703,265.77156191254625,1.0562533368364857,1613478963406.0,0.6814648716449462,1.0,0.6814648716449462,1.0004044248997426,59672.0,0.6266656730784007,
5138218,long,entry,1781.0,259386.0,1781.0,259386.0,567.0085973684959,0.0,0.036410162829870855,0.036410162829870855,70.89299715853895,135.79742799241177,315.8079720753762,214.06579668620472,-19.150821769367703,265.80797207537614,1.056256734678661,1613478974407.0,1.0,1.0,1.0,1.00040436147327,11001.0,0.6266701856928656,1770.45
5138351,long,close,1782.25,-259386.0,1781.0,0.0,0.0,0.1021466203671536,0.03638462617477907,0.13853124654193266,70.92938178471373,135.8569964284248,315.9465033219181,214.16794330657189,-19.150821769367703,265.9465033219181,1.0562694016219152,1613479029196.0,0.6811871816876605,1.0,0.6811871816876605,1.000404368993999,54789.0,0.6266864067124286,
5138393,long,entry,1780.4,259442.0,1780.4,259442.0,566.8171708697487,0.0,0.03643029656257021,0.03643029656257021,70.9658120812763,135.87266145594668,315.9829336184807,214.16794330657189,-19.150821769367703,265.9829336184807,1.0562728220113173,1613479039058.0,1.0,1.0,1.0,1.0004043056075738,9862.0,0.6266915291396591,1770.45
5138425,long,close,1781.65,-259442.0,1780.4,0.0,0.0,0.1022375229774852,0.03640473718182584,0.13864226015931103,71.00221681845812,135.93227762781518,316.12157587864,214.27018082954936,-19.150821769367703,266.12157587864,1.0562864127536509,1613479047527.0,0.6814739135320322,1.0,0.6814739135320322,1.0004043131610207,8469.0,0.6266954319413585,
5138706,long,entry,1779.4,259440.0,1779.4,259440.0,566.498865594942,0.0,0.03645048892885242,0.03645048892885242,71.03866730738697,135.9479513380546,316.1580263675688,214.27018082954936,-19.150821769367703,266.1580263675688,1.056287698800901,1613479164751.0,1.0,1.0,1.0,1.0004042498146217,117224.0,0.6267297034187811,1768.8
5138733,long,close,1780.65,-259440.0,1779.4,0.0,0.0,0.10235163824687611,0.03642490101929071,0.13877653926616682,71.07509220840626,136.00762524993905,316.296802906835,214.37253246779625,-19.150821769367703,266.296802906835,1.056301302138704,1613479172851.0,0.6815633133249343,1.0,0.6815633133249343,1.000404257416799,8100.0,0.626732996407715,
5138782,long,entry,1779.15,259547.0,1779.15,259547.0,566.4187661622633,0.0,0.036470646095045384,0.036470646095045384,71.1115628545013,136.02330762775992,316.33327355293005,214.37253246779625,-19.150821769367703,266.33327355293005,1.0563047683242868,1613479180401.0,1.0,1.0,1.0,1.0004041941103348,7550.0,0.6267389725728172,1768.8
5138805,long,close,1780.4,-259547.0,1779.15,0.0,0.0,0.10242261877961885,0.03644504044035048,0.13886765921996932,71.14800789494166,136.0830207212245,316.47214121215,214.47495508657587,-19.150821769367703,266.47214121215,1.0563180589301768,1613479204300.0,0.681608338301145,1.0,0.681608338301145,1.0004042017312096,23899.0,0.6267417777115386,
5140167,long,entry,1775.35,259137.0,1775.35,259137.0,565.2101562026864,0.0,0.0364909736108373,0.0364909736108373,71.1844988685525,136.09871183987715,316.50863218576086,214.47495508657587,-19.150821769367703,266.50863218576086,1.0562977213410034,1613480409076.0,1.0,1.0,1.0,1.0004041384647417,1204776.0,0.6269078907088683,1765.5
5140344,long,close,1776.6,-259137.0,1775.35,0.0,0.0,0.10269890130259614,0.03646529888551165,0.1391642001881078,71.22096416743801,136.15855244595804,316.64779638594894,214.57765398787848,-19.150821769367703,266.647796385949,1.0563103123818929,1613480468977.0,0.6812305249547761,1.0,0.6812305249547761,1.000404146246315,59901.0,0.626929478080768,
5140398,long,entry,1774.5,259156.0,1774.5,259156.0,564.9385026266501,0.0,0.03651112989574528,0.03651112989574528,71.25747529733376,136.17425223181323,316.6843075158447,214.57765398787848,-19.150821769367703,266.68430751584475,1.0563136257300245,1613480484138.0,1.0,1.0,1.0,1.0004040830196206,15161.0,0.6269360640586357,1763.85
5141074,long,reentry,1763.85,480216.0,1767.5829130667648,739372.0,1021.1673150167802,0.0,0.06806361085126286,0.06806361085126286,71.32553890818502,136.20351958447927,316.75237112669595,214.57765398787848,-19.150821769367703,266.752371126696,1.0563169484707418,1613480655899.0,0.6797037631099613,1.0,0.6797037631099613,1.0004040416246194,171761.0,0.6270185107445351,1752.0
5141408,long,close,1768.8,-105624.0,1767.5829130667648,633748.0,951.7400415563593,0.041117403881971666,0.014928765264586162,0.05604616914655783,71.34046767344961,136.22761943721227,316.8084172958425,214.61877139176045,-19.150821769367703,266.80841729584256,1.0563209944709362,1613480731372.0,0.42038408728755805,1.0,0.42038408728755805,1.0004039919358454,75473.0,0.6270592462372723,1753.6
5141544,long,close,1772.85,-126749.0,1767.5829130667648,506999.0,850.3098240484688,0.21304102438166594,0.01787362156978876,0.2309146459514547,71.3583412950194,136.3269127349714,317.03933194179393,214.8318124161421,-19.150821769367703,267.039331941794,1.0563426878306952,1613480789087.0,0.46195938630993316,1.0,0.46195938630993316,1.0004040629842286,57715.0,0.6270758331444947,1755.2
5141583,long,close,1773.85,-126749.0,1767.5829130667648,380250.0,722.0015613020628,0.2533457211030193,0.017863545395608423,0.2712092664986277,71.37620484041501,136.44353271956578,317.31054120829253,215.08515813724512,-19.150821769367703,267.3105412082926,1.05636874291983,1613480826818.0,0.5203983056214395,1.0,0.5203983056214395,1.0004041616675512,37731.0,0.6270805896840658,1756.8
5141592,long,close,1774.1,-380250.0,1767.5829130667648,0.0,0.0,0.7902506220777993,0.05358350713037597,0.8438341292081752,71.42978834754538,136.8063813951253,318.1543753375007,215.8754087593229,-19.150821769367703,268.15437533750077,1.0564519165787618,1613480831147.0,0.5930207371257502,1.0,0.5930207371257502,1.000404654153996,4329.0,0.6270816873470437,
5141899,long,entry,1768.55,259516.0,1768.55,259516.0,563.0443223193286,0.0,0.03668485482457381,0.03668485482457381,71.46647320236995,136.82215588269986,318.19106019232527,215.8754087593229,-19.150821769367703,268.1910601923253,1.0564514200418644,1613481037467.0,1.0,1.0,1.0,1.0004045908991774,206320.0,0.6271191298508472,1758.4
5141980,long,close,1769.8,-259516.0,1768.55,0.0,0.0,0.10364124427781864,0.036658944513504356,0.140300188791323,71.50313214688346,136.8824849638801,318.33136038111655,215.97905000360072,-19.150821769367703,268.33136038111667,1.0564646905273831,1613481065031.0,0.6814279040854767,1.0,0.6814279040854767,1.0004045988404109,27564.0,0.6271290088176487,
5153436,long,entry,1757.2,257994.0,1757.2,257994.0,559.4309603738067,0.0,0.03670526974732529,0.03670526974732529,71.53983741663079,136.89826822987146,318.36806565086385,215.97905000360072,-19.150821769367703,268.36806565086397,1.0562813919049414,1613490474015.0,1.0,1.0,1.0,1.0004045356253266,9408984.0,0.6285262118260257,1747.2
5153478,long,close,1758.4,-257994.0,1757.2,0.0,0.0,0.10019636873703444,0.03668022065514104,0.13687658939217548,71.57651763728593,136.95712516331008,318.504942240256,216.07924637233776,-19.150821769367703,268.5049422402561,1.0562947541621939,1613490477410.0,0.6815534593005228,1.0,0.6815534593005228,1.0004045411727183,3395.0,0.6285313342532562,
5153499,long,entry,1757.0,258106.0,1757.0,258106.0,559.3683330497523,0.0,0.03672538417757541,0.03672538417757541,71.6132430214635,136.97291707850644,318.5416676244336,216.07924637233776,-19.150821769367703,268.5416676244337,1.0562983242508808,1613490479037.0,1.0,1.0,1.0,1.0004044779979107,1627.0,0.6285338954668714,1747.2
5153504,long,close,1758.2,-258106.0,1757.0,0.0,0.0,0.10026268004345476,0.036700318507564555,0.13696299855101932,71.64994333997107,137.03181116788338,318.6786306229846,216.1795090523812,-19.150821769367703,268.67863062298477,1.0563117230569858,1613490480654.0,0.6817793076289952,1.0,0.6817793076289952,1.0004044835635306,1617.0,0.628534505279637,
5154492,long,entry,1754.1,257820.0,1754.1,257820.0,558.4443189471638,0.0,0.036745339490336926,0.036745339490336926,71.68668867946141,137.04761166386422,318.7153759624749,216.1795090523812,-19.150821769367703,268.7153759624751,1.0563058935590046,1613490956805.0,1.0,1.0,1.0,1.0004044204288345,476151.0,0.6286550042821052,1744.0
5155476,long,close,1755.3,-257820.0,1754.1,0.0,0.0,0.10048289725608055,0.036720218766022904,0.13720311602210344,71.72340889822743,137.10660900375373,318.85257907849706,216.2799919496373,-19.150821769367703,268.8525790784972,1.0563136439809209,1613491244290.0,0.6806334673755211,1.0,0.6806334673755211,1.0004044261178657,287485.0,0.6287750154343611,
5158141,long,entry,1746.85,256895.0,1746.85,256895.0,556.1368693368764,0.0,0.036765463548673334,0.036765463548673334,71.76017436177611,137.12241815307965,318.8893445420457,216.2799919496373,-19.150821769367703,268.8893445420458,1.0562768957328488,1613493282854.0,1.0,1.0,1.0,1.000404363023305,2038564.0,0.6291000456383874,1737.6
5158631,long,close,1748.05,-256895.0,1746.85,0.0,0.0,0.10095490691551298,0.03674022482194445,0.13769513173745743,71.79691458659805,137.18162705972674,319.0270396737831,216.3809468565528,-19.150821769367703,269.0270396737833,1.0562886836047842,1613493368119.0,0.6808488311171119,1.0,0.6808488311171119,1.0004043690077211,85265.0,0.6291598072894091,
5160578,long,entry,1742.35,256373.0,1742.35,256373.0,554.7035975560736,0.0,0.036785519556920256,0.036785519556920256,71.83370010615496,137.19744483313622,319.06382519334005,216.3809468565528,-19.150821769367703,269.0638251933402,1.0562622821219807,1613494885316.0,1.0,1.0,1.0,1.000404305953101,1517197.0,0.6293972683803056,1732.8
5161178,long,close,1743.55,-256373.0,1742.35,0.0,0.0,0.10127067986190694,0.03676020188695477,0.13803088174886172,71.87046030804191,137.25679811228824,319.2018560750889,216.4822175364147,-19.150821769367703,269.2018560750891,1.0562740053005673,1613494974828.0,0.680461074595424,1.0,0.680461074595424,1.000404312125316,89512.0,0.6294704459121689,
5161781,long,entry,1738.35,255925.0,1738.35,255925.0,553.4307435370174,0.0,0.036805735323726524,0.036805735323726524,71.90726604336564,137.27262457847746,319.2386618104127,216.4822175364147,-19.150821769367703,269.23866181041285,1.056271066966372,1613495305456.0,1.0,1.0,1.0,1.0004042491106329,330628.0,0.6295439893316915,1728.0
5161834,long,close,1739.55,-255925.0,1738.35,0.0,0.0,0.10155932830553466,0.036780345491650136,0.1383396737971848,71.94404638885729,137.33211063821025,319.37700148420987,216.58377686472025,-19.150821769367703,269.37700148421004,1.0562844458670415,1613495312266.0,0.6813870215676353,1.0,0.6813870215676353,1.0004042554517287,6810.0,0.6295504533470061,
5161866,long,entry,1738.05,256021.0,1738.05,256021.0,553.3348844283216,0.0,0.036825896838410865,0.036825896838410865,71.9808722856957,137.34794577385077,319.4138273810483,216.58377686472025,-19.150821769367703,269.41382738104846,1.0562878368054456,1613495322655.0,1.0,1.0,1.0,1.0004041924768392,10389.0,0.6295543561487055,1728.0
5161912,long,close,1739.25,-256021.0,1738.05,0.0,0.0,0.10163248804049146,0.03680048871640075,0.1384329767568922,72.01767277441209,137.4074719538562,319.55226035780515,216.68540935276073,-19.150821769367703,269.5522603578054,1.056300898329509,1613495345606.0,0.6814788830138605,1.0,0.6814788830138605,1.0004041988393755,22951.0,0.6295599664261484,
5161950,long,entry,1737.75,256117.0,1737.75,256117.0,553.2389624226593,0.0,0.03684606531434326,0.03684606531434326,72.05451883972644,137.42331576194138,319.5891064231195,216.68540935276073,-19.150821769367703,269.58910642311974,1.0563042148861475,1613495359754.0,1.0,1.0,1.0,1.0004041359042277,14148.0,0.6295646010031664,1728.0
5162582,long,reentry,1728.0,474584.0,1731.4174590564403,730701.0,1000.1623803894906,0.0,0.06866087962962963,0.06866087962962963,72.12317971935607,137.45283994018214,319.65776730274916,216.68540935276073,-19.150821769367703,269.6577673027494,1.0563095025213185,1613495431194.0,0.6798292992142949,1.0,0.6798292992142949,1.000404094677595,71440.0,0.629641681336729,1716.8
5162700,long,close,1732.6,-104385.0,1731.4174590564403,626316.0,932.1547942527983,0.041148516207081556,0.015061901188964562,0.05621041739604612,72.13824162054505,137.47701041966246,319.71397772014524,216.7265578689678,-19.150821769367703,269.71397772014546,1.0563146941914068,1613495445989.0,0.42086717985553523,1.0,0.42086717985553523,1.0004040449769425,14795.0,0.6296560729179955,1718.4
5162714,long,close,1732.6,-104386.0,1731.4174590564403,521930.0,851.1306118145873,0.04114891040659496,0.01506204548078033,0.05621095588737529,72.15330366602582,137.50118113069402,319.7701886760326,216.7677067793744,-19.150821769367703,269.77018867603283,1.0563201543050722,1613495447165.0,0.46222355885839655,1.0,0.46222355885839655,1.000403995291565,1176.0,0.629657780393739,1718.4
5162723,long,close,1732.6,-104386.0,1731.4174590564403,417544.0,752.958342820426,0.04114891040659496,0.01506204548078033,0.05621095588737529,72.1683657115066,137.52535184172558,319.82639963191997,216.808855689781,-19.150821769367703,269.8263996319202,1.0563256061000923,1613495448714.0,0.5087410973336485,1.0,0.5087410973336485,1.0004039456210885,1549.0,0.6296588780567169,1720.0
5162724,long,close,1733.1,-417544.0,1731.4174590564403,0.0,0.0,0.2341221339500901,0.060230800300040396,0.2943529342501305,72.22859651180664,137.65192360345313,320.1207525661701,217.0429778237311,-19.150821769367703,270.1207525661703,1.0563542924215068,1613495449098.0,1.0,1.0,1.0,1.0004040579521114,384.0,0.6296590000192701,
5162760,long,entry,1734.3,256063.0,1734.3,256063.0,552.1402178218547,0.0,0.036911578158334776,0.036911578158334776,72.26550808996498,137.66779558206122,320.1576641443284,217.0429778237311,-19.150821769367703,270.15766414432863,1.0563578385092103,1613495451639.0,1.0,1.0,1.0,1.0004039951297377,2541.0,0.6296633906711819,1724.8
5162924,long,close,1735.5,-256063.0,1734.3,0.0,0.0,0.10208906664362309,0.03688605589167387,0.13897512253529695,72.30239414585665,137.72755488475138,320.2966392668637,217.14506689037472,-19.150821769367703,270.2966392668639,1.056370819493417,1613495479726.0,0.6810742424133692,1.0,0.6810742424133692,1.0004040016734095,28087.0,0.6296833925298911,
5163315,long,entry,1732.65,255960.0,1732.65,255960.0,551.615004014902,0.0,0.036931867370790405,0.036931867370790405,72.33932601322745,137.74343558772082,320.3335711342345,217.14506689037472,-19.150821769367703,270.3335711342347,1.0563720187167722,1613495600805.0,1.0,1.0,1.0,1.000403938890602,121079.0,0.6297310798881555,1723.2
5163887,long,reentry,1723.2,474293.0,1726.5123068306466,730253.0,997.2840022721215,0.0,0.06880991759517177,0.06880991759517177,72.40813593082262,137.77302385228674,320.40238105182965,217.14506689037472,-19.150821769367703,270.4023810518299,1.0563768463627383,1613495695336.0,0.6798798688362001,1.0,0.6798798688362001,1.000403897771104,94531.0,0.6298008424685319,1712.0
5164000,long,close,1727.7,-104321.0,1726.5123068306466,625932.0,929.4680727093493,0.04153727373549961,0.01509535799039185,0.05663263172589146,72.42323128881301,137.79737588392888,320.45901368355555,217.1866041641102,-19.150821769367703,270.4590136835558,1.0563821630656478,1613495705224.0,0.42105886318813335,1.0,0.42105886318813335,1.000403848397307,9888.0,0.6298146242370327,1713.6
5164100,long,close,1731.65,-125186.0,1726.5123068306466,500746.0,830.395221906136,0.21512660883315526,0.018073224958854273,0.23319983379200954,72.44130451377187,137.89765181245946,320.69221351734757,217.40173077294335,-19.150821769367703,270.6922135173478,1.0564044786580349,1613495724080.0,0.4621600713425633,1.0,0.4621600713425633,1.0004039187590739,18856.0,0.6298268204923433,1713.6
5164148,long,close,1732.65,-125186.0,1726.5123068306466,375560.0,705.0731828918747,0.2568504998875616,0.018062793986090668,0.27491329387365226,72.45936730775796,138.01586452882512,320.9671268112212,217.6585812728309,-19.150821769367703,270.9671268112214,1.0564309476704286,1613495737091.0,0.5204047348140945,1.0,0.5204047348140945,1.0004040172227389,13011.0,0.6298326746948923,1715.2
5164152,long,close,1733.05,-375560.0,1726.5123068306466,0.0,0.0,0.8205840921602026,0.054176163411326854,0.8747602555715294,72.51354347116929,138.39201143872086,321.8418870667927,218.4791653649911,-19.150821769367703,271.84188706679294,1.0565158361548599,1613495737448.0,1.0,1.0,1.0,1.0004045208463617,357.0,0.6298331625451048,
5197206,long,entry,1753.7,260320.0,1753.7,260320.0,558.3172871679612,0.0,0.037110110053030734,0.037110110053030734,72.55065358122232,138.40796878604368,321.87899717684576,218.4791653649911,-19.150821769367703,271.878997176846,1.0558669588873808,1613528991723.0,1.0,1.0,1.0,1.000404458032628,33254275.0,0.6338645127754555,1744.0
5197380,long,close,1754.9,-260320.0,1753.7,0.0,0.0,0.10150352057356164,0.037084734172887344,0.13858825474644898,72.58773831539521,138.46756173558464,322.0175854315922,218.58066888556468,-19.150821769367703,272.0175854315924,1.0558796735898532,1613529020290.0,0.6809980075603009,1.0,0.6809980075603009,1.000404463699526,28567.0,0.6338857342596959,
5197861,long,entry,1751.85,260187.0,1751.85,260187.0,557.7277969171121,0.0,0.03713031937665896,0.03713031937665896,72.62486863477187,138.4835277729166,322.05471575096885,218.58066888556468,-19.150821769367703,272.0547157509691,1.055876347225588,1613529374993.0,1.0,1.0,1.0,1.0004044009254356,354703.0,0.6339443982477396,1742.4
5197896,long,close,1753.05,-260187.0,1751.85,0.0,0.0,0.10166597245256649,0.03710490288354582,0.13877087533611232,72.66197353765541,138.54319924931113,322.19348662630495,218.68233485801724,-19.150821769367703,272.1934866263052,1.05588920689532,1613529396531.0,0.6814531245297358,1.0,0.6814531245297358,1.000404406674341,21538.0,0.6339486669370983,
5197930,long,entry,1751.6,260292.0,1751.6,260292.0,557.648241401742,0.0,0.03715060516099566,0.03715060516099566,72.69912414281642,138.55917400953035,322.23063723146595,218.68233485801724,-19.150821769367703,272.2306372314662,1.0558923083371792,1613529419836.0,1.0,1.0,1.0,1.0004043439398689,23305.0,0.6339528136639039,1742.4
5198570,long,close,1752.8,-260292.0,1751.6,0.0,0.0,0.10173602508716467,0.03712517115472387,0.13886119624188853,72.73624931397114,138.6188843239144,322.36949842770787,218.78407088310442,-19.150821769367703,272.36949842770804,1.055898544180403,1613529782827.0,0.6804765842132979,1.0,0.6804765842132979,1.0004043497084139,362991.0,0.6340308696978915,
5200171,long,entry,1746.05,259609.0,1746.05,259609.0,555.8813130752145,0.0,0.03717090003149967,0.03717090003149967,72.77342021400264,138.63486781092794,322.4066693277394,218.78407088310442,-19.150821769367703,272.40666932773956,1.0558680147379644,1613531540585.0,1.0,1.0,1.0,1.0004042870135104,1757758.0,0.6342261317454134,1736.0
5200303,long,close,1747.25,-259609.0,1746.05,0.0,0.0,0.10211493498421736,0.03714537129775362,0.13926030628197097,72.8105655853004,138.6947497426292,322.5459296340214,218.88618581808865,-19.150821769367703,272.54592963402155,1.0558796345193524,1613531627271.0,0.6812881271248376,1.0,0.6812881271248376,1.0004042930092845,86686.0,0.6342422308024234,
5202148,long,entry,1741.1,259015.0,1741.1,259015.0,554.3058546436615,0.0,0.037191287117339614,0.037191287117339614,72.84775687241773,138.71074199608967,322.58312092113874,218.88618581808865,-19.150821769367703,272.5831209211389,1.0558532517170345,1613533172439.0,1.0,1.0,1.0,1.0004042303538867,1545168.0,0.6344672517129031,1731.2
5202347,long,close,1742.3,-259015.0,1741.1,0.0,0.0,0.10246121687610474,0.03716567181312059,0.13962688868922532,72.88492254423086,138.77078155822602,322.722747809828,218.98864703496474,-19.150821769367703,272.72274780982815,1.0558648115152125,1613533263336.0,0.6812777192055537,1.0,0.6812777192055537,1.0004042365544221,90897.0,0.634491522260971,
5202460,long,entry,1740.05,259001.0,1740.05,259001.0,553.9720110200919,0.0,0.037211718054078906,0.037211718054078906,72.92213426228494,138.7867825969893,322.7599595278821,218.98864703496474,-19.150821769367703,272.75995952788224,1.0558660455955424,1613533382864.0,1.0,1.0,1.0,1.0004041739384426,119528.0,0.634505304029472,1729.6
5202565,long,close,1741.25,-259001.0,1740.05,0.0,0.0,0.10257932327900934,0.037186073223259154,0.1397653965022685,72.9593203355082,138.84688171748527,322.8997249243844,219.09122635824374,-19.150821769367703,272.8997249243845,1.055878293565343,1613533438481.0,0.6814147217873353,1.0,0.6814147217873353,1.0004041801901027,55617.0,0.6345181100975481,
5202607,long,entry,1739.55,259068.0,1739.55,259068.0,553.8119897615793,0.0,0.03723204276968182,0.03723204276968182,72.99655237827788,138.86289149587626,322.93695696715406,219.09122635824374,-19.150821769367703,272.9369569671542,1.055881498336873,1613533456236.0,1.0,1.0,1.0,1.000404117613404,17755.0,0.6345232325247785,1729.6
5202775,long,close,1740.75,-259068.0,1739.55,0.0,0.0,0.1026648314200591,0.0372063765618268,0.1398712079818859,73.03375875483971,138.92303611530843,323.0768281751359,219.19389118966382,-19.150821769367703,273.0768281751361,1.0558931031673735,1613533545171.0,0.6812317669084644,1.0,0.6812317669084644,1.0004041238941097,88935.0,0.6345437222337003,
5202821,long,entry,1738.8,259099.0,1738.8,259099.0,553.5741950653903,0.0,0.03725255923625489,0.03725255923625489,73.07101131407596,138.93905471578003,323.1140807343722,219.19389118966382,-19.150821769367703,273.11408073437235,1.0558960938722193,1613533573967.0,1.0,1.0,1.0,1.0004040613567617,28796.0,0.6345493325111431,1729.6
5202969,long,close,1740.0,-259099.0,1738.8,0.0,0.0,0.1027656806517473,0.037226867816091955,0.13999254846783926,73.10823818189205,138.99925151162122,323.25407328284007,219.29665687031556,-19.150821769367703,273.2540732828402,1.0559078613086577,1613533654692.0,0.6812034927205561,1.0,0.6812034927205561,1.000404067676817,80725.0,0.6345673829690027,
5330064,long,entry,1895.8,282648.0,1895.8,282648.0,603.5567367632124,0.0,0.037272919084291596,0.037272919084291596,73.14551110097634,139.01527886682746,323.29134620192434,219.29665687031556,-19.150821769367703,273.29134620192445,1.053836081306793,1613644870148.0,1.0,1.0,1.0,1.0004040051786531,111215456.0,0.6500682136559519,1884.75
5330188,long,close,1897.1,-282648.0,1895.8,0.0,0.0,0.10216603196366367,0.03724737757630067,0.13941340953996434,73.18275847855264,139.07522663292966,323.43075961146434,219.39882290227922,-19.150821769367703,273.4307596114644,1.0538486852927185,1613644879064.0,0.6813742976042167,1.0,0.6813742976042167,1.0004040110691643,8916.0,0.6500833370125371,
5331203,long,entry,1892.6,282325.0,1892.6,282325.0,602.5377657925942,0.0,0.03729327380323365,0.03729327380323365,73.22005175235587,139.09126274066506,323.4680528852676,219.39882290227922,-19.150821769367703,273.46805288526764,1.0538428629551058,1613645393016.0,1.0,1.0,1.0,1.0004039486102743,513952.0,0.6502071290039392,1881.25
5331242,long,close,1893.9,-282325.0,1892.6,0.0,0.0,0.10239454236063673,0.03726767516764348,0.13966221752828023,73.25731942752351,139.1513174942022,323.60771510279585,219.50121744463985,-19.150821769367703,273.6077151027959,1.0538553497986838,1613645409213.0,0.6815760254762351,1.0,0.6815760254762351,1.0004039546258685,16197.0,0.6502118855435103,
5333199,long,entry,1887.85,281771.0,1887.85,281771.0,601.0262586814079,0.0,0.03731374314696612,0.03731374314696612,73.29463317067048,139.16736240375542,323.6450288459428,219.50121744463985,-19.150821769367703,273.6450288459429,1.0538374609716565,1613646594922.0,1.0,1.0,1.0,1.000403892206239,1185709.0,0.6504505662599378,1877.75
5333428,long,close,1889.15,-281771.0,1887.85,0.0,0.0,0.10270834203965315,0.03728806606145621,0.13999640810110936,73.33192123673193,139.2275608592389,323.78502525404394,219.6039257866795,-19.150821769367703,273.785025254044,1.0538494120699837,1613646641983.0,0.6811531784183513,1.0,0.6811531784183513,1.0004038984035957,47061.0,0.650478495684599,
5333972,long,entry,1885.35,281552.0,1885.35,281552.0,600.2302784954214,0.0,0.03733418198212534,0.03733418198212534,73.36925541871406,139.2436145574912,323.8223594360261,219.6039257866795,-19.150821769367703,273.82235943602615,1.053849272609249,1613646839679.0,1.0,1.0,1.0,1.0004038360230971,197696.0,0.6505448433134884,1874.25
5334208,long,close,1886.65,-281552.0,1885.35,0.0,0.0,0.10290077455121856,0.03730845678848753,0.1402092313397061,73.40656387550256,139.3039045269673,323.9625686673658,219.7068265612307,-19.150821769367703,273.9625686673659,1.0538608288714186,1613646909355.0,0.6812372392483158,1.0,0.6812372392483158,1.000403842320739,69676.0,0.6505736264760213,
5376337,long,entry,1917.6,286525.0,1917.6,286525.0,610.4973642962569,0.0,0.03735463600333751,0.03735463600333751,73.4439185115059,139.31996702044873,323.99992330336914,219.7068265612307,-19.150821769367703,273.9999233033692,1.0531584784828314,1613686714700.0,1.0,1.0,1.0,1.0004037799792997,39805345.0,0.6557117868758048,1907.5
5376586,long,close,1918.95,-286525.0,1917.6,0.0,0.0,0.10511739983743441,0.03732835665337815,0.14244575649081256,73.48124686815927,139.3812186957398,324.14236905985996,219.81194396106815,-19.150821769367703,274.14236905986,1.0531694047593916,1613686823493.0,0.681402064348055,1.0,0.681402064348055,1.0004037877259258,108793.0,0.655742155551528,
5388928,long,entry,1913.0,285996.0,1913.0,285996.0,609.032420144463,0.0,0.03737532671197073,0.03737532671197073,73.51862219487124,139.39729008622592,324.17974438657194,219.81194396106815,-19.150821769367703,274.179744386572,1.0530110652104083,1613696090754.0,1.0,1.0,1.0,1.000403725423175,9267261.0,0.6572474173819567,1902.25
5389013,long,close,1914.35,-285996.0,1913.0,0.0,0.0,0.10542835126524829,0.03734896962415441,0.1427773208894027,73.55597116449539,139.45868433420836,324.3225217074613,219.9173723123334,-19.150821769367703,274.3225217074614,1.0530237634870814,1613696097332.0,0.6813350668980416,1.0,0.6813350668980416,1.000403733346386,6578.0,0.6572577841989707,
5389638,long,entry,1910.95,285849.0,1910.95,285849.0,608.3807941029908,0.0,0.0373961903765143,0.0373961903765143,73.5933673548719,139.47476469607025,324.3599178978378,219.9173723123334,-19.150821769367703,274.35991789783793,1.053018388920598,1613696599074.0,1.0,1.0,1.0,1.0004036710823319,501742.0,0.6573340107946617,1900.5
5390563,long,reentry,1900.5,529678.0,1904.162811960855,815527.0,1099.9066243939178,0.0,0.0696761378584583,0.0696761378584583,73.66304349273037,139.5047254353494,324.42959403569625,219.9173723123334,-19.150821769367703,274.42959403569637,1.0530192311283575,1613696909877.0,0.679875401035023,1.0,0.679875401035023,1.00040363032322,310803.0,0.6574468261562842,1888.25
5391344,long,close,1905.5,-116503.0,1904.162811960855,699024.0,1025.1114368638257,0.042935503455166286,0.015285095775387038,0.058220599230553324,73.67832858850575,139.5297602930185,324.4878146349268,219.96030781578858,-19.150821769367703,274.4878146349269,1.0530218337280375,1613697060344.0,0.4190071444978381,1.0,0.4190071444978381,1.0004035819520933,150467.0,0.6575420789102597,1888.25
5391400,long,close,1905.5,-116504.0,1904.162811960855,582520.0,936.0015979133484,0.04293587199077014,0.015285226974547364,0.058221098965317505,73.69361381548029,139.5547953655736,324.5460357338921,220.00324368777936,-19.150821769367703,274.5460357338922,1.0530267285694124,1613697078970.0,0.4618837601764694,1.0,0.4618837601764694,1.0004035335952222,18626.0,0.6575489088132336,1890.0
5391561,long,close,1910.9,-145630.0,1904.162811960855,436890.0,797.0609630320587,0.2696419621888764,0.0190525406876341,0.28869450287651055,73.71266635616793,139.67893400181052,324.8347302367686,220.27288564996823,-19.150821769367703,274.83473023676873,1.053051758201842,1613697126943.0,0.5089698888294258,1.0,0.5089698888294258,1.0004036383788555,47973.0,0.6575685447842836,1891.75
5391565,long,close,1911.0,-436890.0,1904.162811960855,0.0,0.0,0.8208898053657575,0.05715463108320251,0.87804443644896,73.76982098725114,140.05649310948357,325.7127746732176,221.093775455334,-19.150821769367703,275.7127746732177,1.0531302737975898,1613697127590.0,0.5828980543540864,1.0,0.5828980543540864,1.0004041335865748,647.0,0.6575690326344961,
5467924,long,entry,1936.5,290912.0,1936.5,290912.0,616.5141520121514,0.0,0.03755641621482055,0.03755641621482055,73.80737740346596,140.07264236845594,325.75033108943245,221.093775455334,-19.150821769367703,275.75033108943256,1.0517854325334168,1613776483412.0,1.0,1.0,1.0,1.0004040713166982,79355822.0,0.6668819712270824,1925.0
5468543,long,close,1937.85,-290912.0,1936.5,0.0,0.0,0.10465446116057416,0.037530252599530405,0.14218471376010455,73.84490765606549,140.1337817953728,325.89251580319257,221.19842991649458,-19.150821769367703,275.8925158031927,1.0517968821973922,1613776538700.0,0.6804715582097741,1.0,0.6804715582097741,1.0004040783020152,55288.0,0.6669574660474547,
5468773,long,entry,1933.1,290562.0,1933.1,290562.0,615.4324590618043,0.0,0.037577207594019967,0.037577207594019967,73.88248486365951,140.14993999463823,325.9300930107866,221.19842991649458,-19.150821769367703,275.9300930107867,1.051799261661246,1613776592289.0,1.0,1.0,1.0,1.0004040160709324,53589.0,0.6669855174346689,1921.5
5469304,long,close,1934.45,-290562.0,1933.1,0.0,0.0,0.10489644136975589,0.037550983483677525,0.14244742485343342,73.9200358471432,140.2111923873252,326.07254043564006,221.30332635786434,-19.150821769367703,276.0725404356402,1.0518097144999154,1613776708690.0,0.6805934922867946,1.0,0.6805934922867946,1.000404023186916,116401.0,0.667050279550368,
5504106,long,entry,2005.95,301678.0,2005.95,301678.0,638.6245795360232,0.0,0.037597896258630574,0.037597896258630574,73.95763374340183,140.22735948271642,326.11013833189867,221.30332635786434,-19.150821769367703,276.1101383318988,1.0514926561421967,1613796165124.0,1.0,1.0,1.0,1.0004039609944682,19456434.0,0.6712948203235471,1994.3
5504166,long,close,2007.35,-301678.0,2005.95,0.0,0.0,0.10488864375832,0.03757167409769099,0.142460317856011,73.99520541749952,140.2886174193945,326.2525986497547,221.40821500162266,-19.150821769367703,276.2525986497548,1.0515048687200481,1613796170266.0,0.6813648100107156,1.0,0.6813648100107156,1.0004039680758026,5142.0,0.6713021380767334,
5514073,long,entry,1997.2,300528.0,1997.2,300528.0,635.8389801026584,0.0,0.03761866613258562,0.03761866613258562,74.03282408363211,140.30479344583154,326.2902173158873,221.40821500162266,-19.150821769367703,276.2902173158874,1.0513744945735444,1613804355528.0,1.0,1.0,1.0,1.0004039059220065,8185262.0,0.6725104210903501,1985.05
5514107,long,close,1998.6,-300528.0,1997.2,0.0,0.0,0.1054060494058095,0.037592314620234164,0.14299836402604366,74.07041639825235,140.36628274236273,326.4332156799133,221.51362105102848,-19.150821769367703,276.4332156799134,1.0513867979030231,1613804355553.0,0.6814433967421551,1.0,0.6814433967421551,1.0004039133151674,25.0,0.6725145678171557,
5514126,long,entry,1997.0,300664.0,1997.0,300664.0,635.7749219905579,0.0,0.03763945918878318,0.03763945918878318,74.10805585744113,140.38246770981388,326.47085513910207,221.51362105102848,-19.150821769367703,276.4708551391022,1.0513900307340711,1613804355850.0,1.0,1.0,1.0,1.000403851199887,297.0,0.6725168851056647,1985.05
5514867,long,reentry,1985.05,557130.0,1989.2385753455956,857794.0,1149.216417927744,0.0,0.07016573889826454,0.07016573889826454,74.1782215963394,140.41263897754013,326.5410208780003,221.51362105102848,-19.150821769367703,276.54102087800044,1.051395758796377,1613804374665.0,0.6797103667553864,1.0,0.6797103667553864,1.000403810548611,18815.0,0.6726072593575159,1972.8
5515054,long,close,1990.6,-122542.0,1989.2385753455956,735252.0,1071.0827973420683,0.04213157581560525,0.015390083391942129,0.05752165920754738,74.19361167973133,140.4373732909994,326.5985425372079,221.55575262684408,-19.150821769367703,276.598542537208,1.051400615683725,1613804380143.0,0.420568019800971,1.0,0.420568019800971,1.0004037615742114,5478.0,0.6726300663549466,1972.8
5515109,long,close,1990.6,-122542.0,1989.2385753455956,612710.0,977.9934257501675,0.04213157581560525,0.015390083391942129,0.05752165920754738,74.20900176312327,140.46210760445865,326.65606419641546,221.59788420265969,-19.150821769367703,276.65606419641557,1.0514054890244862,1613804384558.0,0.46122595707139424,1.0,0.46122595707139424,1.0004037126142047,4415.0,0.6726367742953675,1974.6
5515116,long,close,1990.6,-122542.0,1989.2385753455956,490168.0,865.199761729852,0.04213157581560525,0.015390083391942129,0.05752165920754738,74.2243918465152,140.4868419179179,326.713585855623,221.6400157784753,-19.150821769367703,276.71358585562314,1.0514104222954441,1613804385242.0,0.5086077499057066,1.0,0.5086077499057066,1.0004036636685845,684.0,0.6726376280332392,1976.4
5515221,long,close,1990.6,-490168.0,1989.2385753455956,0.0,0.0,0.168526303262421,0.061560333567768515,0.2300866368301895,74.28595218008297,140.58577917175487,326.9436724924532,221.8085420817377,-19.150821769367703,276.94367249245335,1.0514300375965775,1613804394683.0,0.5644602256582673,1.0,0.5644602256582673,1.000403728272387,9441.0,0.6726504341013153,
5515227,long,entry,1990.9,300215.0,1990.9,300215.0,633.8338834983359,0.0,0.03769840273243257,0.03769840273243257,74.3236505828154,140.6019894849298,326.9813708951856,221.8085420817377,-19.150821769367703,276.98137089518576,1.0514332726113562,1613804394852.0,1.0,1.0,1.0,1.0004036662770397,169.0,0.6726511658766339,1980.0
5515570,long,close,1992.3,-300215.0,1990.9,0.0,0.0,0.10596348707601759,0.03767191186066356,0.14363539893668115,74.36132249467607,140.66375270647256,327.1250062941223,221.91450556881372,-19.150821769367703,277.12500629412244,1.0514452831393504,1613804414627.0,0.6807123474305035,1.0,0.6807123474305035,1.0004036739285436,19775.0,0.6726929990323491,
5544514,long,entry,2003.4,302267.0,2003.4,302267.0,637.8127613121115,0.0,0.037719252271139064,0.037719252271139064,74.39904174694722,140.67997198494916,327.1627255463934,221.91450556881372,-19.150821769367703,277.1627255463936,1.0510451259579847,1613829349292.0,1.0,1.0,1.0,1.000403611971471,24934665.0,0.676223083169436,1992.45
5545001,long,reentry,1992.45,560100.0,1996.2880685369455,862367.0,1153.1188802131621,0.0,0.07027779869005495,0.07027779869005495,74.46931954563728,140.71019143838586,327.23300334508343,221.91450556881372,-19.150821769367703,277.2330033450836,1.0510504983818816,1613829387339.0,0.6798771525235338,1.0,0.6798771525235338,1.000403571417376,38047.0,0.6762824789327984,1979.5
5546007,long,close,1997.65,-123195.0,1996.2880685369455,739172.0,1074.7064932849673,0.042073217376258354,0.015417490551397892,0.057490707927656245,74.48473703618868,140.73491244279475,327.29049405301106,221.95657878619,-19.150821769367703,277.2904940530113,1.051053615583422,1613829497989.0,0.41937619324614195,1.0,0.41937619324614195,1.000403522478146,110650.0,0.6764051732612225,1981.35
5546145,long,close,2002.2,-147834.0,1996.2880685369455,591338.0,960.154604859151,0.21866186626681625,0.018458945160323644,0.2371208114271399,74.503195981349,140.83687439170842,327.5276148644382,222.1752406524568,-19.150821769367703,277.5276148644384,1.0510734407797455,1613829519705.0,0.4622434359344672,1.0,0.4622434359344672,1.0004035913752123,21716.0,0.6764220040935511,1981.35
5546163,long,close,2003.35,-147834.0,1996.2880685369455,443504.0,815.2519805748648,0.2610464459645528,0.018448349015399206,0.279494794979952,74.5216443303644,140.95705715354978,327.80710965941813,222.43628709842136,-19.150821769367703,277.80710965941836,1.0510971822387698,1613829520900.0,1.0,1.0,1.0,1.000403687888379,1195.0,0.676424199419507,1983.2
5546168,long,close,2003.6,-443504.0,1996.2880685369455,0.0,0.0,0.8107657965548839,0.05533839089638651,0.8661041874512704,74.57698272126078,141.32948195415386,328.67321384686943,223.24705289497624,-19.150821769367703,278.6732138468696,1.0511706756726409,1613829521615.0,0.5929743725131108,1.0,0.5929743725131108,1.0004041677011328,715.0,0.6764248092322726,
5546459,long,entry,1994.55,302356.0,1994.55,302356.0,634.9952596338434,0.0,0.03789777142713896,0.03789777142713896,74.61488049268792,141.34577799586754,328.71111161829657,223.24705289497624,-19.150821769367703,278.71111161829674,1.05117299605516,1613829577025.0,1.0,1.0,1.0,1.0004041057178503,55410.0,0.6764603003352263,1983.2
5546567,long,close,1995.95,-302356.0,1994.55,0.0,0.0,0.1063290763756532,0.03787118915804504,0.14420026553369825,74.65275168184596,141.407784110047,328.85531188383027,223.3533819713519,-19.150821769367703,278.85531188383044,1.0511850025056861,1613829590178.0,0.6813632437795902,1.0,0.6813632437795902,1.000404113134745,13153.0,0.6764734722909617,
5549698,long,entry,1989.6,301773.0,1989.6,301773.0,633.4197492286469,0.0,0.037918802774427024,0.037918802774427024,74.69067048462038,141.42408919524001,328.8932306866047,223.3533819713519,-19.150821769367703,278.89323068660485,1.0511708555279415,1613830668999.0,1.0,1.0,1.0,1.0004040511897756,1078821.0,0.6768553370447351,1978.2
5549725,long,close,1991.0,-301773.0,1989.6,0.0,0.0,0.10665258439819023,0.03789213962832747,0.1445447240265177,74.72856262424871,141.48624342657143,329.03777541063124,223.46003455575007,-19.150821769367703,279.03777541063135,1.0511829855730856,1613830675611.0,0.6816106214136335,1.0,0.6816106214136335,1.0004040587876473,6612.0,0.676858630033669,
5550626,long,entry,1986.85,301523.0,1986.85,301523.0,632.5441014905359,0.0,0.03793982937816141,0.03793982937816141,74.76650245362687,141.50255755320404,329.0757152400094,223.46003455575007,-19.150821769367703,279.0757152400095,1.0511817617752912,1613830951252.0,1.0,1.0,1.0,1.0004039968808802,275641.0,0.676968518294017,1976.4
5550839,long,close,1988.25,-301523.0,1986.85,0.0,0.0,0.10685932076837401,0.03791311454796932,0.14477243531634332,74.80441556817485,141.56480970039007,329.2204876753257,223.56689387651844,-19.150821769367703,279.22048767532584,1.0511938097811115,1613830963679.0,0.6808878511297871,1.0,0.6808878511297871,1.0004040045832003,12427.0,0.6769944963178286,
5550894,long,entry,1985.75,301523.0,1985.75,301523.0,632.1933131417157,0.0,0.037960846027949136,0.037960846027949136,74.84237641420279,141.58113286418208,329.25844852135367,223.56689387651844,-19.150821769367703,279.2584485213538,1.0511967994856881,1613830977410.0,1.0,1.0,1.0,1.0004039427145475,13731.0,0.6770012042582494,1974.6
5551255,long,reentry,1974.6,558722.0,1978.508167382548,860245.0,1142.8972813620785,0.0,0.07073863060873088,0.07073863060873088,74.91311504481152,141.61155047534382,329.3291871519624,223.56689387651844,-19.150821769367703,279.3291871519625,1.0512026305576967,1613830986786.0,0.6798291696124608,1.0,0.6798291696124608,1.0004039022007682,9376.0,0.6770452327399205,1962.0
5552304,long,reentry,1962.0,1594033.0,1967.7862509666793,2454278.0,1589.129558341247,0.0,0.20311327726809378,0.20311327726809378,75.1162283220796,141.6988891845691,329.5323004292305,223.56689387651844,-19.150821769367703,279.5323004292306,1.0512192461491328,1613831021170.0,0.41746870136238007,1.0,0.41746870136238007,1.0004039477830449,34384.0,0.6771731714581282,1935.0
5552520,long,close,1969.15,-129172.0,1967.7862509666793,2325106.0,1570.4611606112708,0.04546174672138579,0.016399461696671152,0.06186120841805694,75.13262778377627,141.72548950418886,329.59416163764854,223.6123556232398,-19.150821769367703,279.59416163764865,1.0512242923725599,1613831032399.0,0.1896124029979107,1.0,0.1896124029979107,1.0004039014775021,11229.0,0.677199515369599,1935.0
5552522,long,close,1969.15,-122374.0,1967.7862509666793,2202732.0,1551.225568510144,0.04306920844519605,0.01553639895386334,0.058605607399059394,75.14816418273014,141.7506899153705,329.65276724504764,223.655424831685,-19.150821769367703,279.6527672450477,1.051229239494173,1613831032642.0,1.0,1.0,1.0,1.0004038530691102,243.0,0.6771997592947052,1936.8
5552554,long,close,1970.45,-129572.0,1967.7862509666793,2073160.0,1528.9377301350046,0.08901457579001866,0.016439392017051944,0.1054539678070706,75.16460357474719,141.79603512152752,329.7582212128547,223.74443940747503,-19.150821769367703,279.7582212128548,1.0512381330363154,1613831033456.0,0.2124559229780454,1.0,0.2124559229780454,1.0004038350976816,814.0,0.6772036620964046,1938.6
5552581,long,close,1971.95,-138210.0,1967.7862509666793,1934950.0,1502.65802405898,0.1483030869745189,0.01752199599381323,0.16582508296833215,75.18212557074101,141.86733990720393,329.9240462958231,223.89274249444955,-19.150821769367703,279.92404629582313,1.0512521139375617,1613831034641.0,0.2238106761422456,1.0,0.2238106761422456,1.0004038562893542,1185.0,0.6772069550853385,1940.4
5552629,long,close,1972.15,-138210.0,1967.7862509666793,1796740.0,1473.4274682459325,0.1554108611271148,0.017520219050275083,0.1729310801773899,75.19964578979128,141.9417002716802,330.09697737600044,224.04815335557666,-19.150821769367703,280.0969773760005,1.0512666658723737,1613831037166.0,0.2373649229532926,1.0,0.2373649229532926,1.0004038820254897,2525.0,0.6772128092878875,1940.4
5552632,long,close,1972.35,-138210.0,1967.7862509666793,1658530.0,1440.721718279173,0.16251719379637808,0.017518442467107764,0.18003563626348584,75.21716423225838,142.0191155952735,330.2770130122639,224.21067054937305,-19.150821769367703,280.277013012264,1.051281845076431,1613831037477.0,1.0,1.0,1.0,1.0004039122950563,311.0,0.6772131751755468,1942.2
5552633,long,close,1972.6,-138210.0,1967.7862509666793,1520320.0,1403.8820784865588,0.17139808321495692,0.017516222244753122,0.18891430545971005,75.23468045450313,142.10034874662117,330.46592731772364,224.38206863258802,-19.150821769367703,280.4659273177237,1.0512977682490086,1613831037552.0,1.0,1.0,1.0,1.0004039482362534,75.0,0.6772132971380999,1944.0
5552644,long,close,1972.9,-138210.0,1967.7862509666793,1382110.0,1362.0731146118337,0.18205217956739858,0.01751355872066501,0.1995657382880636,75.2521940132238,142.18616201408503,330.6654930560117,224.5641208121554,-19.150821769367703,280.66549305601177,1.0513145572801084,1613831039014.0,0.288218582662023,1.0,0.288218582662023,1.0004039909824187,1462.0,0.677214638726184,1945.8
5552657,long,close,1973.65,-153567.0,1967.7862509666793,1228543.0,1308.45067963769,0.2318596702254696,0.01945215717072429,0.2513118273961939,75.27164617039452,142.2942260998654,330.9168048834079,224.79598048238088,-19.150821769367703,280.91680488340796,1.0513357149300515,1613831039033.0,1.0,1.0,1.0,1.0004040670756207,19.0,0.6772162242393744,1947.6
5552687,long,close,1974.15,-153567.0,1967.7862509666793,1074976.0,1245.3841624931733,0.2515665386708532,0.019447230453612945,0.2710137691244662,75.29109340084813,142.41076202058892,331.18781865253237,225.04754702105174,-19.150821769367703,281.1878186525324,1.0513584981047994,1613831040022.0,0.33670408859265966,1.0,0.33670408859265966,1.0004041557324892,989.0,0.6772198831159676,1949.4
5552744,long,close,1971.95,-134372.0,1967.7862509666793,940604.0,1180.4758379131085,0.14418480864582922,0.01703542179061335,0.16122023043644257,75.30812882263874,142.4800867196766,331.34903888296884,225.19173182969757,-19.150821769367703,281.3490388829689,1.0513720240557867,1613831041765.0,0.36814603627946557,1.0,0.36814603627946557,1.0004041733895015,1743.0,0.6772268349814946,1949.4
5552818,long,close,1975.55,-156767.0,1967.7862509666793,783837.0,1089.393465825518,0.31308350557984865,0.019838399433069275,0.3329219050129179,75.3279672220718,142.62324313883215,331.6819607879818,225.5048153352774,-19.150821769367703,281.68196078798184,1.0513998924813655,1613831047994.0,0.4016544995118311,1.0,0.4016544995118311,1.000404301651263,6229.0,0.6772358602104245,1951.2
5552972,long,close,1973.65,-156767.0,1967.7862509666793,627070.0,976.5061338121393,0.23669111802819742,0.019857497529957188,0.2565486155581546,75.34782471960176,142.73355904352218,331.93850940353997,225.74150645330562,-19.150821769367703,281.93850940353997,1.051421178045472,1613831063376.0,0.44731699770406474,1.0,0.44731699770406474,1.0004043804868052,15382.0,0.6772546424436027,1953.0
5552984,long,close,1974.75,-156767.0,1967.7862509666793,470303.0,832.6293019545859,0.2809362068403618,0.019846436257754146,0.300782643098116,75.36767115585951,142.86289558005436,332.23929204663807,226.02244266014597,-19.150821769367703,282.23929204663807,1.0514463825815235,1613831064726.0,0.5052909803879937,1.0,0.5052909803879937,1.000404487604763,1350.0,0.6772561059942399,1954.8
5552989,long,close,1975.35,-470303.0,1967.7862509666793,0.0,0.0,0.9151512578398486,0.05952147720657099,0.9746727350464196,75.42719263306608,143.28200485612433,333.21396478168447,226.93759391798582,-19.150821769367703,283.21396478168447,1.0515279724588693,1613831064882.0,0.5784795717336173,1.0,0.5784795717336173,1.000405026880643,156.0,0.6772567158070055,
5553024,long,entry,1974.25,303414.0,1974.25,303414.0,628.5333681419573,0.0,0.03842142585792073,0.03842142585792073,75.465614058924,143.29852606924322,333.2523862075424,226.93759391798582,-19.150821769367703,283.2523862075424,1.0515311221897992,1613831068701.0,1.0,1.0,1.0,1.0004049650314941,3819.0,0.6772609844963642,1963.8
5553053,long,close,1975.6,-303414.0,1974.25,0.0,0.0,0.1050190826244251,0.03839517108726463,0.14341425371168973,75.50400923001126,143.36019419833923,333.39580046125405,227.04261300061026,-19.150821769367703,283.39580046125405,1.0515431037041432,1613831068892.0,0.6811094022618176,1.0,0.6811094022618176,1.0004049704480356,191.0,0.6772645214104043,
5553253,long,entry,1973.4,303448.0,1973.4,303448.0,628.2615154611957,0.0,0.03844228235532583,0.03844228235532583,75.54245151236658,143.37672437975203,333.4342427436094,227.04261300061026,-19.150821769367703,283.4342427436094,1.051545560247459,1613831115491.0,1.0,1.0,1.0,1.0004049086372517,46599.0,0.6772889139210253,1962.0
5553449,long,close,1974.75,-303448.0,1973.4,0.0,0.0,0.10512131901190017,0.03841600202557286,0.14353732103747302,75.58086751439215,143.43844542779817,333.5777800646469,227.14773431962217,-19.150821769367703,283.57778006464684,1.0515571066476284,1613831142759.0,0.6811017128769119,1.0,0.6811017128769119,1.000404914092175,27268.0,0.677312818581434,
5558095,long,entry,1965.15,302345.0,1965.15,302345.0,625.6359386402046,0.0,0.038463348853777064,0.038463348853777064,75.61933086324593,143.4549846678053,333.6162434135007,227.14773431962217,-19.150821769367703,283.6162434135006,1.0515422293986303,1613832259176.0,1.0,1.0,1.0,1.0004048523198306,1116417.0,0.6778794566031624,1954.8
5558146,long,close,1966.5,-302345.0,1965.15,0.0,0.0,0.10562017991883184,0.03843694380879736,0.1440571237276292,75.65776780705474,143.51692923100816,333.7603005372283,227.25335449954102,-19.150821769367703,283.76030053722826,1.0515540994540264,1613832268489.0,0.6816102093434073,1.0,0.6816102093434073,1.0004048580665688,9313.0,0.6778856766933707,
5558185,long,entry,1964.85,302464.0,1964.85,302464.0,625.540072559641,0.0,0.03848436267399547,0.03848436267399547,75.69625216972874,143.533477506958,333.79878489990233,227.25335449954102,-19.150821769367703,283.7987848999023,1.0515572485680869,1613832272277.0,1.0,1.0,1.0,1.0004047963324874,3788.0,0.6778904332329418,1953.0
5558235,long,close,1966.2,-302464.0,1964.85,0.0,0.0,0.10569400795421356,0.03845793917200692,0.14415194712622048,75.73471010890074,143.59546284422228,333.9429368470286,227.35904850749523,-19.150821769367703,283.9429368470285,1.0515692224878248,1613832275268.0,0.6814969080653559,1.0,0.6814969080653559,1.0004048020989247,2991.0,0.6778965313605971,
5581126,long,entry,1972.05,303738.0,1972.05,303738.0,627.8316371456109,0.0,0.03850536244010041,0.03850536244010041,75.77321547134085,143.61202015007154,333.9814422094687,227.35904850749523,-19.150821769367703,283.9814422094686,1.0513174659696185,1613848085756.0,1.0,1.0,1.0,1.0004047404030436,15810488.0,0.6806883761637362,1960.2
5581654,long,close,1973.4,-303738.0,1972.05,0.0,0.0,0.10536584431772195,0.03847902097902098,0.14384486529674292,75.81169449231987,143.67387344214913,334.1252870747654,227.46441435181296,-19.150821769367703,284.1252870747653,1.0513271689335084,1613848224493.0,0.6811256858420384,1.0,0.6811256858420384,1.0004047459327496,138737.0,0.6807527723917759,
5581973,long,entry,1968.9,303419.0,1968.9,303419.0,626.8296078808127,0.0,0.03852646147595104,0.03852646147595104,75.85022095379583,143.69043982058378,334.1638135362414,227.46441435181296,-19.150821769367703,284.16381353624126,1.0513282875330003,1613848353816.0,1.0,1.0,1.0,1.0004046842751633,129323.0,0.6807916784462166,1958.4
5583420,long,close,1970.25,-303419.0,1968.9,0.0,0.0,0.10559212890250555,0.03850006344372542,0.14409219234623097,75.88872101723955,143.75239946329268,334.3079057285876,227.57000648071548,-19.150821769367703,284.3079057285875,1.0513288616749055,1613849062181.0,0.6803520612540477,1.0,0.6803520612540477,1.0004046899220194,708365.0,0.6809681582605603,
5588899,long,entry,1959.85,302189.0,1959.85,302189.0,623.9478090599551,0.0,0.0385474653672475,0.0385474653672475,75.92726848260679,143.7689748734006,334.34645319395486,227.57000648071548,-19.150821769367703,284.34645319395474,1.0512801432832535,1613852300511.0,1.0,1.0,1.0,1.0004046283025814,3238330.0,0.6816363910890256,1949.4
5589676,long,reentry,1949.4,559956.0,1953.062811997982,862145.0,1128.107784816086,0.0,0.07181132656201908,0.07181132656201908,75.9990798091688,143.79985374382224,334.41826452051686,227.57000648071548,-19.150821769367703,284.41826452051674,1.0512843535290972,1613852408634.0,0.6799200712750635,1.0,0.6799200712750635,1.0004045878885472,108123.0,0.6817311559927886,1936.8
5591218,long,close,1954.4,-123163.0,1953.062811997982,738982.0,1051.3926382178843,0.043146250976117025,0.015754579410560784,0.05890083038667781,76.01483438857936,143.82518110088853,334.47716535090353,227.6131527316916,-19.150821769367703,284.4771653509034,1.0512843094722208,1613852715633.0,0.4200258162479636,1.0,0.4200258162479636,1.0004045392644259,306999.0,0.6819192222496774,1936.8
5591221,long,close,1954.4,-123163.0,1953.062811997982,615819.0,959.9965851853101,0.043146250976117025,0.015754579410560784,0.05890083038667781,76.03058896798991,143.8505084579548,334.5360661812902,227.65629898266772,-19.150821769367703,284.5360661812901,1.0512891648967542,1613852716620.0,1.0,1.0,1.0,1.0004044906543974,987.0,0.6819195881373367,1938.6
5591533,long,close,1960.0,-153954.0,1953.062811997982,461865.0,817.4884937127555,0.2789986869262749,0.019636989795918366,0.29863567672219327,76.05022595778583,143.97892179894532,334.8347018580124,227.935297669594,-19.150821769367703,284.8347018580123,1.0513120667887819,1613852827908.0,0.5088903516125796,1.0,0.5088903516125796,1.0004045944783353,111288.0,0.6819576404539056,1940.4
5591538,long,close,1960.3,-461865.0,1953.062811997982,0.0,0.0,0.8730641523668625,0.05890233637708514,0.9319664887439476,76.10912829416291,144.3796673891052,335.7666683467563,228.80836182196086,-19.150821769367703,285.76666834675626,1.051388953066326,1613852828469.0,0.58298850015928,1.0,0.58298850015928,1.000405099783605,561.0,0.6819582502666711,
5595420,long,entry,1945.9,301348.0,1945.9,301348.0,619.5076420371313,0.0,0.03871576134436507,0.03871576134436507,76.14784405550728,144.39631516648328,335.80538410810067,228.80836182196086,-19.150821769367703,285.8053841081006,1.0513585506780672,1613854923148.0,1.0,1.0,1.0,1.0004050381556646,2094679.0,0.6824317088978269,1935.0
5596320,long,close,1947.25,-301348.0,1945.9,0.0,0.0,0.10736428874543057,0.03868892027217871,0.14605320901760926,76.18653297577946,144.45911804636086,335.9514373171183,228.9157261107063,-19.150821769367703,285.95143731711823,1.051368288494792,1613855065671.0,0.679998118733887,1.0,0.679998118733887,1.0004050445109978,142523.0,0.6825414751956218,
5598014,long,entry,1937.65,300235.0,1937.65,300235.0,616.8804092947312,0.0,0.03873700100637369,0.03873700100637369,76.22526997678582,144.4757749567936,335.9901743181247,228.9157261107063,-19.150821769367703,285.9901743181246,1.0513594879079264,1613855813712.0,1.0,1.0,1.0,1.000404982920964,748041.0,0.6827480797605826,1926.75
5598711,long,reentry,1926.75,556335.0,1930.570541812111,856570.0,1115.2094403259296,0.0,0.07218567536006228,0.07218567536006228,76.29745565214589,144.50681479719844,336.06235999348473,228.9157261107063,-19.150821769367703,286.0623599934847,1.051363785871361,1613855916046.0,0.6798253961204489,1.0,0.6798253961204489,1.000404942513742,102334.0,0.6828330876600972,1914.5
5599149,long,close,1931.9,-122367.0,1930.570541812111,734203.0,1039.3783718811928,0.04361829429290612,0.01583505875045292,0.05945335304335904,76.31329071089634,144.53237973900707,336.1218133465281,228.9593444049992,-19.150821769367703,286.12181334652803,1.0513678427283575,1613855967996.0,0.4205500154183053,1.0,0.4205500154183053,1.0004048940631725,51950.0,0.6828865072583574,1914.5
5599306,long,close,1936.3,-146840.0,1930.570541812111,587363.0,928.596873104098,0.2250606711745228,0.018958839022878687,0.24401951019740148,76.33224954991921,144.63730812839196,336.3658328567255,229.18440507617373,-19.150821769367703,286.36583285672543,1.0513872613743218,1613856007915.0,0.4620890817020609,1.0,0.4620890817020609,1.0004049622534388,39919.0,0.682905655379195,1916.25
5599330,long,close,1937.4,-146840.0,1930.570541812111,440523.0,788.4627433785416,0.26811780532373103,0.018948074739341382,0.28706588006307243,76.35119762465855,144.76074645681908,336.6528987367886,229.45252288149746,-19.150821769367703,286.65289873678853,1.0514106704815465,1613856018482.0,0.5204519349803254,1.0,0.5204519349803254,1.0004050574691543,10567.0,0.6829085824804695,1918.0
5599331,long,close,1937.45,-440523.0,1930.570541812111,0.0,0.0,0.8102268760045777,0.05684314433920876,0.8670700203437864,76.40804076899776,145.13358656556693,337.5199687571324,230.26274975750204,-19.150821769367703,287.5199687571323,1.0514817662261773,1613856018694.0,1.0,1.0,1.0,1.0004055177988092,212.0,0.6829087044430227,
5599737,long,entry,1930.5,300524.0,1930.5,300524.0,614.6044881200231,0.0,0.03891789691789692,0.03891789691789692,76.44695866591566,145.15032126124163,337.5588866540503,230.26274975750204,-19.150821769367703,287.5588866540502,1.0514836213474352,1613856101624.0,1.0,1.0,1.0,1.0004054561867466,82930.0,0.6829582212395835,1919.75
5600103,long,close,1931.85,-300524.0,1930.5,0.0,0.0,0.10878517656993075,0.03889070062375444,0.1476758771936852,76.48584936653941,145.21382188843492,337.706562531244,230.37153493407197,-19.150821769367703,287.7065625312439,1.0514939483508459,1613856211367.0,0.6808907122948997,1.0,0.6808907122948997,1.00040546298325,109743.0,0.6830028595340201,
5600812,long,entry,1927.15,300168.0,1927.15,300168.0,613.5374663795454,0.0,0.03893936642191837,0.03893936642191837,76.52478873296133,145.23056581599633,337.7455018976659,230.37153493407197,-19.150821769367703,287.7455018976658,1.0514908852900549,1613856600470.0,1.0,1.0,1.0,1.000405401408938,389103.0,0.6830893309841719,1916.25
5601534,long,reentry,1916.25,556211.0,1920.0705411389115,856379.0,1109.1536789037086,0.0,0.07256503587736465,0.07256503587736465,76.59735376883869,145.2617687814236,337.81806693354326,230.37153493407197,-19.150821769367703,287.81806693354315,1.0514948732388887,1613856721832.0,0.6798155378459736,1.0,0.6798155378459736,1.0004053609829036,121362.0,0.6831773879475141,1904.0
5603468,long,reentry,1904.0,1586870.0,1909.6328577030013,2443249.0,1542.1811446277584,0.0,0.20836003151260504,0.20836003151260504,76.8057138003513,145.35136359497403,338.02642696505586,230.37153493407197,-19.150821769367703,288.02642696505575,1.0515065748190107,1613857054157.0,0.4174460049351566,1.0,0.4174460049351566,1.0004054058182106,332325.0,0.6834132635252202,1877.75
5606135,long,reentry,1877.75,559019.0,1903.6963046603435,3002268.0,1601.7774053256132,0.0,0.07442670749567301,0.07442670749567301,76.88014050784697,145.38336707919714,338.1008536725515,230.37153493407197,-19.150821769367703,288.1008536725514,1.0515096556335142,1613857241088.0,0.17868608157439508,1.0,0.17868608157439508,1.0004053665385628,186931.0,0.6837385376543528,0.05
5626149,long,close,1905.0,-158014.0,1903.6963046603435,2844254.0,1585.8279825898694,0.056804014968856356,0.020736745406824148,0.0775407603756805,76.9008772532538,145.41670960615872,338.17839443292723,230.42833894904084,-19.150821769367703,288.17839443292706,1.0514953194650443,1613858528383.0,0.10679897098889574,1.0,0.10679897098889574,1.0004053292182487,1287295.0,0.6861794961922071,1867.25
5626164,long,close,1906.2,-158014.0,1903.6963046603435,2686240.0,1568.3261325987849,0.10902118942734532,0.020723691113209528,0.12974488054055483,76.921600944367,145.47249990479114,338.3081393134678,230.5373601384682,-19.150821769367703,288.3081393134676,1.0515059039407777,1613858529042.0,0.16769728260431443,1.0,0.16769728260431443,1.0004053246249143,659.0,0.6861813256305037,1869.0
5626180,long,close,1906.2,-149235.0,1903.6963046603435,2537005.0,1550.211026615526,0.10296415003854012,0.01957231665092855,0.12253646668946867,76.94117326101792,145.5251905854676,338.43067578015723,230.64032428850672,-19.150821769367703,288.4306757801571,1.0515159055786942,1613858529113.0,0.1771420380394109,1.0,0.1771420380394109,1.0004053154869965,71.0,0.6861832770313534,1870.75
5626344,long,close,1905.0,-133526.0,1903.6963046603435,2403479.0,1532.5527129585964,0.048000891710427644,0.017523097112860892,0.06552398882328854,76.95869635813078,145.55336590066165,338.49619976898055,230.68832518021713,-19.150821769367703,288.49619976898043,1.0515209320285068,1613858549093.0,0.1836053260576001,1.0,0.1836053260576001,1.00040527062966,19980.0,0.6862032788900627,1872.5
5626350,long,close,1906.2,-133526.0,1903.6963046603435,2269953.0,1513.242570824784,0.09212578214256781,0.01751206589025286,0.10963784803282067,76.97620842402104,145.60051017531572,338.6058376170133,230.7804509623597,-19.150821769367703,288.60583761701326,1.0515298678460783,1613858549672.0,1.0,1.0,1.0,1.0004052533924004,579.0,0.6862040106653814,1872.5
5626359,long,close,1907.45,-133526.0,1903.6963046603435,2136427.0,1492.0444131797697,0.13803017253354233,0.017500589792655116,0.15553076232619745,76.9937090138137,145.66738840311598,338.7613683793395,230.91848113489326,-19.150821769367703,288.76136837933944,1.0515425278629074,1613858551201.0,1.0,1.0,1.0,1.0004052648434858,1529.0,0.6862051083283593,1874.25
5626443,long,close,1905.0,-118690.0,1903.6963046603435,2017737.0,1471.5177192098135,0.04266753918420875,0.015576115485564306,0.058243654669773055,77.00928512929926,145.69243317462397,338.81961203400925,230.96114867407746,-19.150821769367703,288.8196120340092,1.0515471294207168,1613858560358.0,0.2154154634380977,1.0,0.2154154634380977,1.000405215434035,9157.0,0.6862153531828201,1876.0
5626453,long,close,1906.35,-126108.0,1903.6963046603435,1891629.0,1447.5672547334789,0.09221326389894025,0.016537886537099696,0.10875115043603995,77.02582301583635,145.73919616931147,338.9283631844453,231.0533619379764,-19.150821769367703,288.92836318444523,1.051555978323396,1613858561329.0,1.0,1.0,1.0,1.0004051975999257,971.0,0.6862165728083512,1877.75
5626494,long,close,1905.0,-118226.0,1903.6963046603435,1773403.0,1422.9149555497693,0.042500737110053616,0.015515223097112861,0.05801596020716648,77.04133823893346,145.76414303220056,338.98637914465246,231.09586267508647,-19.150821769367703,288.9863791446524,1.051560609191794,1613858567363.0,0.23952337550119313,1.0,0.23952337550119313,1.0004051480654765,6034.0,0.6862215732730286,1877.75
5626501,long,close,1906.55,-126671.0,1903.6963046603435,1646732.0,1393.6389375625615,0.09959532173685866,0.016609976134903358,0.11620529787176201,77.05794821506836,145.81411131028543,339.10258444252423,231.19545799682334,-19.150821769367703,289.1025844425242,1.051570061803926,1613858568286.0,0.25316102582350386,1.0,0.25316102582350386,1.0004051348729786,923.0,0.6862224270109003,1879.5
5626557,long,close,1905.0,-117623.0,1903.6963046603435,1529109.0,1363.4899797585574,0.042283966311097695,0.015436089238845143,0.05772005554994284,77.07338430430721,145.8389309341719,339.1603044980742,231.23774196313443,-19.150821769367703,289.16030449807414,1.0515746429217367,1613858575766.0,0.2678929724928758,1.0,0.2678929724928758,1.0004050851695068,7480.0,0.6862292569138742,1881.25
5626571,long,close,1906.8,-127425.0,1903.6963046603435,1401684.0,1326.8753898626128,0.10895092360735195,0.016706655129011958,0.1256575787363639,77.09009095943622,145.89296369302852,339.2859620768105,231.34669288674178,-19.150821769367703,289.2859620768105,1.051584862163238,1613858576576.0,0.2847265679955109,1.0,0.2847265679955109,1.0004050778535927,810.0,0.6862309643896176,1881.25
5626669,long,close,1905.0,-116807.0,1903.6963046603435,1284877.0,1289.185691445425,0.04199062473241108,0.015329002624671918,0.057319627357083,77.10541996206089,145.91761113279208,339.3432817041676,231.3886835114742,-19.150821769367703,289.34328170416757,1.0515894008948554,1613858584508.0,0.30254388296007106,1.0,0.30254388296007106,1.0004050279141161,7932.0,0.686242916719822,1883.0
5626672,long,close,1905.0,-116807.0,1903.6963046603435,1168070.0,1246.6911974395707,0.04199062473241108,0.015329002624671918,0.057319627357083,77.12074896468556,145.94225857255563,339.40060133152474,231.43067413620662,-19.150821769367703,289.4006013315246,1.0515940593840487,1613858584945.0,1.0,1.0,1.0,1.0004049779897235,437.0,0.6862432826074814,1884.75
5626694,long,close,1907.45,-129785.0,1903.6963046603435,1038285.0,1192.5176521045519,0.1341629790622485,0.017010275498702456,0.15117325456095096,77.13775924018427,146.00726307201685,339.5517745860857,231.56483711526886,-19.150821769367703,289.55177458608557,1.0516063432014426,1613858586015.0,0.3460495187580934,1.0,0.3460495187580934,1.0004049865362563,1070.0,0.6862459657836496,1884.75
5626701,long,close,1907.75,-129785.0,1903.6963046603435,908500.0,1129.4029862055,0.14486266749020532,0.017007600576595464,0.16187026806680077,77.15476684076086,146.07686728728558,339.7136448541525,231.70969978275906,-19.150821769367703,289.7136448541524,1.051619504666758,1613858586268.0,0.3744825974431263,1.0,0.3744825974431263,1.0004050016944088,253.0,0.6862468195215214,1886.5
5626818,long,close,1905.0,-113562.0,1903.6963046603435,794938.0,1065.1083805117219,0.04082408867501149,0.014903149606299213,0.05572723828131071,77.16966999036715,146.10082999974657,339.76937209243385,231.75052387143407,-19.150821769367703,289.7693720924337,1.051623765928802,1613858603035.0,0.40668593616900006,1.0,0.40668593616900006,1.000404950777673,16767.0,0.6862610891402348,1888.25
5626879,long,close,1905.0,-113562.0,1903.6963046603435,681376.0,989.9661552628488,0.04082408867501149,0.014903149606299213,0.05572723828131071,77.18457313997345,146.12479271220752,339.8250993307152,231.79134796010908,-19.150821769367703,289.825099330715,1.051628159475175,1613858611535.0,0.44059433796653263,1.0,0.44059433796653263,1.000404899876766,8500.0,0.6862685288559742,1890.0
5627076,long,close,1909.35,-136275.0,1903.6963046603435,545101.0,880.9435274939473,0.21196559779211369,0.017843114148794095,0.2298087119409078,77.20241625412224,146.22361045834214,340.0549080426561,232.00331355790118,-19.150821769367703,290.0549080426559,1.0516462233211301,1613858649471.0,0.48033272689614237,1.0,0.48033272689614237,1.0004049571775449,37936.0,0.686292555478936,1890.0
5627378,long,close,1910.45,-136275.0,1903.6963046603435,408826.0,744.2700002652557,0.25306047190800685,0.017832840430265118,0.27089331233827196,77.2202490945525,146.3400945826476,340.3258013549944,232.2563740298092,-19.150821769367703,290.32580135499416,1.051666950989307,1613858728290.0,0.5380474423209505,1.0,0.5380474423209505,1.000405039859677,78819.0,0.6863293881699738,1891.75
5627388,long,close,1910.75,-408826.0,1903.6963046603435,0.0,0.0,0.7927817981978491,0.05349025251864451,0.8462720507164936,77.27373934707114,146.70399156445566,341.1720734057109,233.04915582800703,-19.150821769367703,291.17207340571065,1.0517355584136208,1613858728322.0,1.0,1.0,1.0,1.000405478840161,32.0,0.6863306077955049,
5642917,long,entry,1884.05,296466.0,1884.05,296466.0,599.815567558474,0.0,0.03933892412621746,0.03933892412621746,77.31307827119736,146.72090730182995,341.2114123298371,233.04915582800703,-19.150821769367703,291.2114123298369,1.051680542223736,1613862340805.0,1.0,1.0,1.0,1.0004054175873764,3612483.0,0.6882245642826809,1874.25
5642994,long,close,1885.35,-296466.0,1884.05,0.0,0.0,0.10850102392465154,0.039311798870236295,0.14781282279488783,77.35239007006759,146.78446681563176,341.359225152632,233.15765685193168,-19.150821769367703,291.3592251526318,1.0516924249329531,1613862345058.0,0.6814659368798099,1.0,0.6814659368798099,1.0004054234498245,4253.0,0.68823395539927,
5672764,long,entry,1918.85,302108.0,1918.85,302108.0,610.8952131601327,0.0,0.03936055449878834,0.03936055449878834,77.39175062456637,146.80139185406622,341.3985857071308,233.15765685193168,-19.150821769367703,291.39858570713056,1.0512752691423732,1613888670459.0,1.0,1.0,1.0,1.0004053622346054,26325401.0,0.691864780605222,1907.5
5672813,long,close,1920.2,-302108.0,1918.85,0.0,0.0,0.11069002931644653,0.03933288199145923,0.15002291130790577,77.43108350655783,146.86590170592865,341.5486086184387,233.26834688124814,-19.150821769367703,291.5486086184385,1.051287226474023,1613888674565.0,0.6815766415636525,1.0,0.6815766415636525,1.0004053694215758,4106.0,0.6918707567703243,
5672951,long,entry,1918.2,302173.0,1918.2,302173.0,610.6879788537939,0.0,0.03938236367427797,0.03938236367427797,77.4704658702321,146.8828361223086,341.587990982113,233.26834688124814,-19.150821769367703,291.5879909821128,1.0512899567215952,1613888701385.0,1.0,1.0,1.0,1.000405308243555,26820.0,0.6918875876026528,1907.5
5673936,long,reentry,1907.5,559926.0,1911.250440610649,862099.0,1104.033853774459,0.0,0.07338479685452162,0.07338479685452162,77.54385066708663,146.91439158495604,341.6613757789675,233.26834688124814,-19.150821769367703,291.6613757789673,1.0512926355741787,1613888903334.0,0.6798406360041973,1.0,0.6798406360041973,1.0004052680807605,201949.0,0.6920077207174617,1895.25
5674542,long,close,1912.6,-123157.0,1911.250440610649,738942.0,1028.9597529421924,0.045468366544769406,0.016098112516992575,0.06156647906176198,77.55994877960363,146.94086517095258,341.72294225802926,233.31381524779292,-19.150821769367703,291.72294225802904,1.0512936917883615,1613889147881.0,0.42053071577249235,1.0,0.42053071577249235,1.0004052206321867,244547.0,0.6920816300246437,1897.0
5675235,long,close,1916.95,-147788.0,1911.250440610649,591154.0,919.2851889569853,0.22990693487483665,0.019273846474868933,0.2491807813497056,77.5792226260785,147.04801290693297,341.97212303937897,233.54372218266775,-19.150821769367703,291.97212303937874,1.051303546178037,1613889784712.0,0.4618974202791589,1.0,0.4618974202791589,1.0004052888969777,636831.0,0.6921661500739459,1897.0
5675259,long,close,1918.0,-147788.0,1911.250440610649,443366.0,780.5545396203329,0.27211243810447777,0.019263295099061523,0.29137573320353927,77.59848592117757,147.17330447221048,342.2634987725825,233.81583462077222,-19.150821769367703,292.2634987725823,1.0513265978025121,1613889800316.0,0.5204438358032368,1.0,0.5204438358032368,1.000405383009215,15604.0,0.6921690771752205,1898.75
5675262,long,close,1918.15,-443366.0,1911.250440610649,0.0,0.0,0.8344178351909158,0.05778562677579959,0.8922034619667154,77.65627154795337,147.55695196085617,343.1557022345492,234.65025245596314,-19.150821769367703,293.155702234549,1.051397796362013,1613889801784.0,1.0,1.0,1.0,1.000405846243383,1468.0,0.6921694430628798,
5676623,long,entry,1905.7,301617.0,1905.7,301617.0,606.7091980421649,0.0,0.039567744136013015,0.039567744136013015,77.69583929208937,147.57396609083466,343.19526997868525,234.65025245596314,-19.150821769367703,293.195269978685,1.051384295005077,1613890851534.0,1.0,1.0,1.0,1.0004057850422625,1049750.0,0.6923354340976564,1895.25
5676670,long,close,1907.0,-301617.0,1905.7,0.0,0.0,0.1078931670200522,0.039540770844258,0.1474339378643102,77.73538006293363,147.6373626841163,343.34270391654957,234.7581456229832,-19.150821769367703,293.34270391654934,1.0513959606045464,1613890856640.0,0.6814004106274406,1.0,0.6814004106274406,1.0004057900552465,5106.0,0.6923411663376523,
5676822,long,entry,1905.05,301678.0,1905.05,301678.0,606.5016598807604,0.0,0.03958924962599407,0.03958924962599407,77.77496931255962,147.65438606145548,343.38229316617554,234.7581456229832,-19.150821769367703,293.3822931661753,1.0513986070733212,1613890888590.0,1.0,1.0,1.0,1.0004057288916925,31950.0,0.6923597046457244,1893.5
5677335,long,close,1906.35,-301678.0,1905.05,0.0,0.0,0.10798861597039319,0.03956225247200147,0.14755086844239468,77.81453156503161,147.7178329348857,343.52984403461795,234.86613423895358,-19.150821769367703,293.5298440346177,1.0514093378784553,1613890952787.0,0.6801151582907382,1.0,0.6801151582907382,1.0004057339368109,64197.0,0.6924222714354675,
5700079,long,entry,1941.45,307610.0,1941.45,307610.0,618.0904765308964,0.0,0.039610857863967654,0.039610857863967654,77.85414242289558,147.73486560376722,343.56945489248193,234.86613423895358,-19.150821769367703,293.5694548924817,1.0511405795509896,1613908177898.0,1.0,1.0,1.0,1.0004056728108304,17225111.0,0.6951961877433,1931.4
5700165,long,close,1942.8,-307610.0,1941.45,0.0,0.0,0.11009812253726962,0.03958333333333334,0.14968145587060297,77.89372575622892,147.7992286297916,343.71913634835255,234.97623236149084,-19.150821769367703,293.7191363483523,1.051152289327148,1613908186704.0,0.6813966615820122,1.0,0.6813966615820122,1.0004056791210605,8806.0,0.6952066765228672,
5700260,long,entry,1940.75,307668.0,1940.75,307668.0,617.8668891242903,0.0,0.03963261625660183,0.03963261625660183,77.93335837248551,147.81627065478193,343.75876896460915,234.97623236149084,-19.150821769367703,293.7587689646089,1.0511551789487887,1613908202408.0,1.0,1.0,1.0,1.0004056180322878,15704.0,0.6952182629654121,1929.6
5700276,long,close,1942.1,-307668.0,1940.75,0.0,0.0,0.11019830481725706,0.03960506668039751,0.14980337149765457,77.97296343916591,147.88068610452592,343.9085723361068,235.0864306663081,-19.150821769367703,293.9085723361066,1.0511669530903298,1613908207318.0,0.6816103838378387,1.0,0.6816103838378387,1.0004056243755102,4910.0,0.6952202143662618,
5700323,long,entry,1940.55,307806.0,1940.55,307806.0,617.8034330018726,0.0,0.039654479400170056,0.039654479400170056,78.01261791856608,147.89773753066797,343.9482268155069,235.0864306663081,-19.150821769367703,293.94822681550676,1.0511700182570367,1613908211846.0,1.0,1.0,1.0,1.0004055633239533,4528.0,0.6952259466062578,1929.6
5700332,long,close,1941.9,-307806.0,1940.55,0.0,0.0,0.11027045098147481,0.03962691178742469,0.1498973627688995,78.0522448303535,147.96219339665862,344.09812417827584,235.1967011172896,-19.150821769367703,294.09812417827567,1.0511817765823586,1613908217827.0,0.6816594872974326,1.0,0.6816594872974326,1.000405569682994,5981.0,0.6952270442692358,
5733943,long,entry,1942.6,308301.0,1942.6,308301.0,618.4560826509648,0.0,0.03967633583856687,0.03967633583856687,78.09192116619207,147.9792542210692,344.1378005141144,235.1967011172896,-19.150821769367703,294.13780051411425,1.0507362201311554,1613937020229.0,1.0,1.0,1.0,1.0004055086685981,28802402.0,0.6993263276416662,1931.4
5734296,long,reentry,1931.4,571281.0,1935.3256956145078,879582.0,1118.0004903070026,0.0,0.07394648959304133,0.07394648959304133,78.1658676557851,148.0110512115942,344.21174700370744,235.1967011172896,-19.150821769367703,294.2117470037073,1.050741775319062,1613937035559.0,0.6797804216475705,1.0,0.6797804216475705,1.0004054686072028,15330.0,0.6993693804229125,1918.0
5735738,long,reentry,1918.0,1629865.0,1924.072800102971,2509447.0,1553.9918031478323,0.0,0.21244330031282588,0.21244330031282588,78.37831095609793,148.10240183072872,344.42419030402027,235.1967011172896,-19.150821769367703,294.4241903040201,1.0507549818076065,1613937257376.0,0.41708569550457386,1.0,0.41708569550457386,1.0004055130813256,221817.0,0.6995452504244907,1891.75
5736104,long,close,1925.4,-132076.0,1924.072800102971,2377371.0,1535.7433500704694,0.04731706293380796,0.017149163810117378,0.06446622674392534,78.39546011990805,148.1301223082286,344.4886565307642,235.2440181802234,-19.150821769367703,294.48865653076405,1.0507590462938134,1613937320848.0,0.18885488926410252,1.0,0.18885488926410252,1.0004054672157747,63472.0,0.6995898887189272,1893.5
5736128,long,close,1926.6,-132076.0,1924.072800102971,2245295.0,1515.804951977711,0.09004310170083757,0.017138482300425622,0.1071815840012632,78.41259860220848,148.17621038934914,344.59583811476546,235.33406128192425,-19.150821769367703,294.5958381147653,1.050767374018665,1613937324594.0,0.2027496495507089,1.0,0.2027496495507089,1.0004054474049269,3746.0,0.6995928158202018,1893.5
5736129,long,close,1926.7,-132076.0,1924.072800102971,2113219.0,1493.9804276145612,0.09360120255731712,0.017137592775211503,0.11073879533252862,78.42973619498369,148.22382807134213,344.70657691009797,235.42766248448157,-19.150821769367703,294.7065769100978,1.0507760333621852,1613937324716.0,1.0,1.0,1.0,1.0004054297495715,122.0,0.6995929377827549,1895.25
5736167,long,close,1928.15,-140881.0,1924.072800102971,1972338.0,1468.249566793663,0.15482893031721429,0.01826634338614734,0.17309527370336164,78.44800253836983,148.29825903903455,344.8796721838013,235.5824914147988,-19.150821769367703,294.8796721838012,1.0507894687544252,1613937331024.0,0.22473188157309812,1.0,0.22473188157309812,1.0004054500514374,6308.0,0.6995975723597729,1897.0
5736245,long,close,1926.85,-131489.0,1924.072800102971,1840849.0,1441.6984056000636,0.09849794176087588,0.017060098087552225,0.1155580398484281,78.46506263645739,148.34794899616935,344.9952302236497,235.68098935655968,-19.150821769367703,294.9952302236496,1.0507981299297864,1613937354935.0,0.2378668223235593,1.0,0.2378668223235593,1.0004054352802259,23911.0,0.6996070854389151,1898.75
5736251,long,close,1926.95,-131489.0,1924.072800102971,1709360.0,1412.2271857794985,0.1020393098477576,0.017059212745530503,0.1190985225932881,78.48212184920293,148.3991613608845,345.114328746243,235.78302866640743,-19.150821769367703,295.1143287462429,1.050807424074963,1613937355596.0,0.2518042422543653,1.0,0.2518042422543653,1.0004054226450578,661.0,0.6996078172142338,1898.75
5736298,long,close,1928.8,-142446.0,1924.072800102971,1566914.0,1376.3312842513947,0.1814452186423495,0.018463034010783908,0.19990825265313342,78.5005848832137,148.48512190952533,345.31423699889615,235.96447388504978,-19.150821769367703,295.31423699889604,1.0508228775037576,1613937365748.0,0.267231970019718,1.0,0.267231970019718,1.0004054591070908,10152.0,0.6996135494542298,1900.5
5736339,long,close,1930.9,-156691.0,1924.072800102971,1410223.0,1331.1046252245335,0.2879422463754765,0.0202873012584805,0.308229547633957,78.52087218447218,148.61766061500794,345.62246654653006,236.25241613142526,-19.150821769367703,295.62246654653,1.0508468505007564,1613937370836.0,0.2866901869648123,1.0,0.2866901869648123,1.0004055612522906,5088.0,0.6996185499189072,1902.25
5736482,long,close,1927.6,-141022.0,1924.072800102971,1269201.0,1284.3783607856685,0.13411536162622453,0.01828984229093173,0.15240520391715626,78.53916202676311,148.6831948526923,345.77487175044723,236.38653149305148,-19.150821769367703,295.7748717504472,1.0508577972867261,1613937431434.0,0.3088761032063689,1.0,0.3088761032063689,1.000405568674546,60598.0,0.6996359905640012,1904.0
5736487,long,close,1927.85,-141022.0,1924.072800102971,1128179.0,1230.3771271850544,0.14360253245951257,0.01828747049822341,0.16189000295773598,78.55744949726133,148.75280755396415,345.936761753405,236.530134025511,-19.150821769367703,295.93676175340494,1.050870407723208,1613937431957.0,0.33369041254115556,1.0,0.33369041254115556,1.0004055818033057,523.0,0.6996366003767667,1905.75
5736494,long,close,1928.15,-141022.0,1924.072800102971,987157.0,1167.261503652545,0.15498389002913232,0.018284625158831003,0.17326851518796332,78.57573412242016,148.82731301549498,346.110030268593,236.68511791554013,-19.150821769367703,296.1100302685929,1.0508838669975817,1613937434526.0,0.3618541390601621,1.0,0.3618541390601621,1.0004056017742256,2569.0,0.6996374541146385,1905.75
5736545,long,close,1931.65,-164526.0,1924.072800102971,822631.0,1078.5051283821128,0.3354233910558392,0.02129345378303523,0.3567168448388744,78.59702757620319,148.9807012587757,346.46674711343184,237.02054130659596,-19.150821769367703,296.4667471134318,1.0509113998709037,1613937449860.0,0.39487207877210667,1.0,0.39487207877210667,1.000405732714895,15334.0,0.6996436742048469,1907.5
5736669,long,close,1932.7,-164526.0,1924.072800102971,658105.0,968.021985631452,0.3816967422685177,0.02128188544523206,0.40297862771374976,78.61830946164842,149.15398206869259,346.86972574114554,237.4022380488645,-19.150821769367703,296.86972574114554,1.0509421928439888,1613937485034.0,0.44123248017920225,1.0,0.44123248017920225,1.000405891334191,35174.0,0.6996587975614319,1909.25
5737014,long,close,1936.35,-219368.0,1924.072800102971,438737.0,770.3661926068369,0.7228817203446547,0.02832235907764609,0.7512040794223008,78.64663182072607,149.4769998228442,347.6209298205679,238.12511976920914,-19.150821769367703,297.6209298205678,1.0509983432352175,1613937625037.0,0.4986030685875472,1.0,0.4986030685875472,1.0004062596268886,140003.0,0.6997008746422534,1912.75
5737023,long,close,1936.55,-438737.0,1924.072800102971,0.0,0.0,1.469167049844755,0.05663899718571687,1.525806047030472,78.70327081791179,150.1330964230673,349.14673586759835,239.59428681905388,-19.150821769367703,299.1467358675983,1.0511164229086947,1613937625137.0,1.0,1.0,1.0,1.0004070921117685,100.0,0.6997019723052313,
5737630,long,entry,1925.9,310135.0,1925.9,310135.0,613.1392075462251,0.0,0.040258450594527234,0.040258450594527234,78.74352926850631,150.15040755682293,349.1869943181929,239.59428681905388,-19.150821769367703,299.18699431819283,1.0511154848497266,1613937885262.0,1.0,1.0,1.0,1.0004070310084567,260125.0,0.6997760035749664,1914.5
5737877,long,close,1927.25,-310135.0,1925.9,0.0,0.0,0.11280095120532826,0.04023025035672591,0.1530312015620542,78.78375951886304,150.2162109734946,349.34002551975493,239.7070877702592,-19.150821769367703,299.3400255197549,1.0511264062495955,1613937942562.0,0.6807979761323243,1.0,0.6807979761323243,1.0004070375436271,57300.0,0.6998061283255834,
5740225,long,entry,1919.5,309276.0,1919.5,309276.0,611.1023451223425,0.0,0.04028080229226361,0.04028080229226361,78.8240403211553,150.2335317184803,349.3803063220472,239.7070877702592,-19.150821769367703,299.38030632204715,1.0511066933697524,1613939409877.0,1.0,1.0,1.0,1.0004069764773549,1467315.0,0.7000924964002753,1909.25
5740395,long,close,1920.85,-309276.0,1919.5,0.0,0.0,0.11323962432163559,0.0402524923861832,0.1534921167078188,78.86429281354148,150.29953332866467,349.533798438755,239.82032739458083,-19.150821769367703,299.53379843875496,1.051118011829235,1613939443193.0,0.6811944882894632,1.0,0.6811944882894632,1.0004069832465023,33316.0,0.7001132300343031,
5744146,long,entry,1912.05,308246.0,1912.05,308246.0,608.7298197009555,0.0,0.04030307784838263,0.04030307784838263,78.90459589138986,150.31686365213946,349.5741015166034,239.82032739458083,-19.150821769367703,299.5741015166033,1.0510935388855411,1613941217722.0,1.0,1.0,1.0,1.0004069222171033,1774529.0,0.700570711571002,1900.5
5744394,long,close,1913.4,-308246.0,1912.05,0.0,0.0,0.11374339938396905,0.040274641998536635,0.1540180413825057,78.9448705333884,150.38309140993394,349.7281195579859,239.9340707939648,-19.150821769367703,299.72811955798585,1.051105209116266,1613941230191.0,0.6809257680569475,1.0,0.6809257680569475,1.000406929258495,12469.0,0.7006009582841722,
5746748,long,entry,1907.65,307708.0,1907.65,307708.0,607.3295052327992,0.0,0.040325531412995046,0.040325531412995046,78.98519606480139,150.40043138844152,349.7684450893989,239.9340707939648,-19.150821769367703,299.7684450893988,1.0510766289433187,1613943270644.0,1.0,1.0,1.0,1.0004068682659417,2040453.0,0.7008880581341828,1897.0
5747556,long,close,1908.95,-307708.0,1907.65,0.0,0.0,0.10984717428300944,0.04029806961942429,0.15014524390243372,79.02549413442081,150.46499384331958,349.9185903333013,240.0439179682478,-19.150821769367703,299.91859033330127,1.0510845890193874,1613943502063.0,0.6803528919827373,1.0,0.6803528919827373,1.0004068729495907,231419.0,0.700986603877092,
5747818,long,entry,1903.5,307206.0,1903.5,307206.0,606.0085381438886,0.0,0.040347517730496454,0.040347517730496454,79.0658416521513,150.48234327594366,349.9589378510318,240.0439179682478,-19.150821769367703,299.95893785103175,1.051086386773713,1613943586175.0,1.0,1.0,1.0,1.0004068119943241,84112.0,0.7010185580660057,1893.5
5747848,long,close,1904.8,-307206.0,1903.5,0.0,0.0,0.11014652047384721,0.040319981100377995,0.1504665015742252,79.10616163325169,150.5470438716206,350.109404352606,240.15406448872164,-19.150821769367703,300.10940435260596,1.051097841784202,1613943593550.0,0.6815342171717439,1.0,0.6815342171717439,1.0004068168307862,7375.0,0.7010222169425988,
5759451,long,entry,1899.45,306719.0,1899.45,306719.0,604.7184290910449,0.0,0.04036944905104109,0.04036944905104109,79.14653108230273,150.56440273471253,350.14977380165703,240.15406448872164,-19.150821769367703,300.149773801657,1.0509769918803042,1613951596977.0,1.0,1.0,1.0,1.0004067559126788,8003427.0,0.7024373484462825,1888.25
5760929,long,reentry,1888.25,568350.0,1892.1756936310164,875069.0,1093.1143694136224,0.0,0.07524824573017344,0.07524824573017344,79.22177932803291,150.5967594803765,350.2250220473872,240.15406448872164,-19.150821769367703,300.22502204738714,1.0509767326460913,1613951987160.0,0.6797381479233955,1.0,0.6797381479233955,1.0004067158309402,390183.0,0.7026176090997724,1876.0
5761780,long,reentry,1876.0,1621502.0,1881.6697158021943,2496571.0,1519.6869072245163,0.0,0.2160850213219616,0.2160850213219616,79.43786434935487,150.68967603954493,350.4411070687092,240.15406448872164,-19.150821769367703,300.44110706870913,1.0509921553211463,1613952060622.0,0.41730090385478164,1.0,0.41730090385478164,1.0004067597430495,73462.0,0.7027213992324652,1849.6
5762528,long,close,1882.95,-131398.0,1881.6697158021943,2365173.0,1501.839501377858,0.047480245614148764,0.01744576329695425,0.064926008911103,79.45531011265182,150.71759422337672,350.5060330776203,240.20154473433578,-19.150821769367703,300.50603307762026,1.0509956432649286,1613952156720.0,0.18733320469277204,1.0,0.18733320469277204,1.0004067134881165,96098.0,0.7028126272221882,1851.3
5762617,long,close,1882.95,-124482.0,1881.6697158021943,2240691.0,1483.4498456235049,0.044981171209154375,0.016527523301202898,0.06150869451035727,79.47183763595302,150.74404296201618,350.56754177213065,240.24652590554493,-19.150821769367703,300.5675417721306,1.0510001483324387,1613952169999.0,0.20114920139475642,1.0,0.20114920139475642,1.0004066652094525,13279.0,0.7028234818894146,1853.0
5762650,long,close,1884.25,-131805.0,1881.6697158021943,2108886.0,1462.1396941196551,0.09592184176170372,0.017487727212418733,0.11340956897412245,79.48932536316543,150.79280907667507,350.6809513411048,240.34244774730664,-19.150821769367703,300.68095134110473,1.0510087869662927,1613952172848.0,0.21231357424547076,1.0,0.21231357424547076,1.0004066478506755,2849.0,0.7028275066536671,1853.0
5762690,long,close,1885.65,-140592.0,1881.6697158021943,1968294.0,1437.0140194298406,0.15771398696894967,0.018639726354307534,0.1763537133232572,79.50796508951974,150.86864117340406,350.857305054428,240.5001617342756,-19.150821769367703,300.85730505442797,1.0510221807677693,1613952179474.0,0.22406150974094238,1.0,0.22406150974094238,1.0004066679334938,6626.0,0.7028323851557913,1854.7
5762696,long,close,1885.85,-140592.0,1881.6697158021943,1827702.0,1409.0664483364617,0.1656211805863816,0.018637749555903173,0.18425893014228475,79.52660283907565,150.94787251336524,351.0415639845703,240.66578291486198,-19.150821769367703,301.04156398457025,1.051036262876766,1613952180252.0,0.2379413377367341,1.0,0.2379413377367341,1.00040669265554,778.0,0.70283311693111,1856.4
5762701,long,close,1886.05,-140592.0,1881.6697158021943,1687110.0,1377.7955297670146,0.17352669721888062,0.01863577317674505,0.19216247039562567,79.54523861225239,151.03050237563536,351.23372645496596,240.83930961208085,-19.150821769367703,301.23372645496585,1.051050949817839,1613952180515.0,0.25288099239848266,1.0,0.25288099239848266,1.0004067220055723,263.0,0.7028337267438755,1858.1
5762704,long,close,1886.25,-140592.0,1881.6697158021943,1546518.0,1342.5735213452786,0.18143053739987608,0.0186337972166998,0.20006433461657588,79.56387240946908,151.11653003952048,351.43379078958253,241.02074014948073,-19.150821769367703,301.4337907895824,1.051066232325402,1613952180792.0,1.0,1.0,1.0,1.0004067559720595,277.0,0.7028340926315347,1859.8
5762712,long,close,1886.55,-140592.0,1881.6697158021943,1405926.0,1302.5991966117163,0.19328315549111943,0.01863083406217699,0.21191398955329643,79.58250324353126,151.2076530550284,351.6457047791358,241.21402330497185,-19.150821769367703,301.6457047791357,1.0510823935634463,1613952182196.0,0.28826913279864363,1.0,0.28826913279864363,1.0004067968859707,1404.0,0.7028350683319596,1859.8
5762728,long,close,1887.25,-156214.0,1881.6697158021943,1249712.0,1251.3297837552893,0.2454728366883861,0.020693336865810045,0.26616617355419614,79.60319658039707,151.32210450965673,351.91187095269004,241.45949614166022,-19.150821769367703,301.9118709526899,1.0511026738342657,1613952184278.0,0.30955200009980055,1.0,0.30955200009980055,1.0004068698602522,2082.0,0.7028370197328093,1861.5
5762741,long,close,1887.75,-156214.0,1881.6697158021943,1093498.0,1191.0281506068086,0.2673966474321874,0.02068785591312409,0.2880845033453115,79.62388443631019,151.4459808460952,352.19995545603535,241.7268927890924,-19.150821769367703,302.19995545603524,1.0511246353532027,1613952184718.0,0.3369911337296795,1.0,0.3369911337296795,1.0004069556610617,440.0,0.7028386052459997,1863.2
5762760,long,close,1888.35,-156214.0,1881.6697158021943,937284.0,1119.0857474945992,0.293689895077753,0.0206812826012127,0.3143711776789657,79.64456571891141,151.58116045249716,352.51432663371435,242.02058268417017,-19.150821769367703,302.51432663371423,1.0511485708705786,1613952185839.0,0.36914211149299053,1.0,0.36914211149299053,1.0004070568320187,1121.0,0.7028409225345087,1864.9
5762803,long,close,1889.1,-156214.0,1881.6697158021943,781070.0,1031.7843416676021,0.3265329673363075,0.020673071833148062,0.3472060391694555,79.66523879074455,151.73045904934003,352.8615326728838,242.34711565150647,-19.150821769367703,302.8615326728837,1.0511748521089181,1613952195463.0,0.407326688118526,1.0,0.407326688118526,1.0004071771899352,9624.0,0.7028461669242922,1866.6
5762853,long,close,1891.55,-195267.0,1881.6697158021943,585803.0,892.348029704399,0.5420471557764323,0.025807803124421772,0.567854958900854,79.69104659386898,151.9746366816674,353.42938763178466,242.8891628072829,-19.150821769367703,303.42938763178455,1.0512178554405462,1613952206351.0,0.4538945448606123,1.0,0.4538945448606123,1.0004074274267258,10888.0,0.7028522650519475,1868.3
5763128,long,close,1893.7,-195267.0,1881.6697158021943,390536.0,702.3327847663869,0.6592500426487057,0.025778502402703702,0.6850285450514094,79.71682509627168,152.2691989560395,354.1144161768361,243.5484128499316,-19.150821769367703,304.11441617683596,1.0512685878881938,1613952287329.0,0.5277207495808839,1.0,0.5277207495808839,1.0004077459681513,80978.0,0.7028858047540515,1870.0
5763632,long,close,1904.4,-390536.0,1881.6697158021943,0.0,0.0,2.4772188236756443,0.05126759084226003,2.5284864145179045,79.76809268711393,153.3564481142822,356.64290259135396,246.02563167360725,-19.150821769367703,306.64290259135385,1.0514573604342352,1613952433448.0,0.6291801558783596,1.0,0.6291801558783596,1.0004091430146962,146119.0,0.7029472738808167,
5773780,long,entry,1883.8,309869.0,1883.8,309869.0,599.736697860428,0.0,0.041122863361291014,0.041122863361291014,79.80921555047523,153.37413094552755,356.68402545471525,246.02563167360725,-19.150821769367703,306.68402545471514,1.0513281024206753,1613960941651.0,1.0,1.0,1.0,1.0004090818405211,8508203.0,0.7041849498697318,1872.5
5773821,long,close,1885.1,-309869.0,1883.8,0.0,0.0,0.1134363638420864,0.04109450427033049,0.1545308681124169,79.85031005474556,153.4405792188159,356.8385563228277,246.13906803744933,-19.150821769367703,306.83855632282757,1.0513395852617788,1613960949263.0,0.6815839140640149,1.0,0.6815839140640149,1.0004090868688038,7612.0,0.7041899503344091,
5773946,long,entry,1883.25,309948.0,1883.25,309948.0,599.5609648567583,0.0,0.041145360414177615,0.041145360414177615,79.89145541515974,153.458271723794,356.8797016832419,246.13906803744933,-19.150821769367703,306.87970168324176,1.0513420690178104,1613960988198.0,1.0,1.0,1.0,1.0004090257317355,38935.0,0.7042051956535473,1873.4
5774553,long,reentry,1873.4,574333.0,1876.8525086482691,884281.0,1084.0562525004239,0.0,0.07664313547560585,0.07664313547560585,79.96809855063535,153.49122827204852,356.95634481871747,246.13906803744933,-19.150821769367703,306.95634481871735,1.0513454357623615,1613961141825.0,0.6799525102854467,1.0,0.6799525102854467,1.0004089853145166,153627.0,0.7042792269232824,1861.5
5774688,long,close,1878.15,-126325.0,1876.8525086482691,757956.0,1010.333747240609,0.04649790211645904,0.016815083992226393,0.06331298610868544,79.98491363462757,153.51845285607524,357.0196578048262,246.1855659395658,-19.150821769367703,307.01965780482607,1.0513495098323746,1613961185360.0,0.42126564743858,1.0,0.42126564743858,1.0004089371358278,43535.0,0.7042956918679516,1861.5
5774901,long,close,1878.15,-126326.0,1876.8525086482691,631630.0,922.5029153433202,0.04649827019801152,0.016815217101935415,0.06331348729994693,80.00172885172951,153.5456776556142,357.0829712921261,246.23206420976382,-19.150821769367703,307.082971292126,1.0513536210084042,1613961226447.0,0.4620161090305596,1.0,0.4620161090305596,1.000408888970928,41087.0,0.7043216698917631,1863.2
5774929,long,close,1878.15,-126326.0,1876.8525086482691,505304.0,816.0862910733122,0.04649827019801152,0.016815217101935415,0.06331348729994693,80.01854406883145,153.57290245515318,357.146284779426,246.27856247996183,-19.150821769367703,307.1462847794259,1.0513581651979627,1613961239581.0,0.5086928259562111,1.0,0.5086928259562111,1.0004088408195189,13134.0,0.7043250848432501,1864.9
5774934,long,close,1878.45,-505304.0,1876.8525086482691,0.0,0.0,0.22896097564651016,0.06725012643402804,0.2962111020805382,80.08579419526548,153.7002732290478,357.44249588150655,246.50752345560835,-19.150821769367703,307.44249588150643,1.0513802938682146,1613961244357.0,0.565541795638143,1.0,0.565541795638143,1.0004089282138149,4776.0,0.7043256946560156,
5774976,long,entry,1879.0,309772.0,1879.0,309772.0,598.2080151886272,0.0,0.04121500798296967,0.04121500798296967,80.12700920324845,153.71799568248048,357.4837108894895,246.50752345560835,-19.150821769367703,307.4837108894894,1.0513829063372637,1613961274967.0,1.0,1.0,1.0,1.0004088671859634,30610.0,0.7043308170832461,1868.3
5775435,long,close,1880.3,-309772.0,1879.0,0.0,0.0,0.11398076983002824,0.04118651279051216,0.1551672826205404,80.16819571603897,153.78471761400732,357.63887817211,246.62150422543837,-19.150821769367703,307.6388781721099,1.0513919969223646,1613961437933.0,0.6808365708858628,1.0,0.6808365708858628,1.0004088724190057,162966.0,0.7043867978951215,
5776685,long,entry,1874.35,309175.0,1874.35,309175.0,596.727389390119,0.0,0.04123762904473551,0.04123762904473551,80.2094333450837,153.80244979449657,357.6801158011548,246.62150422543837,-19.150821769367703,307.68011580115467,1.0513845446804932,1613962116560.0,1.0,1.0,1.0,1.000408811428089,678627.0,0.7045392510865034,1863.2
5777608,long,close,1875.65,-309175.0,1874.35,0.0,0.0,0.11432605818392977,0.04120904753018953,0.1555351057141193,80.25064239261388,153.8693298899536,357.83565090686886,246.7358302836223,-19.150821769367703,307.8356509068688,1.0513940826957273,1613962251928.0,0.6798243383554022,1.0,0.6798243383554022,1.0004088168346066,135368.0,0.7046518225230198,
5777852,long,entry,1869.65,308570.0,1869.65,308570.0,595.2318537591237,0.0,0.04126039633086406,0.04126039633086406,80.29190278894475,153.88707186037587,357.87691130319973,246.7358302836223,-19.150821769367703,307.8769113031997,1.05139595700264,1613962330011.0,1.0,1.0,1.0,1.0004087558806087,78083.0,0.7046815813859776,1859.8
5778718,long,close,1870.95,-308570.0,1869.65,0.0,0.0,0.11467653380395672,0.04123172719741308,0.15590826100136979,80.33313451614217,153.95411241260646,358.0328195642011,246.85050681742626,-19.150821769367703,308.032819564201,1.0514052930914761,1613962479702.0,0.680017281067023,1.0,0.680017281067023,1.0004087614632287,149691.0,0.704787200956967,
5779755,long,entry,1863.9,307790.0,1863.9,307790.0,593.4005730960636,0.0,0.041283062396051284,0.041283062396051284,80.37441757853821,153.97186412943677,358.07410262659715,246.85050681742626,-19.150821769367703,308.0741026265971,1.0514032237151125,1613962811669.0,1.0,1.0,1.0,1.0004087005459896,331967.0,0.7049136761245375,1853.0
5781176,long,reentry,1853.0,570334.0,1856.820543567879,878124.0,1072.674517749372,0.0,0.07694738262277388,0.07694738262277388,80.45136496116099,154.00495150396458,358.15105000921994,246.85050681742626,-19.150821769367703,308.1510500092199,1.0514053310207487,1613963046337.0,0.679753596645315,1.0,0.679753596645315,1.0004086603245794,234668.0,0.7050869849125004,1841.1
5781528,long,close,1858.1,-125446.0,1856.820543567879,752678.0,999.7412357911023,0.04652038540279433,0.016878262741510146,0.06339864814430447,80.4682432239025,154.03221292266662,358.21444865736424,246.89702720282907,-19.150821769367703,308.2144486573642,1.051408546449415,1613963144368.0,0.42063003713339714,1.0,0.42063003713339714,1.0004086122601326,98031.0,0.7051299157311935,1842.8
5781641,long,close,1862.35,-150535.0,1856.820543567879,602143.0,893.1904667935099,0.24070698421316825,0.020207667731629395,0.2609146519447976,80.48845089163413,154.14440622300287,358.47536330930905,247.13773418704224,-19.150821769367703,308.475363309309,1.05142768863437,1613963166741.0,0.4622300444898726,1.0,0.4622300444898726,1.000408678576711,22373.0,0.7051436974996945,1842.8
5781669,long,close,1863.4,-150535.0,1856.820543567879,451608.0,758.4064045694638,0.286253943788602,0.020196280991735538,0.30645022478033757,80.50864717262587,154.27617981965844,358.7818135340894,247.42398813083085,-19.150821769367703,308.78181353408934,1.0514503801411301,1613963178443.0,0.520421774118226,1.0,0.520421774118226,1.000408771088752,11702.0,0.7051471124511814,1844.5
5781671,long,close,1863.45,-451608.0,1856.820543567879,0.0,0.0,0.8652704468778227,0.06058761973758352,0.9258580666154063,80.56923479236346,154.67429878830308,359.7076716007048,248.28925857770867,-19.150821769367703,309.70767160070477,1.0515193603449173,1613963179084.0,0.5930204429463569,1.0,0.5930204429463569,1.0004092208991664,641.0,0.7051473563762877,
5785184,long,entry,1852.65,307364.0,1852.65,307364.0,589.8197719166812,0.0,0.04147626373033223,0.04147626373033223,80.61071105609379,154.6921335817071,359.74914786443514,248.28925857770867,-19.150821769367703,309.7491478644351,1.0514994245369853,1613964658763.0,1.0,1.0,1.0,1.000409159962475,1479679.0,0.7055758108253475,1842.8
5785539,long,close,1853.95,-307364.0,1852.65,0.0,0.0,0.11633354265092656,0.041447180344669494,0.15778072299559606,80.65215823643847,154.7599792925952,359.90692858743074,248.4055921203596,-19.150821769367703,309.9069285874307,1.0515100138673257,1613964732289.0,0.6811785016666588,1.0,0.6811785016666588,1.0004091660609211,73526.0,0.7056191075316999,
5786742,long,entry,1848.05,306770.0,1848.05,306770.0,588.3543969890486,0.0,0.04149914775033143,0.04149914775033143,80.6936573841888,154.77782392612787,359.9484277351811,248.4055921203596,-19.150821769367703,309.94842773518104,1.0515045463351222,1613965282178.0,1.0,1.0,1.0,1.0004091051607968,549889.0,0.7057658284830859,1837.7
5787645,long,reentry,1837.7,568444.0,1841.3277636098144,875214.0,1063.6493602761311,0.0,0.07733090275888338,0.07733090275888338,80.77098828694768,154.8110762143142,360.02575863794,248.4055921203596,-19.150821769367703,310.02575863793993,1.051508981220537,1613965366545.0,0.6798332669501544,1.0,0.6798332669501544,1.000409064911122,84367.0,0.7058759606685402,1825.8
5788019,long,close,1842.6,-125030.0,1841.3277636098144,750184.0,991.3236202431093,0.04688348389922494,0.01696380115054814,0.06384728504977308,80.78795208809824,154.8385305468856,360.0896059229898,248.4524756042588,-19.150821769367703,310.0896059229897,1.051513072533536,1613965408503.0,0.42067028307400267,1.0,0.42067028307400267,1.0004090169096997,41958.0,0.7059215746634017,1827.5
5788031,long,close,1842.6,-125030.0,1841.3277636098144,625154.0,905.1558224203253,0.04688348389922494,0.01696380115054814,0.06384728504977308,80.80491588924879,154.86598487945702,360.1534532080396,248.49935908815803,-19.150821769367703,310.1534532080394,1.0515177513010245,1613965412633.0,0.46207036913307686,1.0,0.46207036913307686,1.0004089689216473,4130.0,0.7059230382140389,1827.5
5788284,long,close,1842.6,-125030.0,1841.3277636098144,500124.0,800.7517291331317,0.04688348389922494,0.01696380115054814,0.06384728504977308,80.82187969039934,154.89343921202843,360.2173004930894,248.54624257205725,-19.150821769367703,310.21730049308917,1.05152176759907,1613965459297.0,0.5072775251515608,1.0,0.5072775251515608,1.0004089209469587,46664.0,0.7059538947399746,1829.2
5788285,long,close,1842.7,-500124.0,1841.3277636098144,0.0,0.0,0.20226507078568737,0.06785206490475931,0.2701171356904467,80.8897317553041,155.00958958037532,360.48741762877984,248.74850764284295,-19.150821769367703,310.4874176287796,1.0515418186391263,1613965459441.0,1.0,1.0,1.0,1.0004089915107595,144.0,0.7059540167025278,
5788500,long,entry,1840.8,306060.0,1840.8,306060.0,586.0470844839982,0.0,0.0415661668839635,0.0415661668839635,80.93129792218807,155.02746303213544,360.5289837956638,248.74850764284295,-19.150821769367703,310.5289837956636,1.0515440459804457,1613965514523.0,1.0,1.0,1.0,1.00040893072244,55082.0,0.7059802386514454,1830.9
5788562,long,close,1842.1,-306060.0,1840.8,0.0,0.0,0.11733568633440178,0.0415368329623799,0.15887251929678167,80.97283475515044,155.09577821543306,360.6878563149606,248.86584332917735,-19.150821769367703,310.68785631496036,1.0515556829123347,1613965524113.0,0.6813229556911374,1.0,0.6813229556911374,1.0004089372885097,9590.0,0.705987800329738,
5788609,long,entry,1840.4,306163.0,1840.4,306163.0,585.9189027011535,0.0,0.0415891925668333,0.0415891925668333,81.01442394771728,155.11366156823678,360.72944550752743,248.86584332917735,-19.150821769367703,310.7294455075272,1.0515586304422375,1613965532913.0,1.0,1.0,1.0,1.0004088765365113,8800.0,0.705993532569734,1829.2
5788624,long,close,1841.7,-306163.0,1840.4,0.0,0.0,0.11742618306319269,0.04155983602106749,0.1589860190842602,81.05598378373834,155.18202555644302,360.88843152661167,248.98326951224055,-19.150821769367703,310.88843152661144,1.0515703571423727,1613965536861.0,0.6815917709419594,1.0,0.6815917709419594,1.0004088831254985,3948.0,0.7059953620080305,
5788674,long,entry,1840.15,306292.0,1840.15,306292.0,585.8397835992743,0.0,0.041612368556911125,0.041612368556911125,81.09759615229525,155.19991887492247,360.9300438951686,248.98326951224055,-19.150821769367703,310.93004389516835,1.0515729249598724,1613965570047.0,1.0,1.0,1.0,1.0004088224098562,33186.0,0.7060014601356858,1829.2
5788944,long,close,1841.45,-306292.0,1840.15,0.0,0.0,0.11750757093373856,0.041582991664177685,0.15909056259791626,81.13917914395942,155.26832781683962,361.08913445776653,249.10077708317428,-19.150821769367703,311.08913445776625,1.0515841961283336,1613965603322.0,0.680619427793014,1.0,0.680619427793014,1.0004088290165494,33275.0,0.7060343900250243,
5809976,long,entry,1859.55,309693.0,1859.55,309693.0,592.015732185877,0.0,0.04163547632491732,0.04163547632491732,81.18081462028434,155.28623107165933,361.13076993409146,249.10077708317428,-19.150821769367703,311.1307699340912,1.0513544092151041,1613980622810.0,1.0,1.0,1.0,1.0004087683371743,15019488.0,0.7085995064419401,1849.6
5810033,long,close,1860.85,-309693.0,1859.55,0.0,0.0,0.11634708702448839,0.04160638955316119,0.15795347657764958,81.2224210098375,155.35415106658772,361.28872341066915,249.21712417019876,-19.150821769367703,311.2887234106688,1.0513659177463355,1613980631624.0,0.6815407572964621,1.0,0.6815407572964621,1.0004087742510137,8814.0,0.7086064583074672,
5810309,long,entry,1858.45,309681.0,1858.45,309681.0,591.6656850495795,0.0,0.041658505744034006,0.041658505744034006,81.26407951558154,155.37206422405765,361.33038191641316,249.21712417019876,-19.150821769367703,311.3303819164128,1.0513668652607944,1613980769124.0,1.0,1.0,1.0,1.0004087136080402,137500.0,0.7086401199721243,1847.9
5810409,long,close,1859.75,-309681.0,1858.45,0.0,0.0,0.11648029566821683,0.04162938567011695,0.15810968133833378,81.30570890125166,155.44005138703312,361.4884915977515,249.33360446586698,-19.150821769367703,311.48849159775114,1.0513780698230617,1613980797927.0,0.6813776972726355,1.0,0.6813776972726355,1.0004087195701283,28803.0,0.7086523162274347,
5810433,long,entry,1858.0,309777.0,1858.0,309777.0,591.5221496305458,0.0,0.041681512378902046,0.041681512378902046,81.34739041363056,155.45797443735606,361.53017311013036,249.33360446586698,-19.150821769367703,311.53017311013,1.0513810563436157,1613980803345.0,1.0,1.0,1.0,1.0004086589634842,5418.0,0.7086552433287093,1847.9
5810761,long,close,1859.3,-309777.0,1858.0,0.0,0.0,0.11657283083430885,0.041652369171193464,0.1582252000055023,81.38904278280175,155.5260112733584,361.6883983101358,249.4501772967013,-19.150821769367703,311.68839831013554,1.0513906852148167,1613980934297.0,0.6810685557607453,1.0,0.6810685557607453,1.0004086649504385,130952.0,0.708695247046128,
5812380,long,entry,1852.8,309081.0,1852.8,309081.0,589.8668427661876,0.0,0.04170458225388601,0.04170458225388601,81.43074736505564,155.54394424372757,361.7301028923897,249.4501772967013,-19.150821769367703,311.7301028923894,1.0513619731667145,1613982993287.0,1.0,1.0,1.0,1.000408604380108,2058990.0,0.7088927044196058,1842.8
5813697,long,close,1854.1,-309081.0,1852.8,0.0,0.0,0.11696447209976713,0.04167534113586107,0.1586398132356282,81.4724227061915,155.6121593634189,361.88874270562536,249.56714176880106,-19.150821769367703,311.8887427056251,1.0513676778950474,1613983379795.0,0.6799246607161606,1.0,0.6799246607161606,1.0004086105624972,386508.0,0.7090533291020458,
5814155,long,entry,1846.5,308201.0,1846.5,308201.0,587.8615810640914,0.0,0.041727728134308154,0.041727728134308154,81.5141504343258,155.63010228651666,361.9304704337597,249.56714176880106,-19.150821769367703,311.9304704337594,1.0513660425943598,1613983684683.0,1.0,1.0,1.0,1.000408550028417,304888.0,0.7091091879513681,1836.0
5814821,long,reentry,1836.0,571096.0,1839.680338383959,879297.0,1062.724674212771,0.0,0.07776361655773421,0.07776361655773421,81.59191405088353,155.66354064163647,362.0082340503174,249.56714176880106,-19.150821769367703,312.0082340503171,1.0513682347668376,1613983913115.0,0.6798052337677543,1.0,0.6798052337677543,1.0004085100633067,228432.0,0.7091904150117364,1824.1
5815808,long,reentry,1824.1,1629337.0,1829.5610376802674,2508634.0,1477.5435452421302,0.0,0.22330697330190233,0.22330697330190233,81.81522102418543,155.7595626401563,362.23154102361934,249.56714176880106,-19.150821769367703,312.23154102361906,1.051382540323216,1613984049232.0,0.4173818293288171,1.0,0.4173818293288171,1.0004085530344928,136117.0,0.7093107920516516,1798.6
5816417,long,close,1830.85,-132033.0,1829.5610376802674,2376601.0,1460.1869876756666,0.05080694078368086,0.018028920992981402,0.06883586177666226,81.83324994517841,155.7891620607203,362.300376885396,249.61794870958474,-19.150821769367703,312.30037688539574,1.051386331958702,1613984131111.0,0.18880916564158765,1.0,0.18880916564158765,1.0004085079645542,81879.0,0.7093850672464929,1800.3
5818553,long,close,1830.85,-125084.0,1829.5610376802674,2251517.0,1442.3031304749984,0.048132931774525586,0.01708004478794003,0.06521297656246561,81.85032998996635,155.81720364064213,362.3655898619585,249.66608164135926,-19.150821769367703,312.3655898619582,1.0513858026493539,1613984475748.0,0.1940460948388759,1.0,0.1940460948388759,1.0004084608435082,344637.0,0.7096455792599263,1800.3
5818569,long,close,1832.05,-132442.0,1829.5610376802674,2119075.0,1421.5817141916864,0.09834670799003581,0.01807292377391447,0.11641963176395027,81.86840291374027,155.86726408230064,362.48200949372244,249.7644283493493,-19.150821769367703,312.48200949372216,1.0513943374576953,1613984476376.0,0.21226514624921577,1.0,0.21226514624921577,1.0004084428703248,628.0,0.709647530660776,1802.0
5818608,long,close,1833.45,-141271.0,1829.5610376802674,1977804.0,1397.1487558216688,0.16378373881628658,0.019263001445362568,0.18304674026164913,81.88766591518564,155.94597418061315,362.6650562339841,249.92821208816557,-19.150821769367703,312.6650562339838,1.051407668122104,1613984482755.0,0.22409097825413513,1.0,0.22409097825413513,1.0004084627660503,6379.0,0.7096522872003471,1803.7
5818611,long,close,1833.6,-141271.0,1829.5610376802674,1836533.0,1369.9737920739815,0.17008707698557743,0.019261425610820247,0.18934850259639768,81.90692734079646,156.0273940367296,362.8544047365805,250.09829916515113,-19.150821769367703,312.8544047365802,1.0514215371167315,1613984483757.0,1.0,1.0,1.0,1.000408486181206,1002.0,0.7096526530880065,1805.4
5818643,long,close,1833.8,-141271.0,1829.5610376802674,1695262.0,1339.567246699993,0.17848992380019774,0.019259324899116588,0.19774924869931432,81.92618666569557,156.11242621367032,363.0521539852798,250.27678908895132,-19.150821769367703,313.0521539852795,1.0514358463749152,1613984495651.0,0.25285024428775005,1.0,0.25285024428775005,1.0004085142996375,11894.0,0.7096565558897059,1805.4
5818651,long,close,1834.05,-141271.0,1829.5610376802674,1553991.0,1305.3164584440271,0.18899090517972658,0.01925669965377171,0.2082476048334983,81.94544336534933,156.20197268374872,363.2604015901133,250.46577999413105,-19.150821769367703,313.260401590113,1.0514510564347217,1613984498494.0,0.26945314171189005,1.0,0.26945314171189005,1.000408548300571,2843.0,0.7096575315901307,1807.1
5818656,long,close,1834.3,-141271.0,1829.5610376802674,1412720.0,1266.4467868426896,0.1994890241645023,0.019254075124025515,0.2187430992885278,81.96469744047336,156.2960322164428,363.47914468940183,250.66526901829556,-19.150821769367703,313.47914468940155,1.0514670629917424,1613984498948.0,1.0,1.0,1.0,1.0004085881685836,454.0,0.7096581414028962,1808.8
5818682,long,close,1835.0,-156968.0,1829.5610376802674,1255752.0,1216.5936998038687,0.25429873705955236,0.021385286103542237,0.2756840231630946,81.9860827265769,156.41457634640292,363.754828712565,250.9195677553551,-19.150821769367703,313.75482871256463,1.0514870659644886,1613984509668.0,0.30953724411586003,1.0,0.30953724411586003,1.0004086601903386,10720.0,0.709661312429277,1810.5
5818689,long,close,1835.45,-156969.0,1829.5610376802674,1098783.0,1157.9603457666074,0.27527274004012176,0.021380179247595957,0.2966529192877177,82.0074629058245,156.54213710169665,364.0514816318527,251.19484049539523,-19.150821769367703,314.05148163185237,1.0515087515481327,1613984509697.0,0.33709647197718634,1.0,0.33709647197718634,1.0004087439258176,29.0,0.7096621661671487,1812.2
5818799,long,close,1836.05,-156969.0,1829.5610376802674,941814.0,1088.0080528421913,0.30321992568006595,0.021373192451185973,0.3245931181312519,82.02883609827568,156.6817121424931,364.37607474998396,251.49806042107528,-19.150821769367703,314.3760747499836,1.0515316334866522,1613984563141.0,0.368597646737039,1.0,0.368597646737039,1.0004088432781193,53444.0,0.7096755820479903,1813.9
5818817,long,close,1836.8,-156969.0,1829.5610376802674,784845.0,1003.1216578593286,0.338128232166107,0.021364465374564462,0.3594926975406715,82.05020056365024,156.8362940024356,364.73556744752466,251.83618865324138,-19.150821769367703,314.73556744752426,1.0515578054502854,1613984567115.0,0.40741915915024574,1.0,0.40741915915024574,1.0004089621233792,3974.0,0.7096777773739462,1815.6
5819011,long,close,1830.85,-130807.0,1829.5610376802674,654038.0,917.5433368669107,0.050335170018790315,0.017861512412267525,0.06819668243105784,82.0680620760625,156.86561857588094,364.8037641299557,251.88652382326018,-19.150821769367703,314.8037641299553,1.0515621606109045,1613984607071.0,0.4512463578450062,1.0,0.4512463578450062,1.0004089164514873,39956.0,0.7097014381092487,1815.6
5819562,long,reentry,1815.6,1211932.0,1820.4934597889178,1865970.0,1368.7154643429667,0.0,0.16687761621502534,0.16687761621502534,82.23493969227754,156.9373759508534,364.9706417461707,251.88652382326018,-19.150821769367703,314.9706417461703,1.0515730970238175,1613984686528.0,0.49461962663275,1.0,0.49461962663275,1.0004089264324123,79457.0,0.7097686394760099,1795.2
5821864,long,reentry,1795.2,1233103.0,1810.4293402453982,3099073.0,1524.6798357192135,0.0,0.17172223150623883,0.17172223150623883,82.40666192378377,157.01121651040108,365.14236397767695,251.88652382326018,-19.150821769367703,315.14236397767655,1.05158079433689,1613984997562.0,0.23754813561932617,1.0,0.23754813561932617,1.0004089390956623,311034.0,0.7100493972732588,0.05
5826393,long,close,1811.7,-163109.0,1810.4293402453982,2935964.0,1509.5584050255793,0.06318868773925672,0.022507727548711155,0.08569641528796787,82.42916965133249,157.04806596897492,365.22806039296495,251.94971251099943,-19.150821769367703,315.2280603929645,1.0515802942887469,1613985432987.0,0.1397411144981445,1.0,0.1397411144981445,1.000408903268954,435425.0,0.7106017656762739,1775.4
5826458,long,close,1811.7,-154524.0,1810.4293402453982,2781440.0,1493.9189580426703,0.05986284499457973,0.0213230667329028,0.08118591172748253,82.45049271806539,157.08297591101777,365.30924630469246,252.009575355994,-19.150821769367703,315.30924630469195,1.051586073476865,1613985441537.0,0.16645035614269502,1.0,0.16645035614269502,1.0004088649066913,8550.0,0.7106096932422257,1777.05
5826522,long,close,1811.7,-146391.0,1810.4293402453982,2635049.0,1477.758436030663,0.05671210777355959,0.020200778274548768,0.07691288604810836,82.47069349633993,157.11604845201845,365.38615919074056,252.06628746376757,-19.150821769367703,315.38615919074005,1.0515913249387359,1613985463995.0,0.17508616342204844,1.0,0.17508616342204844,1.0004088241457565,22458.0,0.7106174988456244,1778.7
5826532,long,close,1812.85,-146391.0,1810.4293402453982,2488658.0,1460.0616302449332,0.10797039172584803,0.020187963703560696,0.12815835542940873,82.4908814600435,157.1711565448531,365.51431754617,252.1742578554934,-19.150821769367703,315.5143175461695,1.051600572501792,1613985469142.0,0.18455002978111523,1.0,0.18455002978111523,1.0004088122127115,5147.0,0.7106187184711555,1780.35
5826552,long,close,1814.0,-146391.0,1810.4293402453982,2342267.0,1440.6073213088177,0.15916368446916945,0.020175165380374865,0.17933884984954432,82.51105662542388,157.24827225028838,365.6936563960195,252.3334215399626,-19.150821769367703,315.69365639601904,1.0516135998845149,1613985470395.0,0.19471533272023978,1.0,0.19471533272023978,1.0004088290229805,1253.0,0.7106211577222176,1782.0
5826756,long,close,1811.7,-123277.0,1810.4293402453982,2218990.0,1422.7824960267747,0.04775770716779792,0.017011232544019428,0.06476893971181735,82.5280678579679,157.27612289436448,365.7584253357313,252.38117924713038,-19.150821769367703,315.75842533573086,1.0516179967506438,1613985490629.0,0.20285119449489944,1.0,0.20285119449489944,1.0004087814273146,20234.0,0.7106460380830512,1782.0
5826776,long,close,1811.7,-123277.0,1810.4293402453982,2095713.0,1403.3755075018655,0.04775770716779792,0.017011232544019428,0.06476893971181735,82.54507909051192,157.30397353844054,365.82319427544314,252.42893695429817,-19.150821769367703,315.8231942754427,1.0516226026443944,1613985497317.0,0.21458322052068746,1.0,0.21458322052068746,1.000408733844756,6688.0,0.7106484773341133,1783.65
5826819,long,close,1811.7,-123277.0,1810.4293402453982,1972436.0,1382.1659191192496,0.04775770716779792,0.017011232544019428,0.06476893971181735,82.56209032305594,157.33182418251664,365.88796321515497,252.47669466146596,-19.150821769367703,315.8879632151545,1.051627087857226,1613985511739.0,0.22480431546283006,1.0,0.22480431546283006,1.0004086862752986,14422.0,0.7106537217238967,1785.3
5826841,long,close,1813.05,-131495.0,1810.4293402453982,1840941.0,1357.203839915775,0.10498530596684456,0.018131739334270983,0.12311704530111554,82.5802220623902,157.3847645119961,366.0110802604561,252.5816799674328,-19.150821769367703,316.0110802604556,1.0516359180544335,1613985519361.0,0.23708896665052187,1.0,0.23708896665052187,1.0004086714558185,7622.0,0.7106564049000651,1785.3
5826845,long,close,1813.15,-131495.0,1810.4293402453982,1709446.0,1329.4948380435605,0.10898535876651058,0.018130739321071065,0.12711609808758165,82.59835280171127,157.4394244341738,366.13819635854367,252.6906653261993,-19.150821769367703,316.1381963585432,1.0516451360852594,1613985520513.0,0.25144567871834145,1.0,0.25144567871834145,1.000408658861501,1152.0,0.7106568927502775,1786.95
5826891,long,close,1813.25,-131495.0,1810.4293402453982,1577951.0,1298.5601592416492,0.1129849703636006,0.01812973941817179,0.1311147097817724,82.61648254112944,157.49580375937992,366.2693110683254,252.80365029656292,-19.150821769367703,316.269311068325,1.0516543744646527,1613985538879.0,0.2661617055563501,1.0,0.2661617055563501,1.000408648488411,18366.0,0.7106625030277204,1788.6
5826929,long,close,1811.7,-121380.0,1810.4293402453982,1456571.0,1266.6952261815145,0.047022806330680594,0.016749461831429044,0.06377226816210964,82.63323200296087,157.5232258346896,366.3330833364875,252.8506731028936,-19.150821769367703,316.3330833364871,1.0516588638770403,1613985547990.0,0.28311794234202875,1.0,0.28311794234202875,1.000408600372939,9111.0,0.7106671376047384,1790.25
5827787,long,close,1811.7,-121380.0,1810.4293402453982,1335191.0,1230.9960884941552,0.047022806330680594,0.016749461831429044,0.06377226816210964,82.64998146479229,157.55064790999933,366.3968556046496,252.8976959092243,-19.150821769367703,316.3968556046492,1.051659981126344,1613985774519.0,0.2982881055970338,1.0,0.2982881055970338,1.0004085522709874,226529.0,0.710771781475303,1790.25
5827831,long,close,1813.75,-133519.0,1810.4293402453982,1201672.0,1186.3162280378247,0.13502321509776136,0.018403721571330117,0.15342693666909146,82.66838518636362,157.61662149276702,366.55028254131867,253.03271912432206,-19.150821769367703,316.55028254131827,1.0516710275527321,1613985780221.0,0.3205673427010955,1.0,0.3205673427010955,1.0004085543609833,5702.0,0.7107771478276396,1791.9
5827838,long,close,1814.0,-133519.0,1810.4293402453982,1068153.0,1134.817236148215,0.14516859633883938,0.018401185226019846,0.16356978156485924,82.68678637158965,157.68695649883992,366.71385232288355,253.1778877206609,-19.150821769367703,316.7138523228831,1.051682857989269,1613985782510.0,0.3459317833009926,1.0,0.3459317833009926,1.0004085620866856,2289.0,0.7107780015655113,1793.55
5827845,long,close,1814.25,-133519.0,1810.4293402453982,934634.0,1074.8143950258163,0.1553111815536719,0.018398649579716136,0.17370983113338803,82.70518502116937,157.76165172622726,366.8875621540169,253.33319890221458,-19.150821769367703,316.8875621540165,1.0516953859436597,1613985786888.0,0.37441166695247247,1.0,0.37441166695247247,1.0004085754355112,4378.0,0.710778855303383,1795.2
5827853,long,close,1814.65,-133519.0,1810.4293402453982,801115.0,1004.0105732588398,0.17153350504721682,0.018394593998842752,0.18992809904605956,82.72357961516822,157.84332080881705,367.07749025306293,253.5047324072618,-19.150821769367703,317.0774902530626,1.0517091497811184,1613985786977.0,1.0,1.0,1.0,1.0004085977905262,89.0,0.7107798310038079,1795.2
5827865,long,close,1815.1,-133519.0,1810.4293402453982,667596.0,919.2107031014506,0.18977507256300055,0.018390033606963806,0.20816510616996436,82.74196964877518,157.93283180447014,367.2856553592329,253.6945074798248,-19.150821769367703,317.2856553592326,1.0517242182927637,1613985787652.0,0.44668894587702745,1.0,0.44668894587702745,1.0004086302587283,675.0,0.7107812945544452,1796.85
5827904,long,close,1816.85,-166899.0,1810.4293402453982,500697.0,786.2651334126405,0.3257862406994029,0.022965434680903764,0.34875167538030666,82.76493508345608,158.0827950248837,367.6344070346132,254.02029372052422,-19.150821769367703,317.6344070346129,1.0517493884601188,1613985792411.0,0.49367335751386676,1.0,0.49367335751386676,1.000408741025128,4759.0,0.7107860510940163,1798.5
5827912,long,close,1816.75,-500697.0,1810.4293402453982,0.0,0.0,0.9621895895168753,0.06890009632585661,1.0310896858427319,82.83383517978194,158.52616358979606,368.66549672045596,254.9824833100411,-19.150821769367703,318.6654967204556,1.0518238850683552,1613985792509.0,1.0,1.0,1.0,1.0004092311040862,98.0,0.7107870267944412,
5840591,long,entry,1800.2,306100.0,1800.2,306100.0,573.1216489373478,0.0,0.0425091656482613,0.0425091656482613,82.8763443454302,158.5444425310248,368.7080058861042,254.9824833100411,-19.150821769367703,318.7080058861039,1.0517355732927176,1613991676852.0,1.0,1.0,1.0,1.0004091709139213,5884343.0,0.7123333900052663,1790.25
5840637,long,close,1801.45,-306100.0,1800.2,0.0,0.0,0.11798597143484298,0.04247966915540259,0.16046564059024557,82.9188240145856,158.6134427564786,368.86847152669446,255.10046928147594,-19.150821769367703,318.8684715266941,1.0517470561018099,1613991681409.0,0.6815990839236956,1.0,0.6815990839236956,1.000409176244396,4557.0,0.7123390002827092,
5840712,long,entry,1799.8,306200.0,1799.8,306200.0,572.9936880247235,0.0,0.04253250361151239,0.04253250361151239,82.9613565181971,158.6317317330316,368.911004030306,255.10046928147594,-19.150821769367703,318.91100403030566,1.0517498232014795,1613991700395.0,1.0,1.0,1.0,1.0004091160900634,18986.0,0.7123481474741921,1790.25
5841277,long,close,1801.05,-306200.0,1799.8,0.0,0.0,0.11807696513564422,0.04250298437022848,0.1605799495058727,83.00385950256734,158.7007811113191,369.07158397981186,255.2185462466116,-19.150821769367703,319.0715839798115,1.051759906191068,1613991795334.0,0.6807834607104605,1.0,0.6807834607104605,1.0004091214439748,94939.0,0.7124170563166967,
5841370,long,entry,1797.3,305943.0,1797.3,305943.0,572.1977161104492,0.0,0.04255591720914705,0.04255591720914705,83.04641541977648,158.71908015571904,369.114139897021,255.2185462466116,-19.150821769367703,319.11413989702066,1.0517623320944092,1613991836311.0,1.0,1.0,1.0,1.0004090613254664,40977.0,0.7124283988341356,1786.95
5841742,long,reentry,1786.95,566912.0,1790.577761827566,872855.0,1034.3806643069365,0.0,0.07931279554548253,0.07931279554548253,83.12572821532196,158.7531846578036,369.1934526925665,255.2185462466116,-19.150821769367703,319.19345269256615,1.051767592672028,1613991864944.0,0.6797639824768026,1.0,0.6797639824768026,1.0004090216022488,28633.0,0.7124737689038908,1775.4
5843678,long,close,1791.8,-124693.0,1790.577761827566,748162.0,964.0496934050168,0.04750236128233626,0.017397728541131825,0.06490008982346808,83.14312594386308,158.7810916964277,369.25835278239,255.26604860789394,-19.150821769367703,319.25835278238964,1.0517677178787634,1613992157766.0,0.41757845478213035,1.0,0.41757845478213035,1.0004089739008284,292822.0,0.7127098884067031,1777.05
5843903,long,close,1791.8,-124693.0,1790.577761827566,623469.0,880.2575645181599,0.04750236128233626,0.017397728541131825,0.06490008982346808,83.16052367240421,158.80899873505177,369.32325287221346,255.31355096917628,-19.150821769367703,319.3232528722131,1.0517715545595878,1613992211227.0,0.46181561245742375,1.0,0.46181561245742375,1.0004089262125977,53461.0,0.7127373299811519,1777.05
5844683,long,reentry,1777.05,1155288.0,1781.7915920999162,1778757.0,1325.6349139076926,0.0,0.16252891027264285,0.16252891027264285,83.32305258267685,158.87888616646904,369.48578178248613,255.31355096917628,-19.150821769367703,319.4857817824858,1.0517803549590947,1613992396920.0,0.5046383992582105,1.0,0.5046383992582105,1.0004089325792247,185693.0,0.7128324607725742,1758.9
5846162,long,close,1783.05,-118583.0,1781.7915920999162,1660174.0,1300.018539995993,0.046970311707095834,0.016626426628529766,0.0635967383356256,83.33967900930539,158.90623276395334,369.54937852082173,255.36052128088338,-19.150821769367703,319.5493785208214,1.0517830066804619,1613992520519.0,0.24893206010895602,1.0,0.24893206010895602,1.0004088841757264,123599.0,0.7130128433886174,1758.9
5846938,long,reentry,1758.9,1414327.0,1771.2610387581226,3074501.0,1492.0606183817924,0.0,0.20102436181704475,0.20102436181704475,83.54070337112243,158.99267323953467,369.75040288263875,255.36052128088338,-19.150821769367703,319.7504028826384,1.0517966509707466,1613992571610.0,0.260870148110417,1.0,0.260870148110417,1.0004089117765218,51091.0,0.7131074863298272,0.05
5850608,long,close,1772.5,-161815.0,1771.2610387581226,2912686.0,1477.2793149488289,0.06385687839858334,0.022822990126939353,0.08667986852552269,83.56352636124937,159.02994558300065,369.8370827511643,255.42437815928196,-19.150821769367703,319.83708275116396,1.0517961888011351,1613993002435.0,0.1461986104078324,1.0,0.1461986104078324,1.0004088761281187,430825.0,0.7135550888997246,1737.6
5850627,long,close,1773.6,-161815.0,1771.2610387581226,2750871.0,1461.0579293600063,0.12047683586278139,0.022808835137573296,0.1432856710003547,83.58633519638694,159.0915584215308,369.9803684221647,255.54485499514473,-19.150821769367703,319.9803684221643,1.0518064576670059,1613993003273.0,0.1668616220010553,1.0,0.1668616220010553,1.0004088717475639,838.0,0.7135574061882336,1739.2
5850725,long,close,1772.5,-144782.0,1771.2610387581226,2606089.0,1445.229467593628,0.05713516403487744,0.02042059238363893,0.07755575641851638,83.60675578877058,159.12490739679077,370.0579241785832,255.60199015917962,-19.150821769367703,320.0579241785828,1.0518118744995169,1613993012731.0,0.17559151961630343,1.0,0.17559151961630343,1.0004088310552393,9458.0,0.713569358518438,1740.8
5850729,long,close,1773.6,-144782.0,1771.2610387581226,2461307.0,1427.8979156199402,0.10779518122476418,0.020407927379341457,0.12820310860410564,83.62716371614992,159.18003473349054,370.18612728718733,255.70978534040438,-19.150821769367703,320.18612728718693,1.0518210639906262,1613993013046.0,1.0,1.0,1.0,1.0004088183169075,315.0,0.7135698463686504,1740.8
5850750,long,close,1774.75,-144782.0,1771.2610387581226,2316525.0,1408.8449166663522,0.16069078113741536,0.020394703479363292,0.18108548461677865,83.64755841962929,159.25790149187577,370.36721277180413,255.8704761215418,-19.150821769367703,320.36721277180374,1.0518340156990136,1613993014976.0,0.19491547382727767,1.0,0.19491547382727767,1.0004088347187463,1930.0,0.7135724075822656,1742.4
5850770,long,close,1775.85,-144782.0,1771.2610387581226,2171743.0,1387.8122799774935,0.21122246754629478,0.020382070557761072,0.23160453810405585,83.66794049018705,159.35749144326053,370.5988173099082,256.0816985890881,-19.150821769367703,320.5988173099078,1.0518505683092922,1613993017658.0,0.20644103040732684,1.0,0.20644103040732684,1.0004088788982253,2682.0,0.7135748468333277,1744.0
5850786,long,close,1776.05,-144782.0,1771.2610387581226,2026961.0,1364.5226444859359,0.22040332194014936,0.02037977534416261,0.24078309728431196,83.68832026553122,159.46102817509276,370.8396004071925,256.3021019110282,-19.150821769367703,320.8396004071921,1.051867754405053,1613993021203.0,0.21850816230115516,1.0,0.21850816230115516,1.0004089280322261,3545.0,0.7135767982341774,1745.6
5850795,long,close,1776.25,-144782.0,1771.2610387581226,1882179.0,1338.5941401567338,0.22958210886504382,0.020377480647431386,0.2499595895124752,83.70869774617864,159.56851079858313,371.08955999670496,256.53168401989325,-19.150821769367703,321.08955999670457,1.051885607370763,1613993023373.0,0.23170932998173704,1.0,0.23170932998173704,1.0004089821068476,2170.0,0.7135778958971554,1747.2
5850809,long,close,1776.8,-156848.0,1771.2610387581226,1725331.0,1306.958532163846,0.2760490113880586,0.02206888788833859,0.2981178992763972,83.73076663406698,159.69670149527198,371.38767789598137,256.8077330312813,-19.150821769367703,321.38767789598097,1.051906912123445,1613993024190.0,1.0,1.0,1.0,1.000409062526703,817.0,0.7135796033728988,1748.8
5850892,long,close,1775.6,-143777.0,1771.2610387581226,1581554.0,1274.1656696782359,0.19835697753537362,0.020243438837576032,0.21860041637294966,83.75101007290456,159.79069967431235,371.6062783123543,257.00609000881667,-19.150821769367703,321.60627831235394,1.051922398279893,1613993032848.0,0.26374755250888887,1.0,0.26374755250888887,1.000409099134728,8658.0,0.7135897262648065,1750.4
5850894,long,close,1775.85,-143777.0,1771.2610387581226,1437777.0,1236.910859189191,0.2097562729925241,0.020240589013711743,0.22999686200623587,83.77125066191827,159.88959832497503,371.83627517436054,257.2158462818092,-19.150821769367703,321.8362751743602,1.0519388200515025,1613993033086.0,1.0,1.0,1.0,1.0004091419084424,238.0,0.7135899701899128,1750.4
5850902,long,close,1776.15,-143777.0,1771.2610387581226,1294000.0,1194.2186407451077,0.22343119167420633,0.020237170284041324,0.24366836195824765,83.79148783220232,159.99437572061706,372.07994353631875,257.4392774734834,-19.150821769367703,322.07994353631847,1.0519562068091952,1613993033361.0,0.3035607898487143,1.0,0.3035607898487143,1.0004091920793983,275.0,0.7135909458903377,1752.0
5850907,long,close,1776.55,-143777.0,1771.2610387581226,1150223.0,1144.805575765535,0.24165723228913133,0.020232613773887593,0.2618898460630189,83.8117204459762,160.10698835442415,372.34183338238176,257.68093470577253,-19.150821769367703,322.3418333823815,1.0519748733754675,1613993034170.0,0.3276553086673192,1.0,0.3276553086673192,1.000409252119799,809.0,0.7135915557031032,1753.6
5851018,long,close,1775.0,-143777.0,1771.2610387581226,1006446.0,1087.062467571115,0.17098556727611594,0.020250281690140846,0.19123584896625678,83.83197072766635,160.18921976947965,372.533069231348,257.8519202730486,-19.150821769367703,322.5330692313477,1.0519883383736282,1613993044875.0,0.35378308500153255,1.0,0.35378308500153255,1.0004092733800574,10705.0,0.7136050935464978,1755.2
5851021,long,close,1775.35,-143778.0,1771.2610387581226,862668.0,1018.5422628249506,0.18695577195073806,0.020246430281352975,0.20720220223209104,83.85221715794769,160.27831671643946,372.7402714335801,258.03887604499937,-19.150821769367703,322.74027143357984,1.0520030997683603,1613993044919.0,1.0,1.0,1.0,1.0004093033075334,44.0,0.7136054594341572,1756.8
5851023,long,close,1775.85,-143778.0,1771.2610387581226,718890.0,935.9212874180764,0.20975773189257763,0.020240729791367516,0.22999846168394514,83.87245788773906,160.37721605496353,372.97026989526404,258.24863377689195,-19.150821769367703,322.97026989526375,1.0520194582267772,1613993046098.0,1.0,1.0,1.0,1.000409345613573,1179.0,0.7136057033592634,1756.8
5851072,long,close,1776.55,-143778.0,1771.2610387581226,575112.0,834.3573155755325,0.2416589130672272,0.020232754496073854,0.26189166756330107,83.89269064223514,160.48982947201574,373.23216156282734,258.4902926899592,-19.150821769367703,323.23216156282706,1.0520378679173397,1613993060601.0,0.47257183013915105,1.0,0.47257183013915105,1.000409405232784,14503.0,0.7136116795243655,1758.4
5851100,long,close,1777.55,-143778.0,1771.2610387581226,431334.0,706.5132363963755,0.2871884441545588,0.02022137211330202,0.3074098162678608,83.91291201434844,160.62201569301092,373.5395713790952,258.7774811341137,-19.150821769367703,323.5395713790949,1.0520596664115973,1613993064443.0,0.5304950112117874,1.0,0.5304950112117874,1.0004094895469946,3842.0,0.7136150944758525,1760.0
5851103,long,close,1777.9,-431334.0,1771.2610387581226,0.0,0.0,0.9093350399139873,0.06065217391304348,0.9699872138270308,83.97356418826148,161.03911019495655,374.50955859292225,259.6868161740277,-19.150821769367703,324.50955859292196,1.0521285219516419,1613993064485.0,1.0,1.0,1.0,1.0004099342587567,42.0,0.7136154603635119,
5868993,long,entry,1753.85,302946.0,1753.85,302946.0,558.3652203986471,0.0,0.04318299740570745,0.04318299740570745,84.01674718566719,161.05767888384102,374.55274159032797,259.6868161740277,-19.150821769367703,324.5527415903277,1.0520491038327058,1613998354242.0,1.0,1.0,1.0,1.0004098742929075,5289757.0,0.7157973704385701,1744.0
5869281,long,close,1755.05,-302946.0,1753.85,0.0,0.0,0.1181039785461491,0.04315347141107091,0.16125744995722002,84.05990065707826,161.12701958732265,374.7139990402852,259.80492015257386,-19.150821769367703,324.71399904028493,1.0520599956641528,1613998387550.0,0.6809523910641408,1.0,0.6809523910641408,1.000409878496133,33308.0,0.7158324956538644,
5869315,long,entry,1752.65,302904.0,1752.65,302904.0,557.9832032364421,0.0,0.04320657290388839,0.04320657290388839,84.10310722998214,161.1455984136713,374.7572056131891,259.80492015257386,-19.150821769367703,324.75720561318883,1.0520630030215923,1613998390701.0,1.0,1.0,1.0,1.0004098185660277,3151.0,0.71583664238067,1742.4
5869331,long,close,1753.85,-302904.0,1752.65,0.0,0.0,0.11824930862880322,0.04317701057673119,0.1614263192055344,84.14628424055887,161.2150117309297,374.91863193239465,259.92316946120263,-19.150821769367703,324.91863193239436,1.0520743675424666,1613998394020.0,0.6816073020048833,1.0,0.6816073020048833,1.0004098228227472,3319.0,0.7158385937815197,
5869795,long,entry,1751.4,302853.0,1751.4,302853.0,557.5849082408042,0.0,0.04323013018156903,0.04323013018156903,84.18951437074044,161.23360068690775,374.9618620625762,259.92316946120263,-19.150821769367703,324.9618620625759,1.0520760640672229,1613998481331.0,1.0,1.0,1.0,1.0004097629283166,87311.0,0.7158951844061606,1740.8
5870854,long,reentry,1740.8,561186.0,1744.5153899303155,864039.0,1007.8557450080106,0.0,0.08059311810661765,0.08059311810661765,84.27010748884706,161.2682557276936,375.0424551806828,259.92316946120263,-19.150821769367703,325.0424551806825,1.052079997735641,1613998594537.0,0.6796869692714036,1.0,0.6796869692714036,1.000409723317612,113206.0,0.7160243427498995,1729.6
5872793,long,reentry,1729.6,1601064.0,1734.8279675940516,2465103.0,1401.1244088354927,0.0,0.2314211378353377,0.2314211378353377,84.5015286266824,161.3677668169628,375.27387631851815,259.92316946120263,-19.150821769367703,325.27387631851786,1.0520932960170195,1613998790517.0,0.41727284842415047,1.0,0.41727284842415047,1.0004097654534616,195980.0,0.7162608281403711,1705.6
5873084,long,close,1736.05,-129742.0,1734.8279675940516,2335361.0,1384.6692340037853,0.05264348926579593,0.018683505659399212,0.07132699492519515,84.5202121323418,161.39843742478064,375.34520331344333,259.9758129504684,-19.150821769367703,325.34520331344305,1.0520979626487186,1613998814321.0,0.1886946098231079,1.0,0.1886946098231079,1.0004097208033766,23804.0,0.7162963192433248,1707.2
5873147,long,close,1737.15,-129742.0,1734.8279675940516,2205619.0,1366.6895874759798,0.09996664783088705,0.018671674869757935,0.11863832270064498,84.53888380721156,161.44945190354193,375.463841636144,260.07577959829933,-19.150821769367703,325.4638416361437,1.0521062147614724,1613998822321.0,0.20242541673648676,1.0,0.20242541673648676,1.0004097017771092,8000.0,0.7163040028841705,1707.2
5873181,long,close,1738.35,-137851.0,1734.8279675940516,2067768.0,1345.672954404442,0.16099397805823756,0.0198249777087468,0.18081895576698437,84.55870878492031,161.52720405452175,375.644660591911,260.23677357635756,-19.150821769367703,325.6446605919107,1.05211894087675,1613998824637.0,0.21330287093050523,1.0,0.21330287093050523,1.0004097163787427,2316.0,0.716308149610976,1708.8
5873185,long,close,1738.5,-137851.0,1734.8279675940516,1929917.0,1322.4255689667239,0.1678360756281297,0.01982326718435433,0.18765934281248403,84.57853205210466,161.6078975719311,375.8323199347235,260.4046096519857,-19.150821769367703,325.83231993472316,1.0521321514043143,1613998826442.0,0.22589066965545374,1.0,0.22589066965545374,1.0004097346252292,1805.0,0.7163086374611884,1710.4
5873192,long,close,1738.65,-137851.0,1734.8279675940516,1792066.0,1296.573844429358,0.17467699261004566,0.019821556955108847,0.1944985495651545,84.59835360905977,161.69153194824412,376.02681848428864,260.57928664459575,-19.150821769367703,326.0268184842883,1.0521458400316424,1613998828091.0,0.2393295548077516,1.0,0.2393295548077516,1.0004097565082213,1649.0,0.7163094911990602,1712.0
5873194,long,close,1738.85,-137851.0,1734.8279675940516,1654215.0,1267.6536295085227,0.18379637931048812,0.019819277108433734,0.20361565641892185,84.61817288616821,161.77908668050424,376.23043414070753,260.76308302390623,-19.150821769367703,326.23043414070725,1.0521601858111895,1613998828348.0,1.0,1.0,1.0,1.0004097832494312,257.0,0.7163097351241664,1713.6
5873197,long,close,1739.05,-137851.0,1734.8279675940516,1516364.0,1235.0866376150632,0.19291366845500302,0.01981699778614761,0.21273066624115064,84.63798988395436,161.87056086698794,376.4431648069487,260.9559966923612,-19.150821769367703,326.4431648069484,1.0521751648848146,1613998828669.0,1.0,1.0,1.0,1.0004098148368414,321.0,0.7163101010118257,1713.6
5873202,long,close,1739.35,-137851.0,1734.8279675940516,1378513.0,1198.1347894875685,0.20658567083713036,0.019813579785552076,0.22639925062268243,84.65780346373991,161.96791254475568,376.66956405757134,261.16258236319834,-19.150821769367703,326.6695640575711,1.0521910973356854,1613998829011.0,1.0,1.0,1.0,1.0004098537133916,342.0,0.7163107108245913,1715.2
5873211,long,close,1740.0,-153168.0,1734.8279675940516,1225345.0,1150.7580605321346,0.2624361244941794,0.02200689655172414,0.2844430210459036,84.67981036029164,162.0902230438054,376.9540070786172,261.4250184876925,-19.150821769367703,326.954007078617,1.0522111004782215,1613998829492.0,1.0,1.0,1.0,1.00040992375587,481.0,0.7163118084875693,1716.8
5873396,long,close,1738.25,-136149.0,1734.8279675940516,1089196.0,1101.8348815336378,0.15450051122129557,0.019581331799223358,0.17408184302051893,84.69939169209087,162.1650782363042,377.1280889216377,261.5795189989138,-19.150821769367703,327.1280889216375,1.0522229765728903,1613998852756.0,0.3375025558249081,1.0,0.3375025558249081,1.000409934280574,23264.0,0.7163343715598938,1718.4
5873418,long,close,1738.5,-136149.0,1734.8279675940516,953047.0,1044.7164233075512,0.16576385996978063,0.01957851596203624,0.18534237593181688,84.71897020805291,162.2447754579549,377.31343129756954,261.74528285888357,-19.150821769367703,327.31343129756937,1.0522359159155683,1613998858240.0,0.36588692361093583,1.0,0.36588692361093583,1.000409950812669,5484.0,0.716337054736062,1718.4
5873426,long,close,1738.85,-136149.0,1734.8279675940516,816898.0,977.1565490010262,0.18152710714281106,0.019574575150242978,0.20110168229305403,84.73854478320315,162.3312491813409,377.51453297986257,261.9268099660264,-19.150821769367703,327.5145329798624,1.0522499482430756,1613998864198.0,0.39915662210924446,1.0,0.39915662210924446,1.0004099757568548,5958.0,0.7163380304364869,1720.0
5873438,long,close,1739.35,-136149.0,1734.8279675940516,680749.0,896.0073755201511,0.20403502694071468,0.019568948170293504,0.22360397511100819,84.75811373137344,162.4273988906386,377.7381369549735,262.13084499296707,-19.150821769367703,327.7381369549734,1.0522656143564226,1613998866197.0,0.43804436897890775,1.0,0.43804436897890775,1.0004100127147386,1999.0,0.7163394939871242,1721.6
5873444,long,close,1740.0,-136149.0,1734.8279675940516,544600.0,796.7221621825216,0.23327598397679694,0.019561637931034482,0.25283762190783143,84.77767536930448,162.53611906805898,377.99097457688134,262.36412097694387,-19.150821769367703,327.99097457688123,1.0522833343458888,1613998867393.0,1.0,1.0,1.0,1.0004100652684433,1196.0,0.7163402257624428,1723.2
5873445,long,close,1740.15,-544600.0,1734.8279675940516,0.0,0.0,0.9600902313797729,0.0782403815763009,1.0383306129560739,84.85591575088078,162.98260123163007,379.0293051898374,263.3242112083236,-19.150821769367703,329.0293051898373,1.052356060481612,1613998867419.0,1.0,1.0,1.0,1.0004105382536614,26.0,0.7163403477249959,
5873632,long,entry,1735.2,303342.0,1735.2,303342.0,552.4280108915358,0.0,0.043704183955739974,0.043704183955739974,84.89961993483652,163.00139403073103,379.0730093737931,263.3242112083236,-19.150821769367703,329.07300937379307,1.0523587049919583,1613998893750.0,1.0,1.0,1.0,1.0004104784327006,26331.0,0.7163631547224266,1724.8
5874435,long,reentry,1724.8,562092.0,1728.4452887221903,865434.0,998.5555275812598,0.0,0.0814720547309833,0.0814720547309833,84.9810919895675,163.03642701426537,379.1544814285241,263.3242112083236,-19.150821769367703,329.15448142852404,1.0523630520365348,1613998979981.0,0.6797054582452321,1.0,0.6797054582452321,1.0004104388189465,86231.0,0.7164610906525704,1713.6
5874516,long,close,1729.65,-123633.0,1728.4452887221903,741801.0,930.6646428437944,0.04981997615016145,0.017869655710692916,0.06768963186085436,84.9989616452782,163.06553355596552,379.22217106038494,263.3740311844738,-19.150821769367703,329.2221710603849,1.0523676253898324,1613998990153.0,0.42092581327925094,1.0,0.42092581327925094,1.0004103918489478,10172.0,0.716470969619372,1715.2
5874939,long,close,1729.65,-123633.0,1728.4452887221903,618168.0,849.7787900143376,0.04981997615016145,0.017869655710692916,0.06768963186085436,85.0168313009889,163.0946400976657,379.2898606922458,263.42385116062394,-19.150821769367703,329.2898606922457,1.05237123127026,1613999062037.0,0.46048426501809026,1.0,0.46048426501809026,1.0004103448915176,71884.0,0.7165225597793355,1715.2
5874953,long,close,1729.65,-123633.0,1728.4452887221903,494535.0,751.7720566867533,0.04981997615016145,0.017869655710692916,0.06768963186085436,85.0347009566996,163.12374663936583,379.3575503241066,263.4736711367741,-19.150821769367703,329.35755032410657,1.0523758636303155,1613999068328.0,0.5086421752497398,1.0,0.5086421752497398,1.0004102979466507,6291.0,0.7165242672550791,1716.8
5874955,long,close,1729.75,-494535.0,1728.4452887221903,0.0,0.0,0.2158104516029631,0.07147492412198295,0.28728537572494606,85.10617588082158,163.24727935092756,379.64483569983156,263.6894815883771,-19.150821769367703,329.6448356998315,1.052395929725555,1613999068546.0,0.5653994353759085,1.0,0.5653994353759085,1.000410368162472,218.0,0.7165245111801852,
5875333,long,entry,1728.85,302722.0,1728.85,302722.0,550.40547636841,0.0,0.043775052780750216,0.043775052780750216,85.14995093360233,163.26610262362328,379.6886107526123,263.6894815883771,-19.150821769367703,329.68861075261225,1.0523979395612821,1613999135353.0,1.0,1.0,1.0,1.0004103084485103,66807.0,0.7165706130252592,1718.4
5876439,long,reentry,1718.4,560943.0,1722.0628147487741,863665.0,994.8815739981444,0.0,0.08160832751396647,0.08160832751396647,85.23155926111629,163.30119420445428,379.77021908012625,263.6894815883771,-19.150821769367703,329.7702190801262,1.0524017313011218,1613999256963.0,0.6796895414971281,1.0,0.6796895414971281,1.0004102689193497,121610.0,0.7167055036089939,1707.2
5877147,long,reentry,1707.2,1600371.0,1712.409539511598,2464036.0,1383.0320398107913,0.0,0.23435610941893156,0.23435610941893156,85.46591537053521,163.4019673315044,380.00457518954516,263.6894815883771,-19.150821769367703,330.0045751895451,1.0524175752783975,1613999289545.0,0.41720955187268205,1.0,0.41720955187268205,1.0004103107497426,32582.0,0.7167918530965927,1683.3
5877514,long,close,1713.6,-129686.0,1712.409539511598,2334350.0,1366.7904696824803,0.05261274835706242,0.01892010971055089,0.07153285806761331,85.48483548024576,163.43272646047348,380.07610804761276,263.7420943367341,-19.150821769367703,330.0761080476127,1.0524222442833746,1613999310018.0,0.18838529396978299,1.0,0.18838529396978299,1.0004102658370433,20473.0,0.7168366133535824,1684.85
5877519,long,close,1714.7,-129686.0,1712.409539511598,2204664.0,1349.04366301907,0.10116263039265777,0.01890797224004199,0.12007060263269975,85.5037434524858,163.48435681960552,380.19617865024543,263.84325696712676,-19.150821769367703,330.19617865024543,1.0524306090499385,1613999310591.0,0.202712203416858,1.0,0.202712203416858,1.0004102467593465,573.0,0.7168372231663479,1686.4
5879844,long,reentry,1686.4,828036.0,1705.3080012588775,3032700.0,1435.4913030003074,0.0,0.12275201612903226,0.12275201612903226,85.62649546861483,163.53714018654102,380.31893066637446,263.84325696712676,-19.150821769367703,330.31893066637446,1.052436479962463,1613999481945.0,0.1999978277773409,1.0,0.1999978277773409,1.000410229094977,171354.0,0.7171207861023183,0.05
5880378,long,close,1706.5,-159615.0,1705.3080012588775,2873085.0,1421.2252707716016,0.06537931659413493,0.023383387049516553,0.08876270364365148,85.64987885566435,163.5753081491078,380.40769337001814,263.9086362837209,-19.150821769367703,330.4076933700181,1.0524421480580113,1613999514994.0,0.14840488654210107,1.0,0.14840488654210107,1.000410193352345,33049.0,0.7171859141056767,1672.45
5880390,long,close,1706.5,-151215.0,1705.3080012588775,2721870.0,1406.471036593661,0.06193862330471518,0.022152798124816877,0.08409142142953206,85.67203165378918,163.6114674603225,380.4917847914477,263.97057490702565,-19.150821769367703,330.4917847914476,1.0524480021998452,1613999515334.0,0.1669986397610987,1.0,0.1669986397610987,1.0004101551314557,340.0,0.7171873776563139,1674.0
5880424,long,close,1707.55,-151215.0,1705.3080012588775,2570655.0,1390.2984382045488,0.11642707291043317,0.02213917601241545,0.1385662489228486,85.69417082980159,163.6710509473593,380.6303510403705,264.0870019799361,-19.150821769367703,330.6303510403705,1.0524576483938555,1613999515737.0,1.0,1.0,1.0,1.0004101458426735,403.0,0.7171915243831195,1675.55
5880441,long,close,1707.55,-142814.0,1705.3080012588775,2427841.0,1373.5750432230552,0.10995877386919686,0.02090919738807063,0.13086797125726748,85.71508002718966,163.72732417499992,380.76121901162776,264.1969607538053,-19.150821769367703,330.76121901162776,1.0524667520255853,1613999516341.0,0.18534018621554618,1.0,0.18534018621554618,1.0004101324455867,604.0,0.7171935977465222,1677.1
5880458,long,close,1707.55,-134880.0,1705.3080012588775,2292961.0,1356.3009059944884,0.10385003864801261,0.019747591578577497,0.12359763022659011,85.73482761876824,163.78047115599736,380.88481664185434,264.3008107924533,-19.150821769367703,330.88481664185434,1.052475348378969,1613999516830.0,0.1951394332456022,1.0,0.1951394332456022,1.0004101151738918,489.0,0.7171956711099251,1678.65
5880482,long,close,1708.65,-134880.0,1705.3080012588775,2158081.0,1337.3374949956717,0.1547027018299056,0.01973487841278202,0.1744375802426876,85.75456249718101,163.85547931550175,381.0592542220971,264.45551349428325,-19.150821769367703,331.059254222097,1.0524874793246999,1613999517313.0,0.20558723950419466,1.0,0.20558723950419466,1.0004101248374402,483.0,0.7171985982111996,1678.65
5880489,long,close,1708.8,-134880.0,1705.3080012588775,2023201.0,1316.47075287442,0.16163208329505976,0.019733146067415733,0.1813652293624755,85.77429564324842,163.9334663641276,381.24061945145957,264.6171455775783,-19.150821769367703,331.2406194514595,1.0525000919658987,1613999517454.0,0.21696967328551342,1.0,0.21696967328551342,1.0004101381243196,141.0,0.7171994519490714,1680.2
5880513,long,close,1708.9,-134880.0,1705.3080012588775,1888321.0,1293.4023498076367,0.16625099512545735,0.01973199133945813,0.18598298646491548,85.79402763458788,164.01343904830753,381.4266024379245,264.78339657270374,-19.150821769367703,331.42660243792443,1.0525130182281712,1613999517690.0,0.22945814874192566,1.0,0.22945814874192566,1.0004101538044585,236.0,0.7172023790503459,1681.75
5880524,long,close,1707.8,-125888.0,1705.3080012588775,1762433.0,1269.6101572491812,0.10771900012268898,0.018428387398992857,0.12614738752168184,85.81245602198688,164.06768242494186,381.5527498254462,264.89111557282644,-19.150821769367703,331.5527498254461,1.0525217696158147,1613999518656.0,0.24256128495687704,1.0,0.24256128495687704,1.0004101377770651,966.0,0.7172037206384301,1683.3
5880546,long,close,1709.25,-135571.0,1705.3080012588775,1626862.0,1241.0096290530707,0.18334744504620878,0.01982901857539857,0.20317646362160735,85.83228504056227,164.15504830429916,381.7559262890678,265.07446301787263,-19.150821769367703,331.7559262890677,1.052535873298496,1613999519295.0,0.25658147485116456,1.0,0.25658147485116456,1.0004101624600905,639.0,0.7172064038145983,1683.3
5880557,long,close,1709.5,-135571.0,1705.3080012588775,1491291.0,1208.8158971254657,0.19494675395255281,0.01982611874817198,0.2147728727007248,85.85211115931044,164.24740063956048,381.97069916176855,265.26940977182517,-19.150821769367703,331.97069916176844,1.0525507775824043,1613999519742.0,0.2734986365454451,1.0,0.2734986365454451,1.0004101932019305,447.0,0.7172077454026825,1684.85
5880585,long,close,1708.25,-135571.0,1705.3080012588775,1355720.0,1172.3804818034494,0.13691625856788703,0.019840626372018146,0.15675688493990517,85.87195178568246,164.31480610008464,382.12745604670846,265.4063260303931,-19.150821769367703,332.12745604670835,1.0525616396848714,1613999520766.0,0.292220916256534,1.0,0.292220916256534,1.0004101932415785,1024.0,0.7172111603541695,1686.4
5880596,long,close,1708.45,-135572.0,1705.3080012588775,1220148.0,1130.7151374661162,0.14620792269577113,0.019838450057069273,0.1660463727528404,85.89179023573952,164.38620604036836,382.29350241946133,265.55253395308887,-19.150821769367703,332.29350241946116,1.0525731574069384,1613999520790.0,1.0,1.0,1.0,1.0004101981484026,24.0,0.7172125019422536,1687.95
5880599,long,close,1708.65,-135572.0,1705.3080012588775,1084576.0,1082.610896490034,0.15549640193122746,0.01983612793726041,0.17533252986848788,85.91162636367677,164.4615990282118,382.4688349493298,265.70803035502007,-19.150821769367703,332.4688349493297,1.052585312776225,1613999520891.0,0.33789188261389774,1.0,0.33789188261389774,1.000410207911349,101.0,0.717212867829913,1689.5
5880621,long,close,1708.9,-135572.0,1705.3080012588775,949004.0,1026.4520333126652,0.16710394358799308,0.019833226051846214,0.18693716963983928,85.93145958972862,164.54198201115696,382.65577211896965,265.8751342986081,-19.150821769367703,332.65577211896954,1.0525982608106441,1613999521372.0,0.365781548629154,1.0,0.365781548629154,1.0004102237423556,481.0,0.7172155510060813,1689.5
5880686,long,close,1706.5,-118625.0,1705.3080012588775,830379.0,969.1160216970654,0.04858955255445451,0.017378406094345152,0.06596795864879966,85.94883799582297,164.57034823337594,382.72174007761845,265.92372385116255,-19.150821769367703,332.72174007761834,1.0526028206308555,1613999522045.0,0.39719753740153557,1.0,0.39719753740153557,1.0004101758163095,673.0,0.7172234785720332,1691.05
5880707,long,close,1706.5,-118625.0,1705.3080012588775,711754.0,901.9413943672345,0.04858955255445451,0.017378406094345152,0.06596795864879966,85.96621640191732,164.59871445559492,382.78770803626725,265.972313403717,-19.150821769367703,332.78770803626713,1.0526073844957327,1613999522412.0,0.43130331453725396,1.0,0.43130331453725396,1.0004101279035877,367.0,0.7172260397856484,1692.6
5880913,long,close,1706.5,-118625.0,1705.3080012588775,593129.0,822.158088950927,0.04858955255445451,0.017378406094345152,0.06596795864879966,85.98359480801167,164.6270806778139,382.85367599491605,266.02090295627147,-19.150821769367703,332.85367599491593,1.0526118127608706,1613999531348.0,0.4688682422829347,1.0,0.4688682422829347,1.000410080004184,8936.0,0.7172511640715881,1692.6
5881386,long,reentry,1692.6,1099068.0,1697.0542592137185,1692197.0,1249.5861043867537,0.0,0.1623342786246012,0.1623342786246012,86.14592908663627,164.69688441762247,383.01601027354064,266.02090295627147,-19.150821769367703,333.01601027354053,1.0526223844239517,1613999573802.0,0.5142488618056028,1.0,0.5142488618056028,1.0004100828094966,42454.0,0.717308852359207,1675.55
5882120,long,reentry,1675.55,1343339.0,1687.537814649102,3035536.0,1421.5077156077336,0.0,0.20043254453761453,0.20043254453761453,86.34636163117389,164.78307041177365,383.21644281807824,266.02090295627147,-19.150821769367703,333.2164428180781,1.052635870906711,1613999598234.0,0.2542010716880014,1.0,0.2542010716880014,1.000410105602225,24432.0,0.7173983728731865,0.05
5916330,long,close,1688.7,-159765.0,1687.537814649102,2875771.0,1407.4247876284812,0.06515549130732685,0.02365206963936756,0.08880756094669441,86.37001370081326,164.8212576629807,383.3052503790249,266.0860584475788,-19.150821769367703,333.3052503790248,1.0526236074497617,1614000767821.0,0.06621052643517461,1.0,0.06621052643517461,1.0004100696966418,1169587.0,0.7215707118149272,1655.4
5916360,long,close,1689.8,-159765.0,1687.537814649102,2716006.0,1391.9677496740505,0.1267421325744675,0.023636672979050775,0.1503788055535183,86.39365037379231,164.8859205493687,383.4556291845784,266.21280058015327,-19.150821769367703,333.45562918457836,1.0526339781481624,1614000769447.0,0.1665878385619652,1.0,0.1665878385619652,1.000410066124781,1626.0,0.7215743706915203,1656.95
5916389,long,close,1690.85,-159765.0,1687.537814649102,2556241.0,1374.93607643991,0.18545463014196611,0.023621994854658903,0.20907662499662502,86.41727236864698,164.97582349811725,383.664705809575,266.39825521029525,-19.150821769367703,333.66470580957497,1.05264840934145,1614000770495.0,0.17630170443573556,1.0,0.17630170443573556,1.0004100933215772,1048.0,0.7215779076055604,1658.5
5916394,long,close,1691.9,-159765.0,1687.537814649102,2396476.0,1356.085519209905,0.2440942532813915,0.023607334948874046,0.2677015882302656,86.44087970359585,165.09093518105627,383.93240739780526,266.64234946357664,-19.150821769367703,333.9324073978052,1.05266689496348,1614000770621.0,1.0,1.0,1.0,1.0004101511799837,126.0,0.7215785174183259,1660.05
5916441,long,close,1691.9,-149779.0,1687.537814649102,2246697.0,1336.5398665585233,0.22883731206605665,0.022131774927596194,0.25096908699365283,86.46301147852346,165.1988518884635,384.1833764847989,266.8711867756427,-19.150821769367703,334.1833764847989,1.0526841901667254,1614000772236.0,0.19808076685496878,1.0,0.19808076685496878,1.0004102001541557,1615.0,0.7215842496583219,1660.05
5916448,long,close,1691.9,-140418.0,1687.537814649102,2106279.0,1316.302782296051,0.21453526653063207,0.020748566700159583,0.23528383323079166,86.48376004522362,165.30002393675275,384.41866031802965,267.0857220421733,-19.150821769367703,334.41866031802965,1.0527004163450162,1614000772358.0,0.2096390606081882,1.0,0.2096390606081882,1.000410240814777,122.0,0.7215851033961936,1661.6
5916468,long,close,1690.95,-131642.0,1687.537814649102,1974637.0,1295.4184050634706,0.1574138012718927,0.019462728052278305,0.176876529324171,86.5032227732759,165.37608084436215,384.59553684735386,267.2431358434452,-19.150821769367703,334.5955368473538,1.05271259862353,1614000773053.0,0.22112261402600536,1.0,0.22112261402600536,1.000410250841367,695.0,0.7215875426472558,1663.15
5916495,long,close,1688.7,-123414.0,1687.537814649102,1851223.0,1273.945263017629,0.050330797134556605,0.018270563155089715,0.06860136028964632,86.52149333643098,165.40557942928672,384.66413820764353,267.29346664057977,-19.150821769367703,334.6641382076434,1.0527172909296558,1614000775296.0,0.23291286154642749,1.0,0.23291286154642749,1.0004102042273024,2243.0,0.7215908356361896,1664.7
5916506,long,close,1690.1,-132230.0,1687.537814649102,1718993.0,1248.4156336779774,0.11878856245043169,0.019559493521093426,0.1383480559715251,86.54105282995206,165.4650690933545,384.8024862636151,267.4122552030302,-19.150821769367703,334.8024862636149,1.0527268076011993,1614000776252.0,0.24609701561271805,1.0,0.24609701561271805,1.0004101940693144,956.0,0.7215921772242738,1666.25
5916529,long,close,1690.2,-132230.0,1687.537814649102,1586763.0,1219.8904260703239,0.12341748057161585,0.01955833629156313,0.14297581686317898,86.56061116624363,165.52654869460565,384.94546208047825,267.53567268360183,-19.150821769367703,334.9454620804781,1.052736594706213,1614000780055.0,0.2608551606406291,1.0,0.2608551606406291,1.0004101863059147,3803.0,0.7215949823629952,1666.25
5916555,long,close,1691.9,-144251.0,1687.537814649102,1442512.0,1184.6168905449579,0.22039145075638597,0.02131494178142916,0.24170639253781512,86.58192610802506,165.63048244339691,385.1871684730161,267.7560641343582,-19.150821769367703,335.1871684730159,1.0527531853101058,1614000783107.0,0.27834215211173463,1.0,0.27834215211173463,1.0004102300358808,3052.0,0.7215981533893759,1667.8
5916608,long,close,1693.95,-160279.0,1687.537814649102,1282233.0,1139.2032254131962,0.3595245829696679,0.023654623808258803,0.38317920677792666,86.60558073183331,165.7952495023114,385.570347679794,268.11558871732785,-19.150821769367703,335.5703476797938,1.052779448352892,1614000789040.0,0.30018201710532694,1.0,0.30018201710532694,1.000410347406102,5933.0,0.7216046174046905,1669.35
5916642,long,close,1692.55,-142470.0,1687.537814649102,1139763.0,1092.1756340795723,0.2500089330298881,0.021043691471448408,0.2710526245013365,86.62662442330476,165.911802130847,385.84140030429535,268.36559765035776,-19.150821769367703,335.8414003042952,1.0527980619453077,1614000789996.0,0.3266125459357493,1.0,0.3266125459357493,1.0004104061613572,956.0,0.7216087641314961,1670.9
5916729,long,close,1693.5,-162823.0,1687.537814649102,976940.0,1028.4314217240058,0.3396898037444648,0.024036462946560377,0.36372626669102515,86.65066088625132,166.06820442552416,386.2051265709864,268.70528745410223,-19.150821769367703,336.2051265709862,1.0528229086033205,1614000798302.0,0.35458241692496617,1.0,0.35458241692496617,1.0004105129944576,8306.0,0.7216193748736163,1672.45
5916730,long,close,1694.2,-162823.0,1687.537814649102,814117.0,950.7017762463814,0.37941480448250525,0.02402653169637587,0.4034413361788811,86.6746874179477,166.24168420008107,386.6085679071653,269.08470225858474,-19.150821769367703,336.6085679071651,1.0528505861047668,1614000798351.0,1.0,1.0,1.0,1.0004106402356936,49.0,0.7216194968361694,1674.0
5916822,long,close,1691.9,-135686.0,1687.537814649102,678431.0,871.7679253819389,0.20730556035889516,0.02004935279862876,0.22735491315752393,86.69473677074632,166.33944681273883,386.8359228203229,269.29200781894366,-19.150821769367703,336.8359228203226,1.0528660524485656,1614000805882.0,0.43745457026841333,1.0,0.43745457026841333,1.0004106758405982,7531.0,0.7216307173910551,1674.0
5916823,long,close,1692.55,-135686.0,1687.537814649102,542745.0,775.1875143712908,0.2381042471193472,0.020041653126938647,0.2581459002462858,86.71477842387326,166.45044954984473,387.09406872056917,269.530112066063,-19.150821769367703,337.0940687205689,1.052883737452243,1614000805899.0,1.0,1.0,1.0,1.0004107273289304,17.0,0.7216308393536083,1675.55
5916826,long,close,1691.75,-542745.0,1687.537814649102,0.0,0.0,0.8007807159957487,0.0802046697207034,0.8809853857164521,86.79498309359396,166.82927326570282,387.97505410628565,270.33089278205875,-19.150821769367703,337.9750541062853,1.0529440057217445,1614000805934.0,1.0,1.0,1.0,1.0004111011366108,35.0,0.7216312052412676,
5938274,long,entry,1720.55,307879.0,1720.55,307879.0,547.7628667895028,0.0,0.044735549678881756,0.044735549678881756,86.83971864327283,166.84850955206474,388.01978965596453,270.33089278205875,-19.150821769367703,338.0197896559642,1.0529075784902695,1614003301799.0,1.0,1.0,1.0,1.0004110418025465,2495865.0,0.7242470580802752,1710.4
5938900,long,reentry,1710.4,570499.0,1713.957661792531,878378.0,990.1578842357268,0.0,0.08338678086997194,0.08338678086997194,86.9231054241428,166.88436586783882,388.1031764368345,270.33089278205875,-19.150821769367703,338.10317643683413,1.0529125794950414,1614003345547.0,0.6797363891662509,1.0,0.6797363891662509,1.0004110024687576,43748.0,0.7243234066385194,1698.8
5939227,long,close,1715.15,-125482.0,1713.957661792531,752896.0,922.8358684034191,0.0508954191611098,0.018290237005509722,0.06918565616661952,86.94139566114832,166.91411569999048,388.1723620930011,270.3817882012199,-19.150821769367703,338.17236209300074,1.0529170045559224,1614003364340.0,0.4196536739233205,1.0,0.4196536739233205,1.000410955804083,18793.0,0.7243632883933848,1700.35
5939286,long,close,1719.05,-150579.0,1713.957661792531,602317.0,824.4834118247982,0.26025138522633356,0.02189857770280097,0.2821499629291345,86.96329423885112,167.03544018405,388.45451205593025,270.64203958644623,-19.150821769367703,338.45451205592985,1.0529362339237025,1614003365596.0,0.4619973949726467,1.0,0.4619973949726467,1.0004110191157816,1256.0,0.7243704841840181,1701.9
5939687,long,reentry,1701.9,1116093.0,1706.1263107627933,1718410.0,1254.6735683369993,0.0,0.16394808743169398,0.16394808743169398,87.12724232628281,167.10593786164566,388.618460143362,270.64203958644623,-19.150821769367703,338.6184601433616,1.052947031722121,1614003389682.0,0.5155369675207578,1.0,0.5155369675207578,1.0004110213268114,24086.0,0.7244193911678134,1684.85
5940963,long,close,1707.3,-122743.0,1706.1263107627933,1595667.0,1227.829518748582,0.04945712140458908,0.0179732618754759,0.06743038328006498,87.1452155881583,167.13493292645606,388.685890526642,270.69149670785083,-19.150821769367703,338.68589052664163,1.0529495874891963,1614003518668.0,0.2598669370357484,1.0,0.2598669370357484,1.000410973733855,128986.0,0.7245750153855761,1684.85
5940972,long,close,1707.3,-122743.0,1706.1263107627933,1472924.0,1197.9279190731322,0.04945712140458908,0.0179732618754759,0.06743038328006498,87.16318885003378,167.1639279912665,388.7533209099221,270.74095382925543,-19.150821769367703,338.7533209099217,1.0529541655449781,1614003519766.0,0.28077232888229986,1.0,0.28077232888229986,1.000410926153937,1098.0,0.7245761130485541,1686.4
5941108,long,close,1707.3,-122743.0,1706.1263107627933,1350181.0,1164.4148381740467,0.04945712140458908,0.0179732618754759,0.06743038328006498,87.18116211190926,167.19292305607692,388.82075129320214,270.79041095066003,-19.150821769367703,338.82075129320174,1.0529585967147217,1614003530098.0,0.29573008079418434,1.0,0.29573008079418434,1.0004108785870518,10332.0,0.7245926999557764,1687.95
5941127,long,close,1709.25,-135018.0,1706.1263107627933,1215163.0,1122.44904436557,0.14462478381448904,0.0197481351469943,0.16437291896148334,87.20091024705626,167.26360341123035,388.9851242121636,270.9350357344745,-19.150821769367703,338.9851242121632,1.0529697846831547,1614003530665.0,1.0,1.0,1.0,1.0004108809636303,567.0,0.7245950172442854,1687.95
5941170,long,close,1709.45,-135018.0,1706.1263107627933,1080145.0,1074.0523633090595,0.15386664998056152,0.01974582468045278,0.1736124746610143,87.22065607173671,167.3382567753346,389.1587366868246,271.0889023844551,-19.150821769367703,339.1587366868242,1.0529815463600318,1614003534433.0,0.34323217906698456,1.0,0.34323217906698456,1.000410888058733,3768.0,0.7246002616340689,1689.5
5941191,long,close,1709.75,-135018.0,1706.1263107627933,945127.0,1017.623207158418,0.16772539518690624,0.01974235999415119,0.18746775518105743,87.24039843173087,167.41886791006243,389.34620444200567,271.256627779642,-19.150821769367703,339.3462044420053,1.0529942831713979,1614003535831.0,0.3711269024480008,1.0,0.3711269024480008,1.0004109022370975,1398.0,0.7246028228476842,1691.05
5941248,long,close,1707.3,-118140.0,1706.1263107627933,826987.0,960.0927999022049,0.047602423948723376,0.01729924442101564,0.06490166836973901,87.25769767615188,167.44677562746142,389.4111061103754,271.3042302035907,-19.150821769367703,339.411106110375,1.0529985002650917,1614003548378.0,0.40327603884339397,1.0,0.40327603884339397,1.0004108533601588,12547.0,0.7246097747132112,1692.6
5941280,long,close,1707.3,-118141.0,1706.1263107627933,708846.0,892.7945270958568,0.04760282688104053,0.017299390851051366,0.0649022177320919,87.27499706700293,167.4746835810862,389.47600832810747,271.3518330304717,-19.150821769367703,339.47600832810707,1.05300285418179,1614003552240.0,0.43742364941860723,1.0,0.43742364941860723,1.0004108044975035,3862.0,0.7246136775149106,1692.6
5941360,long,close,1711.2,-141769.0,1706.1263107627933,567077.0,795.0334587013635,0.24637304277760913,0.020711927302477794,0.2670849700800869,87.2957089943054,167.58953011822067,389.7430932981876,271.59820607324934,-19.150821769367703,339.74309329818715,1.053020876480589,1614003561015.0,0.4771488231115594,1.0,0.4771488231115594,1.000410859490972,8775.0,0.724623434519159,1694.15
5941383,long,close,1712.15,-141769.0,1706.1263107627933,425308.0,672.2839556948629,0.29234175098039444,0.020700435125427095,0.3130421861058215,87.31640942943083,167.72413825824617,390.0561354842934,271.8905478242297,-19.150821769367703,340.05613548429295,1.0530421168127786,1614003562939.0,0.5354756303234802,1.0,0.5354756303234802,1.0004109379439676,1924.0,0.7246262396578804,1695.7
5941392,long,close,1712.15,-425308.0,1706.1263107627933,0.0,0.0,0.8770273150404503,0.06210145139152527,0.9391287664319755,87.37851088082236,168.1279636278119,390.99526425072537,272.76757513927015,-19.150821769367703,340.9952642507249,1.0531058288183714,1614003562994.0,0.6072763643456711,1.0,0.6072763643456711,1.0004113368138663,55.0,0.7246273373208584,
5942044,long,entry,1705.4,307544.0,1705.4,307544.0,542.9400993192811,0.0,0.045083851295883666,0.045083851295883666,87.42359473211825,168.14734968386912,391.04034810202126,272.76757513927015,-19.150821769367703,341.0403481020208,1.0531075129709166,1614003649375.0,1.0,1.0,1.0,1.000411277622493,86381.0,0.7247068569054832,1695.7
5942054,long,close,1706.6,-307544.0,1705.4,0.0,0.0,0.1268032850229839,0.04505215047462791,0.1718554354976118,87.46864688259288,168.2212475211331,391.21220353751886,272.8943784242931,-19.150821769367703,341.2122035375184,1.0531191426484554,1614003650110.0,0.681560059050275,1.0,0.681560059050275,1.0004112832600298,735.0,0.7247080765310142,
5942273,long,entry,1704.85,307615.0,1704.85,307615.0,542.7645143099102,0.0,0.04510880722644221,0.04510880722644221,87.51375568981932,168.24064430824046,391.2573123447453,272.8943784242931,-19.150821769367703,341.25731234474483,1.0531217754500557,1614003676698.0,1.0,1.0,1.0,1.0004112241029899,26588.0,0.7247347863301443,1695.7
5942283,long,close,1706.05,-307615.0,1704.85,0.0,0.0,0.12691437805863984,0.04507707863192756,0.1719914566905674,87.55883276845125,168.31460063461742,391.4293038014359,273.02129280235175,-19.150821769367703,341.4293038014354,1.0531334056562514,1614003677577.0,0.6816163576419356,1.0,0.6816163576419356,1.0004112297697345,879.0,0.7247360059556754,
5942296,long,entry,1704.8,307777.0,1704.8,307777.0,542.7489830293202,0.0,0.045133886672923514,0.045133886672923514,87.60396665512418,168.3340082058868,391.4744376881088,273.02129280235175,-19.150821769367703,341.47443768810837,1.053136447305003,1614003678407.0,1.0,1.0,1.0,1.000411170647041,830.0,0.7247375914688657,1695.7
5942365,long,close,1706.0,-307777.0,1704.8,0.0,0.0,0.12698866121339358,0.04510213950762017,0.17209080072101374,87.6490687946318,168.40800725019682,391.6465284888298,273.1482814635651,-19.150821769367703,341.6465284888294,1.0531480302083582,1614003682291.0,0.6810267209136844,1.0,0.6810267209136844,1.000411176324187,3884.0,0.7247460068850301,
5942404,long,entry,1704.4,307876.0,1704.4,307876.0,542.6221872391402,0.0,0.04515900023468669,0.04515900023468669,87.69422779486649,168.42742562029773,391.69168748906446,273.1482814635651,-19.150821769367703,341.69168748906407,1.053150995509569,1614003687931.0,1.0,1.0,1.0,1.0004111172358139,5640.0,0.7247507634246012,1694.15
5942790,long,close,1705.6,-307876.0,1704.4,0.0,0.0,0.12708911885930346,0.04512722795497186,0.17221634681427533,87.73935502282147,168.50147864942787,391.8639038358788,273.27537058242444,-19.150821769367703,341.8639038358783,1.0531620059954374,1614003727987.0,0.6803403904334961,1.0,0.6803403904334961,1.0004111229366686,40056.0,0.7247978409700999,
5942991,long,entry,1702.35,307676.0,1702.35,307676.0,541.9690872818267,0.0,0.045184010338649515,0.045184010338649515,87.78453903316012,168.5209077738735,391.9090878462174,273.27537058242444,-19.150821769367703,341.90908784621695,1.0531646424083476,1614003754330.0,1.0,1.0,1.0,1.0004110638825152,26343.0,0.7248223554432741,1692.6
5943138,long,close,1703.55,-307676.0,1702.35,0.0,0.0,0.12731252362744974,0.045152182207742655,0.1724647058351924,87.82969121536786,168.5950675973826,392.0815525520526,273.4026831060519,-19.150821769367703,342.08155255205213,1.0531757049642436,1614003791744.0,0.6810820952796124,1.0,0.6810820952796124,1.0004110696695319,37414.0,0.7248402839385807,
5945093,long,entry,1699.8,307386.0,1699.8,307386.0,541.1575518685077,0.0,0.04520914225202965,0.04520914225202965,87.8749003576199,168.61450752855097,392.1267616943046,273.4026831060519,-19.150821769367703,342.12676169430415,1.053174028302146,1614004089560.0,1.0,1.0,1.0,1.000411010649593,297816.0,0.725078720729902,1689.5
5945143,long,close,1701.0,-307386.0,1699.8,0.0,0.0,0.12757429912389243,0.04517724867724868,0.1727515478011411,87.92007760629714,168.68879069410545,392.2995132421057,273.53025740517575,-19.150821769367703,342.29951324210526,1.053185624069194,1614004094160.0,0.6813909026385001,1.0,0.6813909026385001,1.0004110165421078,4600.0,0.7250848188575573,
5965051,long,entry,1720.15,311239.0,1720.15,311239.0,547.6363516372897,0.0,0.045234281894020865,0.045234281894020865,87.96531188819117,168.70824143531988,392.34474752399973,273.53025740517575,-19.150821769367703,342.3447475239993,1.0530999207413076,1614009689120.0,1.0,1.0,1.0,1.0004109575563138,5594960.0,0.7275128493647824,1710.4
5965069,long,close,1721.35,-311239.0,1720.15,0.0,0.0,0.12613620303324782,0.04520274784326256,0.17133895087651038,88.01051463603443,168.78191718419677,392.5160864748762,273.656393608209,-19.150821769367703,342.5160864748758,1.053111414291718,1614009692519.0,0.6816067723039012,1.0,0.6816067723039012,1.0004109626903535,3399.0,0.7275150446907384,
5965092,long,entry,1720.0,311383.0,1720.0,311383.0,547.5877873578636,0.0,0.04525915697674419,0.04525915697674419,88.05577379301117,168.80137862169676,392.56134563185293,273.656393608209,-19.150821769367703,342.56134563185253,1.0531144020380203,1614009696412.0,1.0,1.0,1.0,1.0004109037387685,3893.0,0.7275178498294598,1710.4
5965653,long,close,1721.2,-311383.0,1720.0,0.0,0.0,0.12621656605180573,0.04522760283523123,0.17144416888703695,88.1010013958464,168.87509961431817,392.73278980073997,273.7826101742608,-19.150821769367703,342.73278980073957,1.0531242608075908,1614009803038.0,0.6807068295289425,1.0,0.6807068295289425,1.0004109088868847,106626.0,0.727586270821752,
5966212,long,entry,1716.8,310976.0,1716.8,310976.0,546.5698998751242,0.0,0.04528424976700839,0.04528424976700839,88.1462856456134,168.894571841718,392.778074050507,273.7826101742608,-19.150821769367703,342.7780740505066,1.053123789582156,1614010025238.0,1.0,1.0,1.0,1.0004108499695747,222200.0,0.727654447888938,1706.55
5966281,long,close,1718.0,-310976.0,1716.8,0.0,0.0,0.1265217688484752,0.04525261932479628,0.1717743881732715,88.1915382649382,168.9684348286325,392.94984843868025,273.9091319431093,-19.150821769367703,342.94984843867985,1.0531350816065463,1614010042344.0,0.6814303783440436,1.0,0.6814303783440436,1.0004108552458442,17106.0,0.7276628633051022,
5966604,long,entry,1715.75,310957.0,1715.75,310957.0,546.2349209982584,0.0,0.0453091942299286,0.0453091942299286,88.23684745916813,168.98791778215136,392.99515763291015,273.9091319431093,-19.150821769367703,342.99515763290975,1.0531365247691231,1614010143689.0,1.0,1.0,1.0,1.0004107963626534,101345.0,0.7277022572097553,1706.55
5966865,long,close,1716.95,-310957.0,1715.75,0.0,0.0,0.1266688792939235,0.04527752701010512,0.17194640630402863,88.28212498617823,169.0618547368621,393.16710403921417,274.0358008224032,-19.150821769367703,343.16710403921377,1.053147327768047,1614010191956.0,0.6809095884579498,1.0,0.6809095884579498,1.0004108016865598,48267.0,0.7277340894361158,
5967134,long,entry,1714.05,310821.0,1714.05,310821.0,545.6941238990419,0.0,0.045334295965695284,0.045334295965695284,88.32745928214393,169.08134848412735,393.21243833517985,274.0358008224032,-19.150821769367703,343.21243833517946,1.0531490953033962,1614010272810.0,1.0,1.0,1.0,1.000410742837513,80854.0,0.7277668973629012,1705.0
5967749,long,reentry,1705.0,575951.0,1708.1721006639814,886772.0,986.6423814148063,0.0,0.08445029325513197,0.08445029325513197,88.41190957539906,169.11766211022706,393.296888628435,274.0358008224032,-19.150821769367703,343.2968886284346,1.0531524243849348,1614010421055.0,0.6799354093087528,1.0,0.6799354093087528,1.0004107038186232,148245.0,0.7278419043330612,1694.15
5968126,long,close,1709.35,-126681.0,1708.1721006639814,760091.0,919.5458757344231,0.051104252387944075,0.018527656711615527,0.0696319090995596,88.43043723211068,169.14760383113986,393.3665205375346,274.08690507479116,-19.150821769367703,343.36652053753414,1.0531561670494731,1614010480271.0,0.4199633266226888,1.0,0.4199633266226888,1.000410657305004,59216.0,0.727887884215582,1694.15
5968230,long,close,1709.35,-126681.0,1708.1721006639814,633410.0,839.6094860943227,0.051104252387944075,0.018527656711615527,0.0696319090995596,88.44896488882229,169.1775455520527,393.4361524466342,274.13800932717913,-19.150821769367703,343.4361524466337,1.0531604718182475,1614010503968.0,0.46149808167344625,1.0,0.46149808167344625,1.000410610803662,23697.0,0.727900568321105,1695.7
5968324,long,close,1714.2,-158352.0,1708.1721006639814,475058.0,714.9727445912806,0.3259841084503441,0.023094154707735386,0.3490782631580795,88.47205904353002,169.3276492052107,393.7852307097923,274.4639934356295,-19.150821769367703,343.7852307097918,1.053183774374499,1614010513361.0,0.5088423258391163,1.0,0.5088423258391163,1.0004107056168101,9393.0,0.7279120328010968,1697.25
5968327,long,close,1714.25,-475058.0,1708.1721006639814,0.0,0.0,0.9860395991358705,0.06928073501531282,1.0553203341511832,88.54133977854534,169.7814369488957,394.8405510439435,275.4500330347654,-19.150821769367703,344.840551043943,1.053254545660823,1614010513564.0,0.5829117112406483,1.0,0.5829117112406483,1.0004111565147544,203.0,0.7279123986887562,
5973374,long,entry,1700.8,309731.0,1700.8,309731.0,541.4757700417304,0.0,0.04552725188146755,0.04552725188146755,88.5868670304268,169.80101366720473,394.886078295825,275.4500330347654,-19.150821769367703,344.88607829582446,1.0532297804698216,1614012265806.0,1.0,1.0,1.0,1.0004110976653413,1752242.0,0.7285279436942799,1691.05
5973412,long,close,1702.0,-309731.0,1700.8,0.0,0.0,0.12839648004176565,0.04549515276145711,0.17389163280322276,88.63236218318826,169.87578706931012,395.0599699286282,275.57842951480717,-19.150821769367703,345.0599699286277,1.0532411848610965,1614012280446.0,0.6816159404705531,1.0,0.6816159404705531,1.0004111034837728,14640.0,0.7285325782712979,
5973492,long,entry,1700.4,309830.0,1700.4,309830.0,541.3481369185869,0.0,0.04555251705481063,0.04555251705481063,88.67791470024308,169.89537465164372,395.10552244568305,275.57842951480717,-19.150821769367703,345.10552244568254,1.053243802508877,1614012307533.0,1.0,1.0,1.0,1.0004110446682872,27087.0,0.7285423352755463,1691.05
5973834,long,reentry,1691.05,574114.0,1694.3272556858806,883944.0,978.7059174788319,0.0,0.08487537328878507,0.08487537328878507,88.76279007353186,169.9318710621579,395.19039781897186,275.57842951480717,-19.150821769367703,345.19039781897135,1.0532491675730287,1614012327205.0,0.6798650875703212,1.0,0.6798650875703212,1.0004110056607467,19672.0,0.7285840464687084,1680.2
5973956,long,close,1695.5,-126277.0,1694.3272556858806,757667.0,912.1538307748015,0.05155045471252059,0.018619433795340607,0.0701698885078612,88.7814095073272,169.96204411421627,395.2605677074797,275.6299799695197,-19.150821769367703,345.2605677074792,1.0532536657829967,1614012339459.0,0.42119231327764395,1.0,0.42119231327764395,1.0004109592630526,12254.0,0.7285989259001873,1680.2
5975558,long,close,1695.5,-126277.0,1694.3272556858806,631390.0,832.8651476629975,0.05155045471252059,0.018619433795340607,0.0701698885078612,88.80002894112253,169.99221716627466,395.33073759598756,275.6815304242322,-19.150821769367703,345.33073759598705,1.0532556878792636,1614012507657.0,0.45769689014577797,1.0,0.45769689014577797,1.0004109128775336,168198.0,0.7287943099102624,1681.75
5975573,long,close,1695.5,-126278.0,1694.3272556858806,505112.0,736.7958893682318,0.051550862945648646,0.01861958124447066,0.07017044419011931,88.818648522367,170.0223904572764,395.4009080401777,275.73308128717787,-19.150821769367703,345.40090804017717,1.0532603762505746,1614012507814.0,0.5087210831929466,1.0,0.5087210831929466,1.0004108665044638,157.0,0.728796139348559,1683.3
5975579,long,close,1695.6,-505112.0,1694.3272556858806,0.0,0.0,0.22377323828361786,0.07447393253125738,0.29824717081487523,88.89312245489826,170.1506367407268,395.69915521099256,275.9568545254615,-19.150821769367703,345.69915521099205,1.0532802951727707,1614012508426.0,0.5654787902171842,1.0,0.5654787902171842,1.0004109347001204,612.0,0.7287968711238776,
5977378,long,entry,1687.05,307895.0,1687.05,307895.0,537.0981449961365,0.0,0.0456262410716932,0.0456262410716932,88.93874869596995,170.17025602438764,395.7447814520643,275.9568545254615,-19.150821769367703,345.74478145206376,1.053277117872457,1614012900444.0,1.0,1.0,1.0,1.0004108759882455,392018.0,0.7290162817569145,1677.1
5977432,long,close,1688.2,-307895.0,1687.05,0.0,0.0,0.12432218275663642,0.04559516052600403,0.16991734328264047,88.98434385649595,170.24332048199918,395.9146987953469,276.08117670821815,-19.150821769367703,345.9146987953464,1.0532881750328242,1614012918542.0,0.6815120107945112,1.0,0.6815120107945112,1.0004108796580413,18098.0,0.7290228677347822,
5977655,long,entry,1686.2,307908.0,1686.2,307908.0,536.8281339192196,0.0,0.04565116830743684,0.04565116830743684,89.0299950248034,170.26295048437134,395.9603499636543,276.08117670821815,-19.150821769367703,345.9603499636538,1.0532903358732801,1614012974348.0,1.0,1.0,1.0,1.0004108209804397,55806.0,0.7290500653841248,1677.1
5978470,long,reentry,1677.1,570553.0,1680.2896268587906,878461.0,970.5701919072544,0.0,0.08505053365929283,0.08505053365929283,89.1150455584627,170.29952221384485,396.0454004973136,276.08117670821815,-19.150821769367703,346.0454004973131,1.0532937605745984,1614013116095.0,0.6798973591012673,1.0,0.6798973591012673,1.0004107820749817,141747.0,0.7291494648649057,1666.25
5978860,long,close,1681.45,-125494.0,1680.2896268587906,752967.0,904.5690987848446,0.05154096269328509,0.01865859823366737,0.07019956092695245,89.13370415669637,170.32970802504346,396.1156000582406,276.13271767091146,-19.150821769367703,346.11560005824003,1.053297403558212,1614013181622.0,0.4205897009687455,1.0,0.4205897009687455,1.000410735734102,65527.0,0.7291970302606169,1666.25
5978938,long,close,1685.3,-150593.0,1680.2896268587906,602374.0,808.1480433284232,0.26644862816160153,0.022339197768943216,0.28878782593054475,89.15604335446531,170.45388679019356,396.4043878841711,276.39916629907304,-19.150821769367703,346.4043878841706,1.0533164807404078,1614013193060.0,0.4625736869650093,1.0,0.4625736869650093,1.0004107988689976,11438.0,0.7292065433397591,1667.8
5979275,long,close,1681.45,-120474.0,1680.2896268587906,481900.0,713.3025397643505,0.049479225616450406,0.01791221862083321,0.06739144423728362,89.17395557308615,170.4828651112156,396.4717793284084,276.4486455246895,-19.150821769367703,346.4717793284079,1.053320289781035,1614013236061.0,0.5177538827256097,1.0,0.5177538827256097,1.000410751105999,43001.0,0.7292476447201557,1669.35
5979284,long,close,1681.5,-481900.0,1680.2896268587906,0.0,0.0,0.20644063499081064,0.0716473386856973,0.27808797367650795,89.24560291177184,170.60244293989652,396.7498673020849,276.6550861596803,-19.150821769367703,346.7498673020844,1.0533387948233297,1614013237571.0,0.5757812960454665,1.0,0.5757812960454665,1.0004108087330892,1510.0,0.7292487423831336,
5980231,long,entry,1678.1,307075.0,1678.1,307075.0,534.2490081539619,0.0,0.04574742268041237,0.04574742268041237,89.29135033445225,170.62211433164907,396.7956147247653,276.6550861596803,-19.150821769367703,346.7956147247648,1.0533400217223916,1614013352079.0,1.0,1.0,1.0,1.0004107501393293,114508.0,0.7293642409209246,1669.35
5980322,long,close,1679.25,-307075.0,1678.1,0.0,0.0,0.1253167451719229,0.0457160934941194,0.1710328386660423,89.33706642794637,170.69565845227547,396.9666475634313,276.7804029048522,-19.150821769367703,346.96664756343085,1.0533512680809658,1614013360987.0,0.6811976320838036,1.0,0.6811976320838036,1.0004107541600942,8908.0,0.7293753395132572,
5980368,long,entry,1677.65,307160.0,1677.65,307160.0,534.1052730426032,0.0,0.04577236014663368,0.04577236014663368,89.382838788093,170.71534056713853,397.01241992357797,276.7804029048522,-19.150821769367703,347.0124199235775,1.0533541522767538,1614013371219.0,1.0,1.0,1.0,1.0004106956003473,10232.0,0.7293809497907001,1667.8
5980374,long,close,1678.8,-307160.0,1677.65,0.0,0.0,0.1254186661154005,0.04574100548010484,0.17115967159550535,89.4285797935731,170.7889392259246,397.1835795951735,276.90582157096765,-19.150821769367703,347.183579595173,1.0533655211241921,1614013372567.0,0.6818055625137152,1.0,0.6818055625137152,1.0004106996469844,1348.0,0.7293816815660187,
5980387,long,entry,1677.6,307319.0,1677.6,307319.0,534.0897197448526,0.0,0.045797418931807346,0.045797418931807346,89.47437721250492,170.80863211606527,397.2293770141053,276.90582157096765,-19.150821769367703,347.2293770141048,1.0533685359648932,1614013374583.0,1.0,1.0,1.0,1.0004106411212634,2016.0,0.7293832670792091,1667.8
5981403,long,close,1678.75,-307319.0,1677.6,0.0,0.0,0.12549106602312704,0.04576604616530156,0.1712571121884286,89.52014325867022,170.88227267430628,397.4006341262937,277.0313126369908,-19.150821769367703,347.4006341262932,1.0533776934930934,1614013514986.0,0.6801953715488442,1.0,0.6801953715488442,1.0004106451790353,140403.0,0.7295071810331643,
5981493,long,entry,1673.65,306763.0,1673.65,306763.0,532.8322361260055,0.0,0.04582245391808323,0.04582245391808323,89.5659657125883,170.90197632949108,397.4464565802118,277.0313126369908,-19.150821769367703,347.4464565802113,1.0533805567210555,1614013526528.0,1.0,1.0,1.0,1.0004105866872854,11542.0,0.7295181576629438,1664.7
5981944,long,reentry,1664.7,568431.0,1667.83705172796,875194.0,963.3632131817149,0.0,0.08536538114975671,0.08536538114975671,89.65133109373805,170.9386834433855,397.5318219613616,277.0313126369908,-19.150821769367703,347.53182196136106,1.0533852976400468,1614013585259.0,0.6799133534821101,1.0,0.6799133534821101,1.0004105479184793,58731.0,0.7295731627743944,1653.85
5982656,long,close,1669.0,-125027.0,1667.83705172796,750167.0,897.8506884550741,0.052234116565398635,0.018727831036548834,0.07096194760194746,89.6700589247746,170.9691970808543,397.6027839089635,277.08354675355616,-19.150821769367703,347.60278390896303,1.0533887015931502,1614013667776.0,0.419310902241281,1.0,0.419310902241281,1.0004105019825142,82517.0,0.7296600001122056,1655.4
5982733,long,close,1672.8,-150033.0,1667.83705172796,600134.0,802.1448321753518,0.2668879123284159,0.02242243543758967,0.28931034776600556,89.69248136021218,171.09360053039367,397.8920942567295,277.35043466588456,-19.150821769367703,347.892094256729,1.0534078635986552,1614013671455.0,0.46207495748902155,1.0,0.46207495748902155,1.0004105647342254,3679.0,0.7296693912287947,1655.4
5982841,long,close,1669.0,-120026.0,1667.83705172796,480108.0,708.002094084769,0.050144785325398004,0.017978729778310366,0.06812351510370837,89.71046008999049,171.12289364188825,397.9602177718332,277.40057945121,-19.150821769367703,347.96021777183273,1.053412160348801,1614013685725.0,0.5185349586294818,1.0,0.5185349586294818,1.0004105173692992,14270.0,0.7296825631845301,1656.95
5982843,long,close,1669.35,-480108.0,1667.83705172796,0.0,0.0,0.2608927455705254,0.0719004402911313,0.3327931858616567,89.78236053028162,171.2659947118088,398.29301095769483,277.6614721967805,-19.150821769367703,348.2930109576944,1.0534342447654643,1614013685995.0,1.0,1.0,1.0,1.0004106015709726,270.0,0.7296828071096363,
6020454,long,entry,1765.6,324343.0,1765.6,324343.0,562.1057060080726,0.0,0.04592532283642955,0.04592532283642955,89.82828585311805,171.28574260062842,398.33893628053124,277.6614721967805,-19.150821769367703,348.3389362805308,1.0531864410186806,1614029515154.0,1.0,1.0,1.0,1.0004105431572496,15829159.0,0.7342699406944889,1755.2
6020949,long,close,1766.85,-324343.0,1765.6,0.0,0.0,0.12996384196856192,0.04589283187593741,0.17585667384449932,89.87417868499398,171.36136097038158,398.51479295437576,277.79143603874905,-19.150821769367703,348.5147929543753,1.0531962764902043,1614029627482.0,0.6802220354943266,1.0,0.6802220354943266,1.00041054927379,112328.0,0.7343303121582762,
6026223,long,entry,1758.45,323209.0,1758.45,323209.0,559.8289060993064,0.0,0.04595083738519719,0.04595083738519719,89.92012952237917,171.3811198304572,398.56074379176096,277.79143603874905,-19.150821769367703,348.5607437917605,1.053156965725751,1614032313557.0,1.0,1.0,1.0,1.0004104908934783,2686075.0,0.7349735426633548,1748.8
6026552,long,reentry,1748.8,598906.0,1752.1824055025675,922115.0,1012.1220239028504,0.0,0.08561670860018299,0.08561670860018299,90.00574623097936,171.41793501515528,398.64636050036114,277.79143603874905,-19.150821769367703,348.6463605003607,1.0531622654475588,1614032335409.0,0.6798691030168369,1.0,0.6798691030168369,1.0004104522108683,21852.0,0.7350136683433265,1737.6
6027167,long,close,1753.4,-131730.0,1752.1824055025675,790385.0,943.2971326305025,0.05220679726253606,0.018782080529257443,0.0709888777917935,90.02452831150862,171.44846023260578,398.71734937815296,277.8436428360116,-19.150821769367703,348.7173493781525,1.0531646683851839,1614032479872.0,0.41975461566080924,1.0,0.41975461566080924,1.0004104062811487,144463.0,0.7350886753134864,1737.6
6027209,long,close,1753.4,-131730.0,1752.1824055025675,658655.0,861.3007699196606,0.05220679726253606,0.018782080529257443,0.0709888777917935,90.04331039203788,171.47898545005626,398.7883382559448,277.89584963327417,-19.150821769367703,348.7883382559443,1.053169116666415,1614032494436.0,0.4617112915826852,1.0,0.4617112915826852,1.0004103603633157,14564.0,0.7350937977407169,1739.2
6027462,long,close,1753.4,-131731.0,1752.1824055025675,526924.0,761.9509478510593,0.052207193579223696,0.018782223109387475,0.07098941668861117,90.06209261514726,171.50951089923237,398.8593276726334,277.9480568268534,-19.150821769367703,348.85932767263296,1.0531727492095486,1614032560724.0,0.5073072848899347,1.0,0.5073072848899347,1.0004103144576315,66288.0,0.7351246542666526,1740.8
6027466,long,close,1753.85,-526924.0,1752.1824055025675,0.0,0.0,0.28593457377952003,0.07510961598768424,0.36104418976720426,90.13720223113495,171.66475990083225,399.2203718624006,278.23399140063293,-19.150821769367703,349.22037186240016,1.0531964949588943,1614032562472.0,0.5655800063564759,1.0,0.5655800063564759,1.0004104121773625,1748.0,0.735125142116865,
6027511,long,entry,1752.75,322732.0,1752.75,322732.0,558.0145663310956,0.0,0.046032235059192704,0.046032235059192704,90.18323446619414,171.68455376190772,399.2664040974598,278.23399140063293,-19.150821769367703,349.2664040974594,1.0531991474524467,1614032586391.0,1.0,1.0,1.0,1.0004103538933227,23919.0,0.7351306304317548,1742.4
6028174,long,close,1753.95,-322732.0,1752.75,0.0,0.0,0.12597550003368935,0.04600074118418427,0.1719762412178736,90.22923520737832,171.7585035456314,399.4383803386777,278.3599669006666,-19.150821769367703,349.43838033867723,1.0532055619225005,1614032897256.0,0.6800925492569537,1.0,0.6800925492569537,1.0004103579163153,310865.0,0.7352114916044638,
6032866,long,entry,1750.25,322448.0,1750.25,322448.0,557.2190520250697,0.0,0.04605742036851879,0.04605742036851879,90.27529262774684,171.77830823638988,399.4844377590462,278.3599669006666,-19.150821769367703,349.48443775904576,1.0531717018915685,1614035238929.0,1.0,1.0,1.0,1.000410299666023,2341673.0,0.735783739903635,1740.8
6033011,long,close,1751.45,-322448.0,1750.25,0.0,0.0,0.12622433855887327,0.04602586428387907,0.17225020284275233,90.32131849203071,171.85237582361225,399.65668796188896,278.4861912392255,-19.150821769367703,349.6566879618885,1.053182524881616,1614035270372.0,0.6810149400205686,1.0,0.6810149400205686,1.0004103037870757,31443.0,0.7358014244738352,
6033247,long,entry,1749.0,322394.0,1749.0,322394.0,556.8213137341984,0.0,0.04608261863922241,0.04608261863922241,90.36740111066993,171.87219134962712,399.7027705805282,278.4861912392255,-19.150821769367703,349.7027705805277,1.0531845699616071,1614035332739.0,1.0,1.0,1.0,1.0004102455704675,62367.0,0.7358302076363682,1739.2
6033516,long,close,1750.2,-322394.0,1749.0,0.0,0.0,0.1263835958566375,0.046051022740258254,0.17243461859689574,90.41345213341019,171.94633823562376,399.87520519912505,278.6125748350821,-19.150821769367703,349.87520519912465,1.053194607803672,1614035414395.0,0.6809046912698004,1.0,0.6809046912698004,1.0004102497451213,81656.0,0.7358630155631536,
6033573,long,entry,1747.85,322358.0,1747.85,322358.0,556.4549826789078,0.0,0.046107789570043196,0.046107789570043196,90.45955992298023,171.9661645851389,399.9213129886951,278.6125748350821,-19.150821769367703,349.9213129886947,1.053197267056042,1614035437747.0,1.0,1.0,1.0,1.0004101915621282,23352.0,0.7358699674286806,1737.6
6033587,long,close,1749.05,-322358.0,1747.85,0.0,0.0,0.12653577081054834,0.046076155627340555,0.1726119264378889,90.50563607860758,172.0403877135072,400.093924915133,278.7391106058927,-19.150821769367703,350.09392491513256,1.053208577458022,1614035438933.0,0.6815799360940129,1.0,0.6815799360940129,1.000410195786725,1186.0,0.7358716749044241,
6034625,long,entry,1745.25,322054.0,1745.25,322054.0,555.6265937752817,0.0,0.04613293224466409,0.04613293224466409,90.55176901085224,172.0602248743724,400.1400578473777,278.7391106058927,-19.150821769367703,350.14005784737725,1.053204921674451,1614035863194.0,1.0,1.0,1.0,1.0004101376372783,424261.0,0.7359982720345476,1736.0
6034751,long,close,1746.45,-322054.0,1745.25,0.0,0.0,0.12679325189637625,0.046101233931689994,0.17289448582806624,90.59787024478393,172.13456950327847,400.31295233320577,278.8659038577891,-19.150821769367703,350.3129523332053,1.053215886960899,1614035886988.0,0.6811233643574957,1.0,0.6811233643574957,1.000410141963524,23794.0,0.7360136393162389,
6041610,long,entry,1745.6,322295.0,1745.6,322295.0,555.7381087152188,0.0,0.04615819775435381,0.04615819775435381,90.64402844253829,172.15441752831288,400.35911053096015,278.8659038577891,-19.150821769367703,350.3591105309597,1.0531565227962727,1614039851989.0,1.0,1.0,1.0,1.0004100838476138,3965001.0,0.7368501804679898,1736.0
6041988,long,reentry,1736.0,597212.0,1739.3648813984014,919507.0,1004.7215859359179,0.0,0.08600403225806451,0.08600403225806451,90.73003247479635,172.19139926218384,400.4451145632182,278.8659038577891,-19.150821769367703,350.44511456321777,1.0531608925023188,1614039932281.0,0.6798651408651063,1.0,0.6798651408651063,1.0004100453676767,80292.0,0.7368962823130637,1724.8
6042854,long,reentry,1724.8,1703846.0,1729.9051118168236,2623353.0,1397.0067919008802,0.0,0.246962836270872,0.246962836270872,90.97699531106721,172.2975932817803,400.6920773994891,278.8659038577891,-19.150821769367703,350.69207739948865,1.053173745981417,1614040142900.0,0.4174682789181517,1.0,0.4174682789181517,1.000410086079675,210619.0,0.7370019018840531,1700.8
6043650,long,close,1731.1,-138071.0,1729.9051118168236,2485282.0,1380.5947595175912,0.055091588907576976,0.019939778175726418,0.0750313670833034,90.99693508924294,172.32985676962616,400.76710876657245,278.9209954466967,-19.150821769367703,350.76710876657194,1.0531753068716747,1614040355859.0,0.18868297119409946,1.0,0.18868297119409946,1.00041004218437,212959.0,0.7370989840763251,1702.4
6043668,long,close,1732.2,-138071.0,1729.9051118168236,2347211.0,1362.6622953130009,0.10574106585782483,0.019927115806488857,0.1256681816643137,91.01686220504942,172.3838940877418,400.89277694823676,279.0267365125545,-19.150821769367703,350.89277694823625,1.0531834748451914,1614040359120.0,0.20268270652444847,1.0,0.20268270652444847,1.0004100231852098,3261.0,0.737101179402281,1702.4
6043693,long,close,1731.1,-130400.0,1729.9051118168236,2216811.0,1344.2148609667709,0.05203078990916295,0.01883195655941309,0.07086274646857604,91.03569416160883,172.4143650687233,400.96363969470536,279.0787673024637,-19.150821769367703,350.9636396947048,1.053188005722875,1614040365654.0,0.2127889686233386,1.0,0.2127889686233386,1.0004099772533264,6534.0,0.7371042284661087,1704.0
6043700,long,close,1731.1,-130400.0,1729.9051118168236,2086411.0,1324.0495812536087,0.05203078990916295,0.01883195655941309,0.07086274646857604,91.05452611816824,172.4448360497048,401.03450244117397,279.13079809237286,-19.150821769367703,351.03450244117334,1.0531925581930126,1614040370763.0,0.22340120112844716,1.0,0.22340120112844716,1.0004099313333776,5109.0,0.7371050822039804,1705.6
6043709,long,close,1731.1,-130400.0,1729.9051118168236,1956011.0,1301.9147868371952,0.05203078990916295,0.01883195655941309,0.07086274646857604,91.07335807472765,172.4753070306863,401.1053651876426,279.182828882282,-19.150821769367703,351.1053651876419,1.0531970555932157,1614040379322.0,0.23500717514813452,1.0,0.23500717514813452,1.0004098854253587,8559.0,0.7371061798669584,1705.6
6043730,long,close,1732.5,-139715.0,1729.9051118168236,1816296.0,1275.6089496842765,0.12096679051460421,0.020160894660894664,0.14112768517549887,91.09351896938854,172.53599193531176,401.24649287281807,279.30379567279664,-19.150821769367703,351.2464928728174,1.0532061223123055,1614040389228.0,0.2481000364786629,1.0,0.2481000364786629,1.0004098740046201,9906.0,0.7371087410805736,1707.2
6043751,long,close,1734.15,-151358.0,1729.9051118168236,1664938.0,1243.5505581281764,0.2141720003437752,0.021820200098030734,0.23599220044180594,91.11533916948657,172.63746858150174,401.48248507325985,279.5179676731404,-19.150821769367703,351.48248507325917,1.0532214393185957,1614040395438.0,0.264057607059207,1.0,0.264057607059207,1.0004099090740304,6210.0,0.7371113022941888,1708.8
6043796,long,close,1736.05,-166493.0,1729.9051118168236,1498445.0,1203.1301419522586,0.3406633809011042,0.02397583594942542,0.36463921685052963,91.139315005436,172.79426344474746,401.8471242901104,279.8586310540415,-19.150821769367703,351.8471242901097,1.0532450817078138,1614040405474.0,0.28311154519460624,1.0,0.28311154519460624,1.0004100070675042,10036.0,0.7371167906090785,1710.4
6043872,long,close,1736.5,-166493.0,1729.9051118168236,1331952.0,1156.130626326658,0.36551596063560327,0.023969622804491796,0.38948558344009504,91.16328462824049,172.9617422456267,402.2366098735505,280.2241470146771,-19.150821769367703,352.2366098735498,1.0532700431052566,1614040433247.0,0.3066131792915549,1.0,0.3066131792915549,1.000410117013407,27773.0,0.7371260597631146,1712.0
6043909,long,close,1735.5,-166494.0,1729.9051118168236,1165458.0,1100.8973595093296,0.3102723668579262,0.023983578219533275,0.3342559450774595,91.18726820646002,173.10547230201,402.57086581862796,280.53441938153503,-19.150821769367703,352.5708658186273,1.053291443043938,1614040457237.0,0.33371909501690983,1.0,0.33371909501690983,1.0004101997479409,23990.0,0.7371305723775795,1713.6
6043997,long,close,1731.1,-129495.0,1729.9051118168236,1035963.0,1050.9029960457733,0.05166968665097436,0.01870125931488649,0.07037094596586085,91.2059694657749,173.13573180877535,402.6412367645938,280.586089068186,-19.150821769367703,352.64123676459315,1.0532953531278526,1614040499921.0,0.36399239752197954,1.0,0.36399239752197954,1.0004101534684895,42684.0,0.7371413050822527,1713.6
6044022,long,close,1733.9,-147994.0,1729.9051118168236,887969.0,983.7322077054213,0.19710716332839734,0.021338312474767866,0.2184454758031652,91.22730777824967,173.2296633633707,402.859682240397,280.7831962315144,-19.150821769367703,352.8596822403963,1.0533093292743474,1614040515408.0,0.3931554808455185,1.0,0.3931554808455185,1.0004101794844253,15487.0,0.7371443541460804,1715.2
6044025,long,close,1734.4,-147994.0,1729.9051118168236,739975.0,902.90703841972,0.22171315096074368,0.02133216097785978,0.24304531193860346,91.24863993922753,173.3341728475043,403.1027275523356,281.00490938247515,-19.150821769367703,353.1027275523349,1.053325130169555,1614040516157.0,0.43272945955919545,1.0,0.43272945955919545,1.0004102174294134,749.0,0.7371447200337398,1716.8
6044032,long,close,1735.05,-147995.0,1729.9051118168236,591980.0,803.8043580471618,0.25368144733800435,0.021324313420362527,0.27500576075836686,91.2699642526479,173.45242532463038,403.3777333130939,281.25859082981316,-19.150821769367703,353.37773331309324,1.0533429890317607,1614040517552.0,0.47953248880578736,1.0,0.47953248880578736,1.0004102708612663,1395.0,0.7371455737716115,1718.4
6044039,long,close,1736.05,-147995.0,1729.9051118168236,443985.0,679.4503581105956,0.30281439493827916,0.02131203018346246,0.3241264251217416,91.29127628283136,173.59179968743274,403.70185973821566,281.5614052247514,-19.150821769367703,353.701859738215,1.0533640155268489,1614040519639.0,0.5369523831746289,1.0,0.5369523831746289,1.0004103480921955,2087.0,0.7371464275094832,1718.4
6044040,long,close,1736.1,-443985.0,1729.9051118168236,0.0,0.0,0.915808669585309,0.06393424917919475,0.9797429187645038,91.35521053201056,174.01308914250146,404.68160265698015,282.4772138943367,-19.150821769367703,354.68160265697946,1.0534275701982612,1614040519759.0,1.0,1.0,1.0,1.0004107437166743,120.0,0.7371465494720363,
6044379,long,entry,1732.55,323377.0,1732.55,323377.0,551.5840548086524,0.0,0.04666200109664945,0.04666200109664945,91.40187253310721,174.03315380297303,404.7282646580768,282.4772138943367,-19.150821769367703,354.7282646580761,1.0534278272084028,1614040694880.0,1.0,1.0,1.0,1.0004106856994204,175121.0,0.7371878947775391,1723.2
6044468,long,close,1733.75,-323377.0,1732.55,0.0,0.0,0.1291867946727577,0.04662970439798126,0.17581649907073896,91.4485022375052,174.10875489757342,404.9040811571475,282.6064006890095,-19.150821769367703,354.90408115714683,1.0534390130564117,1614040707648.0,0.68108233077468,1.0,0.68108233077468,1.0004106903559373,12768.0,0.7371987494447655,
6044489,long,entry,1732.15,323480.0,1732.15,323480.0,551.4566144601249,0.0,0.04668764252518546,0.04668764252518546,91.49518988003038,174.12883058385924,404.9507687996727,282.6064006890095,-19.150821769367703,354.950768799672,1.0534418023894132,1614040722445.0,1.0,1.0,1.0,1.0004106323719284,14797.0,0.7372013106583807,1721.6
6044555,long,close,1733.35,-323480.0,1732.15,0.0,0.0,0.12928761307345554,0.0466553206219171,0.17594293369537264,91.5418452006523,174.2044860453483,405.1267117333681,282.73568830208296,-19.150821769367703,355.12671173336736,1.0534528198982904,1614040745988.0,0.6813218443409952,1.0,0.6813218443409952,1.0004106370515116,23543.0,0.7372093601868857,
6044911,long,entry,1731.0,323443.0,1731.0,323443.0,551.0905183527128,0.0,0.04671331600231081,0.04671331600231081,91.58855851665462,174.22457277122928,405.1734250493704,282.73568830208296,-19.150821769367703,355.17342504936965,1.053452187299053,1614040977326.0,1.0,1.0,1.0,1.0004105791007172,231338.0,0.7372527788557912,1721.6
6045050,long,close,1732.2,-323443.0,1731.0,0.0,0.0,0.1294445888529538,0.04668095485509756,0.17612554370805134,91.6352394715097,174.30030675502374,405.34955059307845,282.8651328909359,-19.150821769367703,355.3495505930777,1.0534628367458263,1614041024460.0,0.6809341602867574,1.0,0.6809341602867574,1.0004105838304849,47134.0,0.7372697316506729,
6045329,long,entry,1729.7,323378.0,1729.7,323378.0,550.6768006002045,0.0,0.04673902988957623,0.04673902988957623,91.68197850139929,174.32040453787624,405.396289622968,282.8651328909359,-19.150821769367703,355.3962896229673,1.053462705060528,1614041224062.0,1.0,1.0,1.0,1.0004105259128708,199602.0,0.7373037592029894,1720.0
6045554,long,reentry,1720.0,599219.0,1723.3999314977177,922597.0,995.5312695627791,0.0,0.08709578488372093,0.08709578488372093,91.769074286283,174.35785572537625,405.48338540785176,282.8651328909359,-19.150821769367703,355.483385407851,1.0534672348756304,1614041293786.0,0.6798297621441294,1.0,0.6798297621441294,1.0004104875395472,69724.0,0.7373312007774381,1708.8
6045668,long,close,1724.6,-131799.0,1723.3999314977177,790798.0,927.8372099201822,0.05321618032613969,0.019105734663110288,0.07232191498924997,91.78818002094611,174.38895414882165,405.55570732284104,282.91834907126207,-19.150821769367703,355.55570732284025,1.053471622699118,1614041311986.0,0.4207818067998376,1.0,0.4207818067998376,1.0004104420279378,18200.0,0.7373451045084921,1710.4
6045682,long,close,1724.6,-131799.0,1723.3999314977177,658999.0,847.1875566193926,0.05321618032613969,0.019105734663110288,0.07232191498924997,91.80728575560923,174.42005257226705,405.62802923783033,282.97156525158823,-19.150821769367703,355.6280292378295,1.0534762035354326,1614041317921.0,0.46165523068164654,1.0,0.46165523068164654,1.0004103965279356,5935.0,0.7373468119842356,1710.4
6046097,long,close,1724.6,-131799.0,1723.3999314977177,527200.0,749.4694955325479,0.05321618032613969,0.019105734663110288,0.07232191498924997,91.82639149027234,174.45115099571242,405.7003511528196,283.0247814319144,-19.150821769367703,355.7003511528187,1.053478970902947,1614041438522.0,0.5063872536156893,1.0,0.5063872536156893,1.000410351039536,120601.0,0.7373974264437744,1712.0
6046098,long,close,1724.65,-527200.0,1723.3999314977177,0.0,0.0,0.22172883235976015,0.0764213028730467,0.29815013523280687,91.90281279314539,174.57935555386254,405.9985012880524,283.24651026427415,-19.150821769367703,355.9985012880515,1.0534982225889642,1614041438971.0,1.0,1.0,1.0,1.000410414616862,449.0,0.7373975484063275,
6046129,long,entry,1725.6,323128.0,1725.6,323128.0,549.3715374788554,0.0,0.04681386184515531,0.04681386184515531,91.94962665499054,174.59948551445595,406.0453151498976,283.24651026427415,-19.150821769367703,356.0453151498967,1.0535011979263127,1614041441963.0,1.0,1.0,1.0,1.000410356800478,2992.0,0.7374013292454737,1715.2
6046251,long,close,1726.8,-323128.0,1725.6,0.0,0.0,0.13012887239792528,0.04678132962705583,0.17691020202498112,91.99640798461759,174.67555690132667,406.22222535192253,283.37663913667205,-19.150821769367703,356.2222253519217,1.053512112885811,1614041473865.0,0.6810152199280852,1.0,0.6810152199280852,1.000410361762026,31902.0,0.7374162086769527,
6046481,long,entry,1724.85,323165.0,1724.85,323165.0,549.1321309227083,0.0,0.04683958025335536,0.04683958025335536,92.04324756487095,174.6956979208356,406.26906493217587,283.37663913667205,-19.150821769367703,356.269064932175,1.0535137831484043,1614041559363.0,1.0,1.0,1.0,1.000410303978599,85498.0,0.737444260064167,1715.2
6047131,long,reentry,1715.2,598824.0,1718.5824072196087,921989.0,992.7438309540433,0.0,0.08728194962686567,0.08728194962686567,92.13052951449782,174.73322915917518,406.3563468818027,283.37663913667205,-19.150821769367703,356.35634688180187,1.0535164255160878,1614041748326.0,0.6798343404817606,1.0,0.6798343404817606,1.0004102657081841,188963.0,0.7375235357236856,1704.0
6047499,long,close,1719.8,-131712.0,1718.5824072196087,790277.0,925.2380130336084,0.05425991416755989,0.019146412373531808,0.0734063265410917,92.14967592687135,174.76479387958784,406.4297532083438,283.4308990508396,-19.150821769367703,356.42975320834296,1.0535200103190876,1614041821038.0,0.4195838219398718,1.0,0.4195838219398718,1.0004102207587122,72712.0,0.7375684179432284,1705.6
6047896,long,reentry,1705.6,1464383.0,1710.1504412329532,2254660.0,1333.479212122748,0.0,0.21464338062851784,0.21464338062851784,92.36431930749987,174.8570905332581,406.6443965889723,283.4308990508396,-19.150821769367703,356.64439658897146,1.0535321246659244,1614041930122.0,0.4575134044539249,1.0,0.4575134044539249,1.0004102438294669,109084.0,0.7376168370768112,1684.85
6048006,long,close,1711.35,-125258.0,1710.1504412329532,2129402.0,1314.834742500232,0.05133976142796375,0.01829812720951296,0.06963788863747672,92.38261743470939,174.8870348253722,406.7140344776098,283.4822388122676,-19.150821769367703,356.71403447760895,1.053536299714152,1614041949938.0,0.2181529640744932,1.0,0.2181529640744932,1.00041019706322,19816.0,0.7376302529576529,1684.85
6048055,long,close,1712.55,-133087.0,1710.1504412329532,1996315.0,1293.0925849673365,0.10904090546366618,0.019428191877609417,0.1284690973412756,92.402045626587,174.94227653722896,406.8425035749511,283.59127971773125,-19.150821769367703,356.84250357495023,1.0535443466418783,1614041964578.0,0.23180956853223172,1.0,0.23180956853223172,1.0004101786104256,14640.0,0.7376362291227551,1686.4
6048060,long,close,1712.65,-133087.0,1710.1504412329532,1863228.0,1269.1046508029106,0.11357847983732326,0.019427057484016,0.13300553732133927,92.421472684071,174.99946891827713,406.9755091122724,283.70485819756857,-19.150821769367703,356.9755091122716,1.0535528783555266,1614041966884.0,0.24495352973996462,1.0,0.24495352973996462,1.0004101623263195,2306.0,0.7376368389355206,1687.95
6048063,long,close,1712.85,-143325.0,1710.1504412329532,1719903.0,1240.3340967115662,0.13208730758341394,0.020919082231368773,0.1530063898147827,92.44239176630238,175.06526166589748,407.12851550208717,283.83694550515196,-19.150821769367703,357.1285155020864,1.0535627248308141,1614041967314.0,1.0,1.0,1.0,1.000410155638167,430.0,0.73763720482318,1689.5
6048122,long,close,1712.95,-143325.0,1710.1504412329532,1576578.0,1207.9659195887266,0.13697223294174898,0.020917861000029188,0.15789009394177816,92.46330962730241,175.13315440629245,407.28640559602894,283.9739177380937,-19.150821769367703,357.28640559602815,1.0535726125811882,1614041984761.0,0.27575960719866505,1.0,0.27575960719866505,1.0004101512702304,17447.0,0.7376444006138131,1689.5
6048125,long,close,1713.1,-143325.0,1710.1504412329532,1433253.0,1171.279384811843,0.14429855166219854,0.020916029420349078,0.1652145810825476,92.48422565672276,175.20419667615792,407.45162017711147,284.1182162897559,-19.150821769367703,357.45162017711067,1.0535832218060626,1614041986157.0,0.2949478085631666,1.0,0.2949478085631666,1.000410150389835,1396.0,0.7376447665014725,1691.05
6048168,long,close,1715.25,-159250.0,1710.1504412329532,1274003.0,1124.212599917628,0.27685367779468434,0.023210902200845356,0.3000645799955297,92.5074365589236,175.333224445556,407.751684757107,284.39506996755057,-19.150821769367703,357.7516847571062,1.0536022904803373,1614042000632.0,0.3164204471610826,1.0,0.3164204471610826,1.0004102141456785,14475.0,0.737650010891256,1692.6
6048210,long,close,1717.85,-182000.0,1710.1504412329532,1092003.0,1060.136619800837,0.47699922131126843,0.026486596617865357,0.5034858179291338,92.53392315554147,175.54972334726554,408.2551705750361,284.8720691888618,-19.150821769367703,358.2551705750353,1.0536345580634214,1614042005790.0,0.3445015597693198,1.0,0.3445015597693198,1.000410375191334,5158.0,0.7376551333184864,1694.15
6048248,long,close,1719.7,-218400.0,1710.1504412329532,873603.0,963.8400743695527,0.7091676751953615,0.03174972378903297,0.7409173989843945,92.5656728793305,175.86831782882882,408.9960879740205,285.5812368640572,-19.150821769367703,358.9960879740197,1.053681969125473,1614042013523.0,0.38312145715816415,1.0,0.38312145715816415,1.0004106493618854,7733.0,0.7376597678955045,1695.7
6048271,long,close,1721.1,-218400.0,1710.1504412329532,655203.0,836.9997227489868,0.8124728016950119,0.031723897507408054,0.8441966992024199,92.59739677683791,176.23132240948584,409.8402846732229,286.3937096657522,-19.150821769367703,359.84028467322213,1.053736016968317,1614042014119.0,0.43959528206898507,1.0,0.43959528206898507,1.000410972029155,596.0,0.7376625730342259,1697.25
6048278,long,close,1721.1,-218401.0,1710.1504412329532,436802.0,662.6033104534152,0.8124765218085728,0.031724042763349024,0.8442005645719218,92.62912081960125,176.59432865225176,410.68448523779483,287.2061861875608,-19.150821769367703,360.68448523779404,1.053789941195036,1614042015682.0,0.5136691422393383,1.0,0.5136691422393383,1.000411293743487,1563.0,0.7376634267720976,1700.35
6048732,long,close,1715.3,-436802.0,1710.1504412329532,0.0,0.0,0.7667966953286093,0.06366262461377019,0.8304593199423794,92.69278344421502,176.95142615982698,411.5149445577372,287.97298288288937,-19.150821769367703,361.51494455773644,1.0538406100049629,1614042159997.0,0.6136986967186034,1.0,0.6136986967186034,1.000411607985123,144315.0,0.7377187977712075,
6048763,long,entry,1715.75,325649.0,1715.75,325649.0,546.2357235570465,0.0,0.04744994900189422,0.04744994900189422,92.74023339321691,176.9718296378978,411.56239450673905,287.97298288288937,-19.150821769367703,361.5623945067383,1.0538432863943474,1614042181777.0,1.0,1.0,1.0,1.000411550138874,21780.0,0.7377225786103538,1706.55
6049025,long,close,1716.95,-325649.0,1715.75,0.0,0.0,0.13265369126016424,0.04741678557907918,0.18007047683924343,92.78765017879599,177.04925994293865,411.74246498357826,288.1056365741495,-19.150821769367703,361.7424649835776,1.053853518585293,1614042259479.0,0.6804611286922423,1.0,0.6804611286922423,1.0004115552088406,77702.0,0.7377545327992674,
6049058,long,entry,1714.65,325620.0,1714.65,325620.0,545.8853465615817,0.0,0.047476161315720404,0.047476161315720404,92.8351263401117,177.0696746923044,411.789941144894,288.1056365741495,-19.150821769367703,361.7899411448933,1.0538563158567524,1614042273657.0,1.0,1.0,1.0,1.000411497395456,14178.0,0.7377585575635199,1705.0
6049143,long,close,1715.85,-325620.0,1714.65,0.0,0.0,0.132812060678641,0.04744295830055075,0.18025501897919174,92.88256929841225,177.14718435046547,411.9701961638732,288.23844863482816,-19.150821769367703,361.9701961638725,1.0538674800373804,1614042293133.0,0.6811603606322167,1.0,0.6811603606322167,1.0004115025139935,19476.0,0.7377689243805339,
6049481,long,entry,1713.5,325581.0,1713.5,325581.0,545.5185485087911,0.0,0.04750233440326817,0.04750233440326817,92.93007163281551,177.16761035425887,412.01769849827645,288.23844863482816,-19.150821769367703,362.01769849827576,1.053868301957057,1614042431376.0,1.0,1.0,1.0,1.0004114447334018,138243.0,0.7378101477234835,1703.45
6049591,long,close,1714.7,-325581.0,1713.5,0.0,0.0,0.13297440084895343,0.047469090803055926,0.18044349165200935,92.97754072361857,177.24520105566924,412.1981419899285,288.37142303567714,-19.150821769367703,362.19814198992776,1.0538792801357661,1614042462859.0,0.6809833049656192,1.0,0.6809833049656192,1.0004114499022283,31483.0,0.7378235636043252,
6049672,long,entry,1712.85,325638.0,1712.85,325638.0,545.3121059114999,0.0,0.0475286802697259,0.0475286802697259,93.0250694038883,177.26563838818524,412.24567067019825,288.37142303567714,-19.150821769367703,362.2456706701975,1.0538819994122892,1614042481922.0,1.0,1.0,1.0,1.000411392154458,19063.0,0.7378334425711267,1703.45
6049745,long,close,1714.05,-325638.0,1712.85,0.0,0.0,0.13309860581354058,0.047495405618272514,0.18059401143181308,93.07256480950657,177.34329381310093,412.4262646816301,288.50452164149067,-19.150821769367703,362.42626468162933,1.0538928442005564,1614042521973.0,0.6812158857058928,1.0,0.6812158857058928,1.0004113973554816,40051.0,0.7378423458375034,
6052753,long,entry,1708.0,324896.0,1708.0,324896.0,543.7684367517621,0.0,0.04755503512880562,0.04755503512880562,93.12011984463538,177.36374247820632,412.4738197167589,288.50452164149067,-19.150821769367703,362.47381971675816,1.0538792232800784,1614043567178.0,1.0,1.0,1.0,1.0004113396404888,1045205.0,0.7382092091972449,1698.8
6052838,long,close,1709.2,-324896.0,1708.0,0.0,0.0,0.1335502975768037,0.04752164755441142,0.1810719451312151,93.16764149218979,177.44160341461273,412.6548916618901,288.63807193906746,-19.150821769367703,362.6548916618894,1.0538904437888104,1614043584927.0,0.6810929348708215,1.0,0.6810929348708215,1.0004113450282772,17749.0,0.7382195760142589,
6052949,long,entry,1707.35,324952.0,1707.35,324952.0,543.561045373655,0.0,0.04758133950273817,0.04758133950273817,93.21522283169253,177.46206339059893,412.70247300139283,288.63807193906746,-19.150821769367703,362.70247300139215,1.053893075437363,1614043609436.0,1.0,1.0,1.0,1.0004112873459423,24509.0,0.7382331138576536,1697.25
6053324,long,close,1708.55,-324952.0,1707.35,0.0,0.0,0.13367500489485312,0.04754792075151445,0.18122292564636758,93.26277075244404,177.53998924862685,412.8836959270392,288.7717469439623,-19.150821769367703,362.8836959270385,1.0539027953129094,1614043721609.0,0.6804555742784426,1.0,0.6804555742784426,1.0004112927657,112173.0,0.7382788498150682,
6053516,long,entry,1705.35,324751.0,1705.35,324751.0,542.9239526628194,0.0,0.047607675843668464,0.047607675843668464,93.3103784282877,177.56046054923962,412.93130360288285,288.7717469439623,-19.150821769367703,362.93130360288217,1.0539048215012856,1614043784125.0,1.0,1.0,1.0,1.0004112351159906,62516.0,0.7383022666252644,1695.7
6053523,long,close,1706.55,-324751.0,1705.35,0.0,0.0,0.13390574202316965,0.04757419940816267,0.18147994143133234,93.35795262769587,177.6384969240551,413.1127835443142,288.90565268598544,-19.150821769367703,363.1127835443135,1.053916232761395,1614043790689.0,0.6817748357875744,1.0,0.6817748357875744,1.0004112406176129,6564.0,0.7383031203631362,
6054153,long,entry,1704.1,324693.0,1704.1,324693.0,542.5259767556665,0.0,0.04763408837509536,0.04763408837509536,93.40558671607096,177.6589795820564,413.1604176326893,288.90565268598544,-19.150821769367703,363.1604176326886,1.0539153506134444,1614044035774.0,1.0,1.0,1.0,1.0004111830005016,245085.0,0.7383799567715926,1694.15
6054233,long,close,1705.3,-324693.0,1704.1,0.0,0.0,0.13407824089627193,0.04760056881487129,0.18167880971114322,93.45318728488583,177.73710147023218,413.3420964424004,289.0397309268817,-19.150821769367703,363.34209644239974,1.053926397795505,1614044065536.0,0.6812608091441945,1.0,0.6812608091441945,1.0004111885563711,29762.0,0.7383897137758412,
6054706,long,entry,1702.65,324597.0,1702.65,324597.0,542.0645762349304,0.0,0.0476605585410977,0.0476605585410977,93.50084784342693,177.75759551040485,413.38975700094153,289.0397309268817,-19.150821769367703,363.38975700094085,1.0539267323788626,1614044234200.0,1.0,1.0,1.0,1.0004111309718307,168664.0,0.73844740206346,1692.6
6055206,long,reentry,1692.6,601478.0,1696.1226086979996,926075.0,979.8562242641945,0.0,0.08883935956516602,0.08883935956516602,93.5896872029921,177.79579643501788,413.4785963605067,289.0397309268817,-19.150821769367703,363.478596360506,1.0539307971397411,1614044332514.0,0.6797349701722665,1.0,0.6797349701722665,1.0004110927917496,98314.0,0.7385083833400128,1681.75
6056111,long,reentry,1681.75,1716016.0,1686.787719594064,2642091.0,1362.2822596209865,0.0,0.2550938011000446,0.2550938011000446,93.84478100409214,177.9054867694909,413.7336901616067,289.0397309268817,-19.150821769367703,363.73369016160603,1.0539435166048985,1614044548551.0,0.4173418420264052,1.0,0.4173418420264052,1.0004111328290257,216037.0,0.7386187594505733,1658.5
6057348,long,close,1687.95,-139057.0,1686.787719594064,2503034.0,1346.2823674383956,0.05676540799810299,0.020595544891732577,0.07736095288983558,93.86537654898387,177.9387519792335,413.81105111449654,289.0964963348798,-19.150821769367703,363.81105111449585,1.0539447214594704,1614044780394.0,0.18567621518262514,1.0,0.18567621518262514,1.0004110892320877,231843.0,0.7387696271287649,1660.05
6057380,long,close,1689.05,-139057.0,1686.787719594064,2363977.0,1328.7991032916561,0.11041710423184808,0.02058213196767414,0.13099923619952222,93.88595868095155,177.9950816507993,413.94205035069604,289.20691343911164,-19.150821769367703,363.94205035069535,1.0539529641718262,1614044783570.0,0.20272274817103184,1.0,0.20272274817103184,1.0004110708525544,3176.0,0.7387735299304643,1660.05
6057606,long,close,1687.95,-131332.0,1686.787719594064,2232645.0,1310.8145448922212,0.0536119329714208,0.019451405551112296,0.07306333852253309,93.90541008650266,178.02649888636398,414.0151136892186,289.26052537208307,-19.150821769367703,364.0151136892179,1.0539569120708774,1614044826018.0,0.20977722738446303,1.0,0.20977722738446303,1.0004110252475484,42448.0,0.7388010934674661,1661.6
6057644,long,close,1690.35,-148843.0,1686.787719594064,2083802.0,1288.2950003880396,0.18595996186524705,0.022013636229183307,0.20797359809443036,93.92742372273185,178.1159275335446,414.22308728731304,289.4464853339483,-19.150821769367703,364.22308728731235,1.0539699950667236,1614044830769.0,0.22402572449772312,1.0,0.22402572449772312,1.000411042993697,4751.0,0.7388057280444842,1663.15
6057662,long,close,1690.5,-148843.0,1686.787719594064,1934959.0,1263.2472651178862,0.19377314242575214,0.022011682934043184,0.21578482535979532,93.9494354056659,178.2087150084493,414.4388721126728,289.6402584763741,-19.150821769367703,364.43887211267213,1.0539835732535967,1614044835030.0,0.2374470979383589,1.0,0.2374470979383589,1.0004110643480781,4261.0,0.73880792337044,1664.7
6057670,long,close,1690.7,-148843.0,1686.787719594064,1786116.0,1235.2197222522134,0.20418855991390128,0.022009079079671142,0.22619763899357243,93.97144448474556,178.30597999321654,414.6650697516664,289.844447036288,-19.150821769367703,364.6650697516657,1.053997833729243,1614044837331.0,0.2527374947542821,1.0,0.2527374947542821,1.0004110905223755,2301.0,0.7388088990708649,1664.7
6057673,long,close,1690.9,-148843.0,1686.787719594064,1637273.0,1203.6495216816684,0.21460151352662607,0.022006475841267963,0.23660798936789404,93.99345096058683,178.40772142864478,414.90167774103435,290.05904854981463,-19.150821769367703,364.9016777410336,1.0540127765641003,1614044837594.0,0.26940337005251475,1.0,0.26940337005251475,1.0004111215047002,263.0,0.7388092649585242,1666.25
6057677,long,close,1691.15,-148843.0,1686.787719594064,1488430.0,1167.8201519411834,0.22761424204937836,0.022003222659137272,0.24961746470851562,94.01545418324596,178.5150569384694,415.1512952057428,290.286662791864,-19.150821769367703,365.15129520574214,1.0540285281718647,1614044838111.0,0.28820253005223634,1.0,0.28820253005223634,1.0004111585003823,517.0,0.7388097528087366,1667.8
6057682,long,close,1691.8,-165381.0,1686.787719594064,1323049.0,1121.8650728822047,0.29047684679265845,0.024438615675611775,0.31491546246827024,94.03989279892157,178.65047058733077,415.4662106682111,290.57713963865666,-19.150821769367703,365.4662106682104,1.054048395830683,1614044838216.0,1.0,1.0,1.0,1.00041122594448,105.0,0.7388103626215021,1669.35
6057699,long,close,1692.25,-165381.0,1686.787719594064,1157668.0,1067.8129108419419,0.316471533284676,0.02443211700398877,0.34090365028866476,94.06432491592555,178.7970591569549,415.80711431849977,290.89361117194136,-19.150821769367703,365.8071143184991,1.054069796296993,1614044843978.0,0.3369787696095241,1.0,0.3369787696095241,1.0004113053898607,5762.0,0.738812435984905,1670.9
6057819,long,close,1692.75,-165381.0,1686.787719594064,992287.0,1003.3272127226122,0.34533830865491977,0.02442490031014621,0.369763208965066,94.0887498162357,178.95605733680986,416.1768775274648,291.23894948059626,-19.150821769367703,366.17687752746417,1.0540927363439838,1614044866037.0,0.36853169080902315,1.0,0.36853169080902315,1.0004113981396052,22059.0,0.7388270714912776,1672.45
6057826,long,close,1693.45,-165381.0,1686.787719594064,826906.0,925.0703776782475,0.38572315666838775,0.024414804098142846,0.4101379607665306,94.11316462033385,179.13241665993945,416.5870154882313,291.62467263726467,-19.150821769367703,366.5870154882307,1.0541185335562366,1614044866966.0,0.40734976654797117,1.0,0.40734976654797117,1.0004115095168178,929.0,0.7388279252291493,1672.45
6057865,long,close,1695.65,-206726.0,1686.787719594064,620180.0,800.0744933569256,0.6405365905998753,0.03047887240881078,0.6710154630086861,94.14364349274265,179.4209533090332,417.25803095124,292.26520922786455,-19.150821769367703,367.2580309512394,1.0541605860478978,1614044874749.0,0.45384910988413774,1.0,0.45384910988413774,1.0004117420580352,7783.0,0.7388326817687204,1675.55
6057984,long,close,1692.75,-155045.0,1686.787719594064,465135.0,678.0914118535045,0.3237553169070331,0.02289839019347216,0.34665370710050525,94.16654188293613,179.57001440308642,417.6046846583405,292.58896454477156,-19.150821769367703,367.6046846583399,1.0541819883714796,1614044897293.0,0.5265831400254878,1.0,0.5265831400254878,1.0004118233305856,22544.0,0.7388471953125401,1675.55
6057985,long,close,1692.9,-465135.0,1686.787719594064,0.0,0.0,0.9956129897359741,0.06868908382066276,1.0643020735566369,94.23523096675679,180.02766429471575,418.6689867318971,293.5845775345075,-19.150821769367703,368.66898673189655,1.054248695138333,1614044897319.0,1.0,1.0,1.0,1.0004122373115594,26.0,0.7388473172750931,
6058918,long,entry,1684.85,325343.0,1684.85,325343.0,536.3976343416948,0.0,0.04827477223491706,0.04827477223491706,94.2835057389917,180.04842244677675,418.717261504132,293.5845775345075,-19.150821769367703,368.71726150413144,1.0542495065913762,1614045035249.0,1.0,1.0,1.0,1.000412179724584,137930.0,0.7389611083371406,1675.55
6058932,long,close,1686.0,-325343.0,1684.85,0.0,0.0,0.13171052922929116,0.048241844602609725,0.17995237383190088,94.33174758359432,180.12580196752447,418.8972138779639,293.7162880637368,-19.150821769367703,368.89721387796334,1.0542607121069114,1614045038697.0,0.6816253357421089,1.0,0.6816253357421089,1.0004121831349626,3448.0,0.738962815812884,
6059171,long,entry,1684.15,325385.0,1684.15,325385.0,536.1746539814601,0.0,0.04830107175726627,0.04830107175726627,94.38004865535159,180.14657142838013,418.9455149497212,293.7162880637368,-19.150821769367703,368.94551494972063,1.0542624750555096,1614045117230.0,1.0,1.0,1.0,1.000412125580809,78533.0,0.7389919648630763,1674.0
6059515,long,reentry,1674.0,602938.0,1677.5576601570788,928323.0,969.1652233179807,0.0,0.09004450418160095,0.09004450418160095,94.47009315953319,180.1852905651782,419.0355594539028,293.7162880637368,-19.150821769367703,369.03555945390224,1.0542668390016057,1614045196346.0,0.6796949407201768,1.0,0.6796949407201768,1.0004120873610969,79116.0,0.7390339199813446,1663.15
6059769,long,close,1678.7,-132617.0,1677.5576601570788,795706.0,903.2746031191326,0.053795255797698435,0.019749955322571035,0.07354521112026947,94.48984311485576,180.21691500595992,419.1091046650231,293.7700833195345,-19.150821769367703,369.1091046650225,1.0542706452393227,1614045245809.0,0.42002619711081013,1.0,0.42002619711081013,1.0004120415163644,49463.0,0.7390648984698334,1664.7
6059882,long,close,1682.55,-159141.0,1677.5576601570788,636565.0,807.0103372822704,0.2814756227787391,0.02364580547383436,0.3051214282525735,94.51348892032959,180.34811722010852,419.41422609327566,294.0515589423132,-19.150821769367703,369.4142260932751,1.0542893097617316,1614045271221.0,0.46196825021941645,1.0,0.46196825021941645,1.0004121027198636,25412.0,0.7390786802383343,1666.25
6060007,long,close,1683.5,-159141.0,1677.5576601570788,477424.0,685.2363805686599,0.33484898826764575,0.023632462132462135,0.35848145040010787,94.53712138246206,180.5022642437806,419.7727075436758,294.38640793058084,-19.150821769367703,369.7727075436752,1.0543111887118173,1614045303072.0,0.5191787790262927,1.0,0.5191787790262927,1.0004121884294808,31851.0,0.7390939255574726,1666.25
6060008,long,close,1683.6,-477424.0,1677.5576601570788,0.0,0.0,1.021393339491748,0.07089332382988835,1.0922866633216364,94.60801470629195,180.97194750900888,420.8649942069974,295.4078012700726,-19.150821769367703,370.86499420699687,1.0543792936033647,1614045303154.0,1.0,1.0,1.0,1.000412612037031,82.0,0.7390940475200256,
6060085,long,entry,1680.45,326196.0,1680.45,326196.0,534.997505691914,0.0,0.04852807283763278,0.04852807283763278,94.65654277912958,180.99281458032905,420.91352227983504,295.4078012700726,-19.150821769367703,370.9135222798345,1.054382200168181,1614045310329.0,1.0,1.0,1.0,1.0004125544667197,7175.0,0.7391034386366148,1670.9
6060314,long,reentry,1670.9,604441.0,1674.2473543390174,930637.0,967.1590594912451,0.0,0.09043644143874557,0.09043644143874557,94.74697922056832,181.0317022501477,421.00395872127376,295.4078012700726,-19.150821769367703,371.00395872127325,1.0543870508158302,1614045358874.0,0.6798051855690733,1.0,0.6798051855690733,1.0004125161940784,48545.0,0.7391313680612759,1660.05
6060802,long,close,1675.4,-132948.0,1674.2473543390174,797689.0,901.3963667626651,0.05463104346775196,0.019838247582666824,0.07446929105041879,94.76681746815099,181.06372404529938,421.07842801232414,295.4624323135403,-19.150821769367703,371.0784280123237,1.054390395528259,1614045439216.0,0.4194723532465516,1.0,0.4194723532465516,1.0004124705856152,80342.0,0.7391908857871915,1661.6
6061177,long,reentry,1661.6,1478117.0,1666.0330032680008,2275806.0,1299.0985957519777,0.0,0.22239362662493983,0.22239362662493983,94.98921109477592,181.1593533047481,421.30082163894906,295.4624323135403,-19.150821769367703,371.3008216389486,1.0544034139337009,1614045490229.0,0.4574803690865693,1.0,0.4574803690865693,1.0004124929685938,51013.0,0.739236621744606,1641.45
6061688,long,close,1667.2,-126433.0,1666.0330032680008,2149373.0,1280.93570560424,0.05312008740194637,0.018958883157389635,0.072078970559336,95.00816997793332,181.1903472620886,421.3729006095084,295.5155524009423,-19.150821769367703,371.37290060950795,1.0544067567060402,1614045561209.0,0.21722186324898907,1.0,0.21722186324898907,1.0004124462602584,70980.0,0.739298944609243,1641.45
6061742,long,close,1669.55,-143291.0,1666.0330032680008,2006082.0,1258.2210974535274,0.181178995746389,0.021456530202749246,0.20263552594913822,95.02962650813608,181.27748053824672,421.5755361354575,295.6967313966887,-19.150821769367703,371.57553613545707,1.054419283172363,1614045565781.0,0.2322600583749948,1.0,0.2322600583749948,1.0004124594991337,4572.0,0.7393055305871107,1643.0
6061750,long,close,1669.9,-154314.0,1666.0330032680008,1851768.0,1230.9201946877151,0.21448902193935188,0.02310228157374693,0.23759130351309882,95.05272878970982,181.37964479875737,421.81312743897064,295.91122041862803,-19.150821769367703,371.8131274389702,1.054434008456739,1614045568312.0,0.24616793634082593,1.0,0.24616793634082593,1.0004124887214365,2531.0,0.7393065062875355,1644.55
6061769,long,close,1671.55,-168342.0,1666.0330032680008,1683426.0,1197.0671238594168,0.3334972345955911,0.025177529837575905,0.35867476443316704,95.0779063195474,181.53387494746363,422.1718022034038,296.24471765322363,-19.150821769367703,372.17180220340333,1.0544562025400703,1614045573391.0,0.26296617287125607,1.0,0.26296617287125607,1.0004125733564444,5079.0,0.7393088235760445,1646.1
6061834,long,close,1668.75,-140285.0,1666.0330032680008,1543141.0,1165.1500513282963,0.1370962177530807,0.021016479400749064,0.15811269715382975,95.09892279894814,181.6018634072398,422.32991490055764,296.3818138709767,-19.150821769367703,372.3299149005572,1.0544658320311224,1614045584850.0,0.28241989937692313,1.0,0.28241989937692313,1.0004125660005745,11459.0,0.7393167511419964,1646.1
6061862,long,close,1668.9,-140285.0,1666.0330032680008,1402856.0,1129.0197074643797,0.14465202555490334,0.02101459044879861,0.16566661600370194,95.11993738939694,181.67310005212136,422.4955815165613,296.5264658965316,-19.150821769367703,372.4955815165609,1.05447604164601,1614045589151.0,0.3016571960032987,1.0,0.3016571960032987,1.0004125620775055,4301.0,0.7393201660934833,1647.65
6061881,long,close,1671.0,-155872.0,1666.0330032680008,1246984.0,1082.7394428220796,0.27810060390041974,0.023320167564332736,0.3014207714647525,95.14325755696127,181.8027109838512,422.7970022880261,296.80456650043203,-19.150821769367703,372.7970022880256,1.054494660763327,1614045593655.0,0.32369731192980733,1.0,0.32369731192980733,1.0004126202073806,4504.0,0.7393224833819924,1649.2
6061924,long,close,1671.4,-155873.0,1666.0330032680008,1091111.0,1028.5103607617882,0.3004264920934035,0.023314736149335887,0.3237412282427394,95.1665722931106,181.94191971199558,423.1207435162688,297.1049929925254,-19.150821769367703,373.12074351626836,1.0545145568199468,1614045603914.0,0.3518470860089317,1.0,0.3518470860089317,1.0004126884126874,10259.0,0.7393277277717759,1650.75
6061937,long,close,1672.6,-181851.0,1666.0330032680008,909260.0,952.127034117516,0.4285552314622164,0.02718088604567739,0.4557361175078938,95.19375317915629,182.137886242524,423.5764796337767,297.5335482239876,-19.150821769367703,373.5764796337763,1.0545427573989417,1614045604817.0,0.3846782167144552,1.0,0.3846782167144552,1.000412816705909,903.0,0.7393293132849662,1652.3
6061953,long,close,1673.5,-181852.0,1666.0330032680008,727408.0,856.6330631361393,0.487028892452066,0.027166417687481327,0.5141953101395473,95.22091959684377,182.35899022588399,424.09067494391627,298.0205771164397,-19.150821769367703,374.0906749439158,1.0545745319283801,1614045606327.0,0.4307503084314743,1.0,0.4307503084314743,1.0004129713602377,1510.0,0.7393312646858159,1653.85
6062001,long,close,1674.8,-181852.0,1666.0330032680008,545556.0,733.8639837447652,0.5713764993154969,0.027145330785765465,0.5985218301012624,95.24806492762954,182.6163546128275,424.6891967740175,298.5919536157552,-19.150821769367703,374.6891967740171,1.0546114629947012,1614045608521.0,0.48798119414474206,1.0,0.48798119414474206,1.0004131640300988,2194.0,0.739337118888365,1655.4
6062005,long,close,1674.9,-545556.0,1666.0330032680008,0.0,0.0,1.7335780602146988,0.08143113021672936,1.8150091904314283,95.32949605784627,183.39680856471304,426.50420596444894,300.3255316759699,-19.150821769367703,376.50420596444854,1.0547232467949457,1614045608928.0,0.5618330096756335,1.0,0.5618330096756335,1.0004139078800665,407.0,0.7393376067385774,
6068511,long,entry,1676.3,329750.0,1676.3,329750.0,533.6758723717777,0.0,0.04917824971663784,0.04917824971663784,95.3786743075629,183.41795521209121,426.5533842141656,300.3255316759699,-19.150821769367703,376.5533842141652,1.0546938341809353,1614047616472.0,1.0,1.0,1.0,1.0004138502373303,2007544.0,0.740131095109082,1666.25
6068971,long,reentry,1666.25,611026.0,1669.7726105895558,940776.0,964.6592621173791,0.0,0.09167681920480121,0.09167681920480121,95.47035112676771,183.45737624434926,426.6450610333704,300.3255316759699,-19.150821769367703,376.64506103337,1.054698064918085,1614047703135.0,0.6797047939192307,1.0,0.6797047939192307,1.0004138118457044,86663.0,0.7401871978835106,1655.4
6069281,long,close,1670.95,-134396.0,1669.7726105895558,806380.0,899.072359578654,0.05671339955291757,0.020107723151500643,0.07682112270441821,95.49045884991921,183.49040932711216,426.7218821560748,300.3822450755228,-19.150821769367703,376.7218821560744,1.0547017361753326,1614047767880.0,0.42036397048677837,1.0,0.42036397048677837,1.000413766740451,64745.0,0.7402250062749733,1656.95
6069338,long,close,1674.75,-161276.0,1669.7726105895558,645104.0,803.2542444407235,0.287054291128665,0.024074638005672486,0.3111289291343375,95.51453348792488,183.62419476663993,427.0330110852091,300.66929936665144,-19.150821769367703,377.0330110852087,1.0547207486165053,1614047772961.0,0.46242197998226914,1.0,0.46242197998226914,1.000413827561757,5081.0,0.7402319581405004,1658.5
6069364,long,close,1675.7,-161276.0,1669.7726105895558,483828.0,682.0449180852626,0.3416485648182023,0.024060989437250106,0.36570955425545243,95.53859447736212,183.78144987496978,427.3987206394646,301.0109479314697,-19.150821769367703,377.39872063946416,1.0547430801554696,1614047778859.0,0.5203736411758629,1.0,0.5203736411758629,1.0004139128985055,5898.0,0.7402351291668812,1658.5
6069366,long,close,1675.75,-483828.0,1669.7726105895558,0.0,0.0,1.0335606988778918,0.0721808145606445,1.1057415134385362,95.61077529192276,184.25691872574833,428.5044621529031,302.04450863034754,-19.150821769367703,378.5044621529027,1.0548107744878144,1614047778899.0,0.5930033905685269,1.0,0.5930033905685269,1.0004143315011393,40.0,0.7402353730919873,
6069921,long,entry,1671.45,330338.0,1671.45,330338.0,532.1318475353346,0.0,0.04940889646713931,0.04940889646713931,95.6601841883899,184.2781645512292,428.55387104937023,302.04450863034754,-19.150821769367703,378.55387104936983,1.0548121173180947,1614047882598.0,1.0,1.0,1.0,1.0004142738433894,103699.0,0.7403030623089609,1661.6
6070247,long,close,1672.6,-330338.0,1671.45,0.0,0.0,0.13588480434580577,0.04937492526605285,0.18525972961185863,95.70955911365596,184.3578262349623,428.7391307789821,302.1803934346933,-19.150821769367703,378.7391307789817,1.0548224616958366,1614047943098.0,0.6804972395464818,1.0,0.6804972395464818,1.000414277316097,60500.0,0.7403428221012733,
6078852,long,entry,1665.9,329421.0,1665.9,329421.0,530.3644420752308,0.0,0.04943589050963443,0.04943589050963443,95.75899500416558,184.37908366788145,428.78856666949173,302.1803934346933,-19.150821769367703,378.78856666949133,1.0547719415477073,1614051254307.0,1.0,1.0,1.0,1.0004142196909864,3311209.0,0.7413923098707466,1656.95
6079592,long,reentry,1656.95,610417.0,1660.0870490978232,939838.0,958.8933346901654,0.0,0.09209949002685658,0.09209949002685658,95.85109449419244,184.41868644859298,428.88066615951857,302.1803934346933,-19.150821769367703,378.88066615951817,1.0547754526244333,1614051384926.0,0.6799055814622302,1.0,0.6799055814622302,1.0004141812613945,130619.0,0.7414825621600446,1645.5
6080551,long,reentry,1645.5,1741519.0,1650.6128824136435,2681357.0,1333.0266152333086,0.0,0.2645881191127317,0.2645881191127317,96.11568261330517,184.53245933981145,429.1452542786313,302.1803934346933,-19.150821769367703,379.1452542786309,1.0547899344328033,1614051487652.0,0.417227826248836,1.0,0.417227826248836,1.0004142203146276,102726.0,0.7415995242484729,1623.0
6082732,long,reentry,1623.0,613100.0,1645.4741119856776,3294457.0,1384.5010115176035,0.0,0.09443930991990142,0.09443930991990142,96.21012192322507,184.573068243077,429.2396935885512,302.1803934346933,-19.150821769367703,379.2396935885508,1.0547918379405166,1614051726248.0,0.17863975154298745,1.0,0.17863975154298745,1.000414182915665,238596.0,0.741865524576796,0.05
6119622,long,close,1646.6,-173392.0,1645.4741119856776,3121065.0,1370.7148250174876,0.07205184180448415,0.026325762176606343,0.0983776039810905,96.23644768540169,184.61537061278887,429.33807119253225,302.2524452764978,-19.150821769367703,379.33807119253186,1.0547060078164057,1614057418367.0,0.10734944454055223,1.0,0.10734944454055223,1.0004141472889272,5692119.0,0.7463647231608596,1614.0
6119643,long,close,1646.6,-164266.0,1645.4741119856776,2956799.0,1356.4575104083094,0.0682595958628737,0.02494017976436293,0.09319977562723662,96.26138786516604,184.6554465163086,429.4312709681595,302.32070487236064,-19.150821769367703,379.4312709681591,1.0547115804919642,1614057424452.0,0.16749782871698296,1.0,0.16749782871698296,1.0004141093434382,6085.0,0.7463672843744747,1615.5
6119718,long,close,1646.6,-155621.0,1645.4741119856776,2801178.0,1341.7263419489252,0.06466722613186092,0.0236276266245597,0.08829485275642063,96.2850154917906,184.69341330299383,429.5195658209159,302.3853720984925,-19.150821769367703,379.5195658209155,1.0547167802777349,1614057435089.0,0.17500455515855165,1.0,0.17500455515855165,1.0004140692044086,10637.0,0.7463764315659577,1617.0
6119732,long,close,1647.65,-155621.0,1645.4741119856776,2645557.0,1325.5962282991745,0.12489605617656015,0.023612569417048524,0.14850862559360867,96.30862806120766,184.75727201199908,429.6680744465095,302.51026815466906,-19.150821769367703,379.6680744465091,1.0547257233651175,1614057440582.0,0.18522766543256403,1.0,0.18522766543256403,1.0004140560565387,5493.0,0.7463781390417011,1618.5
6119750,long,close,1648.7,-155621.0,1645.4741119856776,2489936.0,1307.865959142882,0.1850481709042952,0.02359753138836659,0.2086457022926618,96.33222559259602,184.8469896639849,429.8767201488021,302.69531632557334,-19.150821769367703,379.8767201488017,1.0547383971282362,1614057441197.0,1.0,1.0,1.0,1.0004140698219401,615.0,0.746380334367657,1618.5
6119765,long,close,1648.7,-146466.0,1645.4741119856776,2343470.0,1289.5400617012647,0.17416200512571248,0.022209316431127554,0.19637132155684003,96.35443490902715,184.93142933225437,430.073091470359,302.86947833069905,-19.150821769367703,380.0730914703586,1.0547502958340107,1614057443264.0,0.20636793644049758,1.0,0.20636793644049758,1.0004140780438955,2067.0,0.7463821638059537,1620.0
6119767,long,close,1648.8,-146466.0,1645.4741119856776,2197004.0,1269.377918974199,0.17955000037827445,0.02220796943231441,0.20175796981058886,96.37664287845946,185.0181852592729,430.2748494401696,303.04902833107735,-19.150821769367703,380.2748494401692,1.054762545753939,1614057443504.0,1.0,1.0,1.0,1.0004140886315624,240.0,0.7463824077310599,1621.5
6119769,long,close,1648.95,-146466.0,1645.4741119856776,2050538.0,1247.0878247470764,0.1876307679330336,0.022205949240425724,0.2098367171734593,96.3988488276999,185.1084150476575,430.48468615734305,303.2366590990104,-19.150821769367703,380.48468615734265,1.0547752717971026,1614057444277.0,1.0,1.0,1.0,1.0004141027833529,773.0,0.7463826516561661,1623.0
6119800,long,close,1649.1,-146467.0,1645.4741119856776,1904071.0,1222.3154167569571,0.19571140167045697,0.022204081013886365,0.21791548268434335,96.42105290871378,185.20211870521177,430.7026016400274,303.43237050068086,-19.150821769367703,380.702601640027,1.0547883780806222,1614057451484.0,0.24361617907683009,1.0,0.24361617907683009,1.0004141204919823,7207.0,0.7463864324953123,1624.5
6119823,long,close,1649.3,-146467.0,1645.4741119856776,1757604.0,1194.6212433294816,0.20648158587655008,0.02220138846783484,0.22868297434438492,96.44325429718161,185.30045238417986,430.9312846143718,303.6388520865574,-19.150821769367703,380.9312846143714,1.0548021430242047,1614057457923.0,0.25870858344535325,1.0,0.25870858344535325,1.0004141429498838,6439.0,0.7463892376340338,1624.5
6119825,long,close,1649.75,-159782.0,1645.4741119856776,1597822.0,1160.4190695761877,0.25167784371479307,0.024213062585240187,0.27589090630003327,96.46746735976686,185.41908547388888,431.20717552067185,303.8905299302722,-19.150821769367703,381.20717552067146,1.0548188604945181,1614057458219.0,1.0,1.0,1.0,1.000414186396299,296.0,0.74638948155914,1626.0
6119889,long,close,1648.3,-145256.0,1645.4741119856776,1452566.0,1125.057123234519,0.15134278284108474,0.022031183643754174,0.1733739664848389,96.4894985434106,185.49363627947739,431.3805494871567,304.04187271311326,-19.150821769367703,381.3805494871563,1.0548292088442808,1614057467810.0,0.2957126394706475,1.0,0.2957126394706475,1.00041418406733,9591.0,0.7463972871625387,1627.5
6119905,long,close,1650.35,-161396.0,1645.4741119856776,1291170.0,1079.7021509116596,0.28978731974375826,0.024448753294755658,0.3142360730385139,96.51394729670535,185.62875779088395,431.6947855601952,304.33166003285703,-19.150821769367703,381.6947855601948,1.0548481641520362,1614057472200.0,0.31787848350288356,1.0,0.31787848350288356,1.0004142444341761,4390.0,0.7463992385633884,1629.0
6119920,long,close,1650.8,-161396.0,1645.4741119856776,1129774.0,1026.4723209939104,0.316445761669242,0.024442088684274294,0.34088785035351626,96.53838938538962,185.77533956653596,432.0356734105487,304.64810579452626,-19.150821769367703,382.0356734105483,1.054868747656366,1614057474744.0,0.34583329238917926,1.0,0.34583329238917926,1.0004143165308546,2544.0,0.746401068001685,1630.5
6119932,long,close,1651.3,-161396.0,1645.4741119856776,968378.0,963.1316935355767,0.34604921190150806,0.024434687821716226,0.37048389972322426,96.56282407321133,185.93464764341695,432.40615731027196,304.9941550064278,-19.150821769367703,382.40615731027157,1.0548911219077077,1614057476166.0,0.3782158760675346,1.0,0.3782158760675346,1.00041440163094,1422.0,0.7464025315523223,1630.5
6120090,long,close,1649.75,-161396.0,1645.4741119856776,806982.0,886.6326827419234,0.2542201077980795,0.024457645097742082,0.2786777528958216,96.58728171830907,186.05447907716214,432.6848350631678,305.24837511422584,-19.150821769367703,382.6848350631674,1.0549076336776577,1614057496151.0,0.4153980615869034,1.0,0.4153980615869034,1.0004144458040167,19985.0,0.7464218016357129,1632.0
6120111,long,close,1650.35,-161396.0,1645.4741119856776,645586.0,792.2094590749451,0.28978731974375826,0.024448753294755658,0.3142360730385139,96.61173047160382,186.1896005885687,432.9990711362063,305.5381624339696,-19.150821769367703,382.9990711362059,1.0549264078646563,1614057508267.0,0.46250026810831835,1.0,0.46250026810831835,1.0004145056528646,12116.0,0.7464243628493282,1633.5
6120403,long,close,1646.6,-129117.0,1645.4741119856776,516469.0,699.3080675076427,0.05365367293917586,0.019603577067897487,0.07325725000707335,96.63133404867172,186.22110120607172,433.0723283862133,305.59181610690877,-19.150821769367703,383.072328386213,1.054929523997311,1614057588922.0,0.5187209021141854,1.0,0.5187209021141854,1.0004144585607277,80655.0,0.746459975914835,1635.0
6120406,long,close,1646.9,-516469.0,1645.4741119856776,0.0,0.0,0.2717511520623832,0.07840017608840852,0.35015132815079175,96.70973422476013,186.37166627717656,433.4224797143641,305.86356725897116,-19.150821769367703,383.42247971436376,1.0549506380677933,1614057589190.0,0.5754307161024572,1.0,0.5754307161024572,1.0004145341685535,268.0,0.7464603418024943,
6124162,long,entry,1612.05,322255.0,1612.05,322255.0,513.2208834814113,0.0,0.04997596228404826,0.04997596228404826,96.75971018704418,186.3931559409587,433.47245567664817,305.86356725897116,-19.150821769367703,383.4724556766478,1.0549344408348726,1614058776923.0,1.0,1.0,1.0,1.000414476748466,1187733.0,0.7469184331519587,1603.5
6124331,long,close,1613.15,-322255.0,1612.05,0.0,0.0,0.13631356913482987,0.04994188389176456,0.1862554530265944,96.80965207093594,186.47324578576016,433.65871112967477,305.999880828106,-19.150821769367703,383.65871112967443,1.0549451791160136,1614058806799.0,0.6809220780991568,1.0,0.6809220780991568,1.0004144796653012,29876.0,0.7469390448234335,
6124889,long,entry,1610.1,322041.0,1610.1,322041.0,512.6004925854779,0.0,0.05000326066703931,0.05000326066703931,96.85965533160298,186.49474718784697,433.7087143903418,305.999880828106,-19.150821769367703,383.70871439034147,1.0549452514674191,1614058988566.0,1.0,1.0,1.0,1.0004144222777216,181767.0,0.7470070999280665,1600.5
6125573,long,close,1611.2,-322041.0,1610.1,0.0,0.0,0.1365530951681902,0.049969122393247266,0.18652221756143747,96.90962445399623,186.5749517413984,433.89523660790326,306.1364339232742,-19.150821769367703,383.8952366079029,1.054954417297332,1614059116245.0,0.6799247626690741,1.0,0.6799247626690741,1.000414425276943,127679.0,0.7470905223143907,
6125776,long,entry,1607.1,321616.0,1607.1,321616.0,511.6450876854946,0.0,0.05003048970194761,0.05003048970194761,96.95965494369818,186.59646485197024,433.9452670976052,306.1364339232742,-19.150821769367703,383.94526709760487,1.054956520349395,1614059172415.0,1.0,1.0,1.0,1.0004143679217787,56170.0,0.7471152807126711,1597.5
6126007,long,reentry,1597.5,595954.0,1600.8648807175473,917570.0,924.8444408862154,0.0,0.09326353677621284,0.09326353677621284,97.05291848047439,186.636568172784,434.0385306343814,306.1364339232742,-19.150821769367703,384.03853063438106,1.0549615347492067,1614059209414.0,0.6797113601768476,1.0,0.6797113601768476,1.0004143296875914,36999.0,0.7471434540624385,1587.75
6126487,long,close,1602.0,-131081.0,1600.8648807175473,786489.0,861.9637153430706,0.05801817424519641,0.02045583645443196,0.07847401069962837,97.07337431692882,186.67031199738486,434.11700464508107,306.1944520975194,-19.150821769367703,384.11700464508067,1.054964922286017,1614059291902.0,0.4194504623921312,1.0,0.4194504623921312,1.0004142849276638,82488.0,0.7472019960879291,1587.75
6126520,long,close,1602.0,-131081.0,1600.8648807175473,655408.0,787.0472738453342,0.05801817424519641,0.02045583645443196,0.07847401069962837,97.09383015338325,186.70405582198572,434.19547865578073,306.2524702717646,-19.150821769367703,384.1954786557803,1.0549695087613276,1614059300209.0,0.4618108670435373,1.0,0.4618108670435373,1.0004142401786271,8307.0,0.7472060208521817,1589.2
6126790,long,close,1602.0,-131081.0,1600.8648807175473,524327.0,696.2738583891293,0.05801817424519641,0.02045583645443196,0.07847401069962837,97.11428598983768,186.73779964658658,434.2739526664804,306.3104884460098,-19.150821769367703,384.2739526664799,1.0549727246944904,1614059393184.0,0.5071714002220825,1.0,0.5071714002220825,1.0004141954404775,92975.0,0.7472389507415201,1590.65
6126792,long,close,1602.1,-524327.0,1600.8648807175473,0.0,0.0,0.25250316506925186,0.0818187066974596,0.33432187176671146,97.19610469653514,186.88155805144623,434.6082745382471,306.56299161107904,-19.150821769367703,384.6082745382466,1.0549928220942357,1614059393265.0,1.0,1.0,1.0,1.0004142635466489,81.0,0.7472391946666264,
6126797,long,entry,1602.35,321192.0,1602.35,321192.0,510.13243186514796,0.0,0.05011264704964584,0.05011264704964584,97.24621734358479,186.9031064896776,434.65838718529676,306.56299161107904,-19.150821769367703,384.65838718529625,1.0549957947637467,1614059395656.0,1.0,1.0,1.0,1.0004142062883388,2391.0,0.7472398044793919,1593.55
6126930,long,close,1603.45,-321192.0,1602.35,0.0,0.0,0.13751326640583317,0.05007826873304438,0.18759153513887755,97.29629561231783,186.98377084978733,434.84597872043565,306.7005048774849,-19.150821769367703,384.84597872043514,1.0550064558721324,1614059433255.0,0.6807681903221853,1.0,0.6807681903221853,1.0004142096154305,37599.0,0.7472560254989549,
6127205,long,entry,1601.55,321207.0,1601.55,321207.0,509.8774942216079,0.0,0.050140020605038874,0.050140020605038874,97.34643563292288,187.0053310586475,434.8961187410407,306.7005048774849,-19.150821769367703,384.8961187410402,1.0550082508933447,1614059508397.0,1.0,1.0,1.0,1.000414152389353,75142.0,0.7472895652010589,1592.1
6127268,long,close,1602.65,-321207.0,1601.55,0.0,0.0,0.13765706215466222,0.0501056063395002,0.18776266849416243,97.39654123926238,187.08606900610002,435.0838814095349,306.8381619396396,-19.150821769367703,385.08388140953434,1.055019290595975,1614059522844.0,0.6811870854613843,1.0,0.6811870854613843,1.0004141557556454,14447.0,0.7472972488419046,
6127285,long,entry,1601.25,321323.0,1601.25,321323.0,509.7824987437995,0.0,0.05016752537080406,0.05016752537080406,97.44670876463319,187.10764104200945,435.1340489349057,306.8381619396396,-19.150821769367703,385.13404893490514,1.0550222381014929,1614059526786.0,1.0,1.0,1.0,1.0004140985618102,3942.0,0.7472993222053074,1592.1
6127550,long,reentry,1592.1,595411.0,1595.3071521837305,916734.0,921.5653856048044,0.0,0.09349459832925068,0.09349459832925068,97.54020336296243,187.14784371929102,435.22754353323495,306.8381619396396,-19.150821769367703,385.2275435332344,1.0550263865326772,1614059617120.0,0.6797949192903492,1.0,0.6797949192903492,1.000414060441569,90334.0,0.7473316422818803,1581.95
6128064,long,close,1596.4,-130962.0,1595.3071521837305,785772.0,858.9036725554085,0.05619775365828868,0.020508957654723128,0.07670671131301181,97.56071232061716,187.18082760515563,435.304250244548,306.8943596932979,-19.150821769367703,385.3042502445474,1.0550294772308804,1614059710489.0,0.4191021553753321,1.0,0.4191021553753321,1.000414014947378,93369.0,0.7473943310341766,1583.4
6128543,long,reentry,1583.4,1456035.0,1587.5735558795714,2241807.0,1237.9076385264814,0.0,0.22989058355437664,0.22989058355437664,97.79060290417154,187.279680556084,435.53414082810235,306.8943596932979,-19.150821769367703,385.5341408281018,1.0550411910676107,1614059838613.0,0.45754023269939775,1.0,0.45754023269939775,1.0004140367667067,128124.0,0.7474527510971142,1563.1
6128654,long,close,1588.7,-124544.0,1587.5735558795714,2117263.0,1220.5992836303571,0.0556232948327855,0.019598413797444453,0.07522170863022995,97.81020131796897,187.312025890795,435.6093625367326,306.94998298813067,-19.150821769367703,385.609362536732,1.055045247594586,1614059866618.0,0.21785073701492302,1.0,0.21785073701492302,1.000413990618623,28005.0,0.7474662889405088,1564.55
6128661,long,close,1589.8,-132328.0,1587.5735558795714,1984935.0,1200.415825737347,0.116731266990216,0.020808906780727134,0.13754017377094313,97.8310102247497,187.3711681655165,435.7469027105035,307.06671425512087,-19.150821769367703,385.746902710503,1.0550534752264606,1614059867662.0,1.0,1.0,1.0,1.0004139718357061,1044.0,0.7474671426783805,1566.0
6128677,long,close,1591.1,-141781.0,1587.5735558795714,1843154.0,1176.417881148346,0.19793550779906238,0.022277198164791658,0.22021270596385403,97.85328742291449,187.46585962908094,435.9671154164673,307.26464976291993,-19.150821769367703,385.9671154164668,1.0550665699398574,1614059873844.0,0.24514018189759665,1.0,0.24514018189759665,1.0004139893036668,6182.0,0.7474690940792302,1567.45
6128687,long,close,1591.45,-153596.0,1587.5735558795714,1689558.0,1147.21181951432,0.23566038284722782,0.024128310660089858,0.2597886935073177,97.87741573357458,187.5775687672891,436.22690410997467,307.5003101457672,-19.150821769367703,386.22690410997416,1.0550820534859762,1614059878428.0,0.2606492906713095,1.0,0.2606492906713095,1.0004140240609256,4584.0,0.7474703137047614,1567.45
6128691,long,close,1591.7,-153596.0,1587.5735558795714,1535962.0,1114.0111437722771,0.2508192134435062,0.024124520952440786,0.274943734395947,97.90154025452702,187.69579457307935,436.5018478443706,307.75112935921067,-19.150821769367703,386.5018478443701,1.0550985042981693,1614059878721.0,1.0,1.0,1.0,1.000414065373394,293.0,0.7474708015549738,1568.9
6128692,long,close,1591.95,-153596.0,1587.5735558795714,1382366.0,1075.9404006168763,0.2659732829509839,0.024120732435063914,0.2900940153860478,97.92566098696209,187.82053499969535,436.79194185975666,308.01710264216166,-19.150821769367703,386.79194185975615,1.0551158527708555,1614059878899.0,1.0,1.0,1.0,1.000414113222784,178.0,0.7474709235175269,1570.35
6128696,long,close,1592.3,-153596.0,1587.5735558795714,1228770.0,1031.8429137663898,0.28718098590211977,0.024115430509326134,0.3112964164114459,97.94977641747141,187.95439245875227,437.1032382761681,308.3042836280638,-19.150821769367703,387.1032382761676,1.0551344560946034,1614059879128.0,1.0,1.0,1.0,1.0004141702377445,229.0,0.7474714113677393,1571.8
6128700,long,close,1592.7,-153596.0,1587.5735558795714,1075174.0,980.1700282305148,0.31140694736059366,0.024109374018961512,0.33551632137955517,97.97388579149037,188.0986644769455,437.43875459754764,308.61569057542437,-19.150821769367703,387.43875459754713,1.0551544757941589,1614059880395.0,0.3521016490227365,1.0,0.3521016490227365,1.0004142377110932,1267.0,0.7474718992179518,1573.25
6128720,long,close,1593.85,-179195.0,1587.5735558795714,895979.0,907.3853065277387,0.4444861684809819,0.028107256015308845,0.4725934244962907,98.00199304750568,188.30187964947888,437.9113480220439,309.06017674390534,-19.150821769367703,387.9113480220434,1.0551826262341624,1614059883595.0,0.38468248957562085,1.0,0.38468248957562085,1.0004143648408068,3200.0,0.7474743384690138,1574.7
6128729,long,close,1594.7,-179195.0,1587.5735558795714,716784.0,816.3893718645951,0.5044125937973939,0.028092274408979746,0.5325048682063737,98.03008532191465,188.53085674280763,438.4438528902503,309.5645893377027,-19.150821769367703,388.4438528902498,1.0552143621029177,1614059883978.0,1.0,1.0,1.0,1.0004145177945898,383.0,0.7474754361319917,1576.15
6128837,long,close,1592.3,-143356.0,1587.5735558795714,573428.0,725.5752364346055,0.2680350882508938,0.022507693273880552,0.2905427815247743,98.05259301518853,188.65579013886327,438.7343956717751,309.8326244259536,-19.150821769367703,388.73439567177456,1.0552313096641175,1614059905855.0,0.4866605641119281,1.0,0.4866605641119281,1.0004145651456586,21877.0,0.7474886080877272,1576.15
6128849,long,close,1592.65,-573428.0,1587.5735558795714,0.0,0.0,1.151288861954979,0.09001161586035852,1.2413004778153376,98.1426046310489,189.18954934432386,439.9756961495904,310.9839132879086,-19.150821769367703,389.9756961495899,1.0553050911157478,1614059906924.0,1.0,1.0,1.0,1.0004150253252784,1069.0,0.7474900716383645,
6128861,long,entry,1593.15,323292.0,1593.15,323292.0,507.2036805843226,0.0,0.05073156953205913,0.05073156953205913,98.19333620058096,189.21136391922266,440.02642771912247,310.9839132879086,-19.150821769367703,390.02642771912195,1.0553080285997654,1614059911491.0,1.0,1.0,1.0,1.0004149681400758,4567.0,0.7474915351890017,1584.85
6129026,long,reentry,1584.85,599060.0,1587.7592186063453,922352.0,917.0734615390746,0.0,0.09449790200965391,0.09449790200965391,98.28783410259061,189.2519980170868,440.12092562113213,310.9839132879086,-19.150821769367703,390.1209256211316,1.05531283370753,1614059960892.0,0.6799572939271058,1.0,0.6799572939271058,1.0004149299495144,49401.0,0.7475116590102642,1574.7
6129718,long,reentry,1574.7,1709118.0,1579.2773641348751,2631470.0,1275.2881935725757,0.0,0.2713402552867213,0.2713402552867213,98.55917435787732,189.3686743268601,440.39226587641883,310.9839132879086,-19.150821769367703,390.3922658764183,1.055327113847061,1614060072636.0,0.41758322015808796,1.0,0.41758322015808796,1.0004149683863393,111744.0,0.7475960570970132,1552.95
6129945,long,close,1580.4,-138498.0,1579.2773641348751,2492972.0,1260.3017182109925,0.06229554403226956,0.0219086940015186,0.08420423803378817,98.58108305187885,189.40488214921464,440.47647011445264,311.0462088319409,-19.150821769367703,390.4764701144521,1.0553315982989233,1614060103929.0,0.18838656299078743,1.0,0.18838656299078743,1.0004149257189223,31293.0,0.7476237425965682,1552.95
6129955,long,close,1580.4,-131209.0,1579.2773641348751,2361763.0,1244.860060173272,0.059016996901977335,0.020755663123259934,0.07977266002523727,98.6018387150021,189.4391843930255,440.5562427744779,311.10522582884283,-19.150821769367703,390.55624277447737,1.0553363237437525,1614060104223.0,1.0,1.0,1.0,1.000414881142548,294.0,0.7476249622220992,1554.4
6129960,long,close,1581.45,-138927.0,1579.2773641348751,2222836.0,1226.9680449794378,0.12085363731660412,0.021961965285023238,0.14281560260162734,98.62380068028713,189.5005951021442,440.6990583770795,311.22607946615943,-19.150821769367703,390.699058377079,1.0553447703870193,1614060105434.0,0.21256242635633385,1.0,0.21256242635633385,1.0004148638537824,1211.0,0.7476255720348647,1555.85
6129977,long,close,1582.6,-148189.0,1579.2773641348751,2074647.0,1205.8738986769479,0.19700132353270072,0.023409105269809174,0.22041042880250988,98.64720978555694,189.59537158652924,440.919468805882,311.4230807896921,-19.150821769367703,390.9194688058815,1.0553577816117994,1614060108494.0,0.22446871564411994,1.0,0.22446871564411994,1.0004148801020107,3060.0,0.7476276453982675,1557.3
6129980,long,close,1582.75,-148189.0,1579.2773641348751,1926458.0,1182.4118026880096,0.20587541177272692,0.02340688674774917,0.2292822985204761,98.67061667230469,189.69396297489308,441.1487511044025,311.62895620146486,-19.150821769367703,391.148751104402,1.0553713444214612,1614060109551.0,1.0,1.0,1.0,1.0004149001294147,1057.0,0.7476280112859268,1557.3
6129983,long,close,1582.95,-148189.0,1579.2773641348751,1778269.0,1156.1587711695274,0.2177049132719529,0.023403929372374364,0.24110884264432728,98.69402060167707,189.79763977723013,441.38985994704683,311.84666111473683,-19.150821769367703,391.3898599470463,1.0553856157987014,1614060109655.0,1.0,1.0,1.0,1.0004149252034962,104.0,0.7476283771735861,1558.75
6129986,long,close,1583.15,-148189.0,1579.2773641348751,1630080.0,1126.5878360467561,0.22953142591946843,0.023400972744212486,0.2529323986636809,98.71742157442128,189.9064007086555,441.64279234571046,312.0761925406563,-19.150821769367703,391.64279234571,1.0554005356157747,1614060112416.0,1.0,1.0,1.0,1.0004149553117756,2761.0,0.7476287430612455,1560.2
6129990,long,close,1583.35,-148189.0,1579.2773641348751,1481891.0,1093.0304531535248,0.2413549508478461,0.023398016862980393,0.2647529677108265,98.74081959128426,190.02024448477115,441.9075453134213,312.3175474915041,-19.150821769367703,391.9075453134208,1.055416190554765,1614060112434.0,1.0,1.0,1.0,1.0004149904413955,18.0,0.7476292309114578,1561.65
6129999,long,close,1583.95,-164654.0,1579.2773641348751,1317237.0,1049.9920192876623,0.3075631816236645,0.02598787840525269,0.3335510600289172,98.76680746968951,190.16367144058358,442.2410963734502,312.6251106731278,-19.150821769367703,392.24109637344975,1.0554358913927495,1614060113017.0,1.0,1.0,1.0,1.0004150551187536,583.0,0.7476303285744358,1563.1
6130040,long,close,1586.35,-188176.0,1579.2773641348751,1129061.0,991.2786695804813,0.5312367462479424,0.029655498471333565,0.5608922447192759,98.79646296816084,190.40485510581289,442.8019886181695,313.1563474193757,-19.150821769367703,392.80198861816905,1.0554688944070973,1614060119683.0,0.337377243917921,1.0,0.337377243917921,1.0004152174477345,6666.0,0.7476353290391131,1564.55
6130054,long,close,1587.1,-188176.0,1579.2773641348751,940885.0,919.2602018440194,0.5872927574721805,0.029641484468527504,0.616934241940708,98.82610445262937,190.6701368298474,443.41892286011023,313.7436401768479,-19.150821769367703,393.4189228601098,1.0555052489713819,1614060120808.0,0.375237973352358,1.0,0.375237973352358,1.0004154034716577,1125.0,0.7476370365148566,1566.0
6130089,long,close,1586.35,-188177.0,1579.2773641348751,752708.0,828.9762141602124,0.5312395693324284,0.029655656065811456,0.5608952253982399,98.85576010869518,190.91132177676866,443.9798180855085,314.2748797461804,-19.150821769367703,393.979818085508,1.0555381762875993,1614060126858.0,0.4200799912664294,1.0,0.4200799912664294,1.0004155650335096,6050.0,0.7476413052042153,1567.45
6130103,long,close,1587.55,-188177.0,1579.2773641348751,564531.0,712.288345860142,0.6209042407543756,0.029633239897955972,0.6505374806523315,98.88539334859314,191.19105289344915,444.63035556616086,314.89578398693476,-19.150821769367703,394.6303555661603,1.0555763585715598,1614060131209.0,0.47781025879671657,1.0,0.47781025879671657,1.0004157646009213,4351.0,0.7476430126799588,1568.9
6130105,long,close,1587.8,-564531.0,1579.2773641348751,0.0,0.0,1.9187019650480137,0.08888572238317169,2.0075876874311853,98.97427907097631,192.05431559904457,446.637943253592,316.81448595198276,-19.150821769367703,396.63794325359146,1.0556940541231064,1614060131998.0,0.5514274539579684,1.0,0.5514274539579684,1.0004165426618445,789.0,0.747643256605065,
6133165,long,entry,1586.25,326766.0,1586.25,326766.0,505.00696714574195,0.0,0.05149976359338061,0.05149976359338061,99.02577883456969,192.07646049738972,446.6894430171854,316.81448595198276,-19.150821769367703,396.68944301718483,1.0556839136379925,1614060934604.0,1.0,1.0,1.0,1.000416485372888,802606.0,0.748016462017568,1577.6
6133209,long,close,1587.35,-326766.0,1586.25,0.0,0.0,0.1427529907146514,0.05146407534570196,0.19421706606035335,99.0772429099154,192.15997383579565,446.88366008324573,316.9572389426974,-19.150821769367703,396.88366008324516,1.055695170140883,1614060940668.0,0.6813836169427495,1.0,0.6813836169427495,1.0004164888532332,6064.0,0.7480218283699046,
6133274,long,entry,1585.95,326884.0,1585.95,326884.0,504.91152590713517,0.0,0.05152810618241433,0.05152810618241433,99.12877101609782,192.18213092145407,446.9351881894281,316.9572389426974,-19.150821769367703,396.93518818942755,1.0556978596199047,1614060960350.0,1.0,1.0,1.0,1.0004164315962907,19682.0,0.7480297559358565,1577.6
6133512,long,close,1587.05,-326884.0,1585.95,0.0,0.0,0.14285855341834766,0.05149239154405973,0.1943509449624074,99.18026340764187,192.26570182778792,447.12953913439054,317.1000974961158,-19.150821769367703,397.12953913439,1.0557084603939157,1614061006517.0,0.680759025096652,1.0,0.680759025096652,1.0004164350970262,46167.0,0.7480587830234956,
6141558,long,entry,1586.85,327249.0,1586.85,327249.0,505.19756756795533,0.0,0.05155638529161547,0.05155638529161547,99.23181979293349,192.28787107346332,447.1810955196822,317.1000974961158,-19.150821769367703,397.1810955196816,1.0556694701505716,1614063570774.0,1.0,1.0,1.0,1.0004163778720283,2564257.0,0.7490400937257828,1577.6
6141579,long,close,1587.95,-327249.0,1586.85,0.0,0.0,0.1428559433755246,0.05152067130577159,0.1943766146812962,99.28334046423926,192.37145301777628,447.37547213436346,317.2429534394913,-19.150821769367703,397.3754721343629,1.0556807584971424,1614063574173.0,0.6815145358121637,1.0,0.6815145358121637,1.000416381347118,3399.0,0.749042654939398,
6142495,long,entry,1584.95,327037.0,1584.95,327037.0,504.59272559389984,0.0,0.051584750307580675,0.051584750307580675,99.33492521454684,192.39363446040855,447.42705688467106,317.2429534394913,-19.150821769367703,397.4270568846705,1.0556809673169332,1614063745262.0,1.0,1.0,1.0,1.0004163241540733,171089.0,0.7491543726380427,1576.15
6142772,long,reentry,1576.15,605999.0,1579.2344743396825,933036.0,912.238024035403,0.0,0.09612013450496462,0.09612013450496462,99.43104534905181,192.43496611824568,447.52317701917605,317.2429534394913,-19.150821769367703,397.5231770191755,1.055686231020433,1614063766228.0,0.6798371082174425,1.0,0.6798371082174425,1.00041628588673,20966.0,0.7491881562652529,1566.0
6142981,long,close,1580.35,-133290.0,1579.2344743396825,799746.0,850.2058652760617,0.0595768086928889,0.02108551903059449,0.08066232772348339,99.4521308680824,192.46965091916678,447.6038393468995,317.3025302481842,-19.150821769367703,397.60383934689895,1.0556906355192806,1614063784540.0,0.4198619835063735,1.0,0.4198619835063735,1.0004162410657587,18312.0,0.749213646438852,1567.45
6143315,long,reentry,1567.45,1481929.0,1571.580555935996,2281675.0,1225.4045095394945,0.0,0.23635985198889917,0.23635985198889917,99.6884907200713,192.57128565552202,447.8401991988884,317.3025302481842,-19.150821769367703,397.84019919888783,1.0557037479290605,1614063825301.0,0.457569308870702,1.0,0.457569308870702,1.0004162622898656,40761.0,0.7492543819315892,1548.6
6143788,long,close,1572.65,-126759.0,1571.580555935996,2154916.0,1208.2711228612463,0.05484892907610912,0.020150542078657043,0.07499947115476616,99.70864126214995,192.60353542811856,447.9151986700432,317.3573791772603,-19.150821769367703,397.91519867004257,1.0557073192542314,1614063874127.0,0.21649328034559176,1.0,0.21649328034559176,1.0004162150657328,48826.0,0.7493120702192082,1548.6
6143806,long,close,1573.8,-134682.0,1571.580555935996,2020234.0,1188.2892808959252,0.12085582104392183,0.021394395730080062,0.1422502167740019,99.73003565788004,192.66470302133138,448.05744888681716,317.47823499830423,-19.150821769367703,398.0574488868166,1.055715589824235,1614063875209.0,0.23208800860450202,1.0,0.23208800860450202,1.0004161963490332,1082.0,0.7493142655451641,1550.05
6143834,long,close,1576.25,-155402.0,1571.580555935996,1864832.0,1162.5416444868163,0.292927425433823,0.024647422680412374,0.31757484811423536,99.75468308056045,192.8012602060205,448.3750237349314,317.7711624237381,-19.150821769367703,398.37502373493083,1.055734052018243,1614063877176.0,0.24560246268868033,1.0,0.24560246268868033,1.0004162518493978,1967.0,0.749317680496651,1551.5
6143847,long,close,1576.8,-169530.0,1571.580555935996,1695302.0,1130.6637751337478,0.3570734432631587,0.026878805175038052,0.38395224843819675,99.7815618857355,192.96635967284894,448.7589759833696,318.12823586700125,-19.150821769367703,398.75897598336906,1.055756366994619,1614063878882.0,0.2621359877586771,1.0,0.2621359877586771,1.0004163353036553,1706.0,0.7493192660098414,1552.95
6143851,long,close,1577.15,-169530.0,1571.580555935996,1525772.0,1093.9804062110977,0.38093314414452123,0.026872840249817707,0.40780598439433896,99.80843472598532,193.14171624613851,449.166781967764,318.5091690111458,-19.150821769367703,399.16678196776337,1.0557800768252181,1614063878930.0,1.0,1.0,1.0,1.000416428663271,48.0,0.7493197538600538,1552.95
6143912,long,close,1575.95,-152577.0,1571.580555935996,1373195.0,1055.975465562925,0.26917590011351894,0.02420397220724008,0.293379872320759,99.83263869819257,193.26786959123643,449.46016184008477,318.7783449112593,-19.150821769367703,399.46016184008414,1.0557969355632055,1614063890265.0,0.30512249105275335,1.0,0.30512249105275335,1.000416473545335,11335.0,0.7493271935757932,1554.4
6143932,long,close,1574.45,-137319.0,1571.580555935996,1235876.0,1016.7991132099776,0.15924392560657857,0.02180428085998285,0.18104820646656142,99.85444297905255,193.34572032001708,449.64121004655135,318.93758883686587,-19.150821769367703,399.6412100465507,1.0558074195492708,1614063892035.0,0.32939036258030363,1.0,0.32939036258030363,1.0004164709555605,1770.0,0.7493296328268554,1555.85
6143981,long,close,1572.65,-137319.0,1571.580555935996,1098557.0,971.82104443829,0.05941826688284246,0.021829237274663783,0.08124750415750624,99.87627221632721,193.38065674680482,449.7224575507089,318.99700710374873,-19.150821769367703,399.7224575507082,1.055811940174585,1614063903972.0,0.3531812256933985,1.0,0.3531812256933985,1.000416426261728,11937.0,0.7493356089919575,1557.3
6144007,long,close,1575.25,-156936.0,1571.580555935996,941621.0,911.20565963749,0.23261446396351568,0.02490652277416283,0.25752098673767854,99.90117873910137,193.49139077110203,449.9799785374466,319.22962156771223,-19.150821769367703,399.9799785374459,1.0558268035593377,1614063908872.0,0.38230404599358675,1.0,0.38230404599358675,1.0004164558587678,4900.0,0.7493387800183383,1558.75
6144012,long,close,1575.65,-156936.0,1571.580555935996,784685.0,838.0047946279984,0.2579058906373701,0.024900199917494367,0.2828060905548645,99.92607893901886,193.61299739004062,450.26278462800144,319.4875274583496,-19.150821769367703,400.26278462800076,1.05584319569531,1614063909440.0,0.42164033028404313,1.0,0.42164033028404313,1.0004164960269417,568.0,0.7493393898311038,1558.75
6144044,long,close,1576.25,-156937.0,1571.580555935996,627748.0,747.8497727238874,0.2958208476422947,0.024890880253766852,0.32071172789606156,99.95096981927263,193.75090343303594,450.5834963558975,319.78334830599186,-19.150821769367703,400.58349635589684,1.0558617321285222,1614063912559.0,0.46806855742795583,1.0,0.46806855742795583,1.0004165520483563,3119.0,0.7493432926328032,1560.2
6144058,long,close,1577.15,-156937.0,1571.580555935996,470811.0,634.0960688217909,0.35263673003367385,0.024876676283169006,0.3775134063168429,99.9758464955558,193.91323419775216,450.96100976221436,320.13598503602555,-19.150821769367703,400.9610097622137,1.0558835639932456,1614063914466.0,0.5257017455374109,1.0,0.5257017455374109,1.000416631819491,1907.0,0.7493450001085467,1561.65
6144067,long,close,1577.6,-470811.0,1571.580555935996,0.0,0.0,1.1430610850865233,0.07460874112576066,1.2176698262122838,100.05045523668156,194.43683222302346,452.17867958842663,321.27904612111206,-19.150821769367703,402.17867958842595,1.0559539542784362,1614063914952.0,0.5980883128466813,1.0,0.5980883128466813,1.0004170637325727,486.0,0.7493460977715246,
6144079,long,entry,1577.7,329037.0,1577.7,329037.0,502.2854368882064,0.0,0.052138714584521774,0.052138714584521774,100.10259395126607,194.4592518702948,452.2308183030112,321.27904612111206,-19.150821769367703,402.2308183030105,1.0559569056086624,1614063918531.0,1.0,1.0,1.0,1.000417006594427,3579.0,0.7493475613221618,1568.9
6144114,long,close,1578.8,-329037.0,1577.7,0.0,0.0,0.14530677994164798,0.05210238788953636,0.19740916783118434,100.1546963391556,194.5441378124622,452.42822747084233,321.4243529010537,-19.150821769367703,402.4282274708417,1.055968228705178,1614063922857.0,0.6815435492862855,1.0,0.6815435492862855,1.0004170102885868,4326.0,0.7493518300115206,
6144144,long,entry,1577.55,329187.0,1577.55,329187.0,502.23737887455343,0.0,0.05216744318722069,0.05216744318722069,100.20686378234282,194.56656981303271,452.48039491402955,321.4243529010537,-19.150821769367703,402.4803949140289,1.055971160352457,1614063927633.0,1.0,1.0,1.0,1.0004169531821663,4776.0,0.7493554888881138,1568.9
6144250,long,reentry,1568.9,609983.0,1571.931897899209,939170.0,908.0025203512153,0.0,0.09719915227229269,0.09719915227229269,100.30406293461512,194.6083654485098,452.57759406630186,321.4243529010537,-19.150821769367703,402.57759406630123,1.0559765308931834,1614063942050.0,0.6798588864899584,1.0,0.6798588864899584,1.0004169149305977,14417.0,0.7493684169187429,1558.75
6145411,long,reentry,1558.75,1740282.0,1563.3703638094655,2679452.0,1262.5193008372212,0.0,0.27911499599037687,0.27911499599037687,100.5831779306055,194.72838489678566,452.8567090622922,321.4243529010537,-19.150821769367703,402.8567090622916,1.055990038980615,1614064099293.0,0.4174616537170622,1.0,0.4174616537170622,1.0004169527263012,157243.0,0.7495100154428985,1537.0
6145865,long,close,1564.45,-141023.0,1563.3703638094655,2538429.0,1247.687287585221,0.06225064000566757,0.02253555562657803,0.0847861956322456,100.60571348623208,194.76484296090752,452.9414952579245,321.48660354105937,-19.150821769367703,402.94149525792386,1.0559935759659367,1614064181328.0,0.18788157671605477,1.0,0.18788157671605477,1.0004169092699204,82035.0,0.7495653864420084,1538.45
6147645,long,reentry,1538.45,757566.0,1557.6425576903175,3295995.0,1310.9071796045491,0.0,0.12310539829048718,0.12310539829048718,100.72881888452257,194.81777828217244,453.06460065621496,321.48660354105937,-19.150821769367703,403.06460065621434,1.0559977787608958,1614064356979.0,0.18897082190248254,1.0,0.18897082190248254,1.0004168818249797,175651.0,0.7497824797865362,0.05
6186474,long,stop_loss_liq_diff,1378.4,-438368.0,1557.6425576903175,2857627.0,1296.794503396318,-36.59627712009665,0.07950667440510736,-36.51677044569154,100.80832555892768,179.11556699052505,416.5478302105234,321.48660354105937,-55.747098889464354,366.5478302105228,1.0537506466904218,1614067882950.0,0.04872306548779132,1.0,0.04872306548779132,1.0004009081523777,3525971.0,0.7545181637610715,0.05
6187426,long,stop_loss_liq_diff,1360.4,-380065.0,1557.6425576903175,2477562.0,1283.3077199760469,-35.377250381211276,0.06984434725080858,-35.30740603396047,100.87816990617848,163.93338239592205,381.2404241765629,321.48660354105937,-91.12434927067562,331.2404241765623,1.0514477323225468,1614067914292.0,0.04647462985564847,1.0,0.04647462985564847,1.0003840826643557,31342.0,0.7546342721116279,0.05
6290903,long,close,1558.75,-130398.0,1557.6425576903175,2347164.0,1269.3369435833633,0.05947682421202775,0.020913873295910185,0.08039069750793792,100.8990837794744,163.96795039585047,381.32081487407083,321.5460803652714,-91.12434927067562,331.32081487407027,1.0512336929729706,1614082534085.0,0.05010531459952118,1.0,0.05010531459952118,1.0003840499235663,14619793.0,0.7672545912193304,1529.75
6290921,long,close,1559.7,-130398.0,1557.6425576903175,2216766.0,1254.0420783711477,0.11043067336537168,0.02090113483362185,0.13133180819899354,100.91998491430802,164.02442307337603,381.4521466822698,321.6565110386368,-91.12434927067562,331.45214668226924,1.0512425672289358,1614082535991.0,0.18530410218968366,1.0,0.18530410218968366,1.000384042433429,1906.0,0.7672567865452863,1531.2
6290946,long,close,1560.7,-130398.0,1557.6425576903175,2086368.0,1237.2307790477869,0.16399928958532176,0.02088774267956686,0.18488703226488862,100.94087265698758,164.10392449724992,381.6370337145347,321.8205103282221,-91.12434927067562,331.63703371453414,1.0512550845156774,1614082536714.0,0.1959980263688747,1.0,0.1959980263688747,1.0003840614481847,723.0,0.7672598356091139,1532.65
6290961,long,close,1561.7,-130398.0,1557.6425576903175,1955970.0,1218.6741227091193,0.2174993028517993,0.02087436767625024,0.23837367052804953,100.96174702466384,164.20642517557698,381.8754073850628,322.0380096310739,-91.12434927067562,331.8754073850622,1.051271202174701,1614082538452.0,0.20687792618495027,1.0,0.20687792618495027,1.000384106880367,1738.0,0.7672616650474106,1534.1
6291008,long,close,1562.9,-139712.0,1557.6425576903175,1816258.0,1196.5313938632835,0.3017235646456038,0.022348198861091562,0.32407176350669537,100.98409522352493,164.34577603388487,382.1994791485695,322.33973319571953,-91.12434927067562,332.1994791485689,1.0512930261434024,1614082545651.0,0.21972396663628432,1.0,0.21972396663628432,1.000384194589057,7199.0,0.7672673972874064,1535.55
6291014,long,close,1563.45,-151354.0,1557.6425576903175,1664904.0,1169.459353810203,0.36093334471229394,0.024201925229460488,0.3851352699417544,101.0082971487544,164.51138419995985,382.58461441851125,322.7006665404318,-91.12434927067562,332.5846144185107,1.0513190638986873,1614082545841.0,1.0,1.0,1.0,1.0003843122802465,190.0,0.7672681290627251,1537.0
6291041,long,close,1562.55,-138742.0,1557.6425576903175,1526162.0,1141.3331409663147,0.27974441575572623,0.022198009663690763,0.301942425419417,101.03049515841809,164.64121944289016,382.88655684393063,322.98041095618754,-91.12434927067562,332.8865568439301,1.051339351742788,1614082553174.0,0.2514022827997676,1.0,0.2514022827997676,1.0003843887052402,7333.0,0.767271422051659,1538.45
6291073,long,close,1562.8,-138742.0,1557.6425576903175,1387420.0,1109.304840107685,0.29394841477268413,0.022194458663936528,0.3161428734366207,101.05268961708202,164.7771608784679,383.20269971736724,323.2743593709602,-91.12434927067562,333.2026997173667,1.0513606450395876,1614082556301.0,0.26905559514149374,1.0,0.26905559514149374,1.0003844719813602,3127.0,0.7672753248533584,1538.45
6291097,long,close,1563.15,-138742.0,1557.6425576903175,1248678.0,1072.5010374002175,0.31382638050182954,0.02218948917250424,0.3360158696743338,101.07487910625453,164.92164770242786,383.53871558704157,323.58818575146205,-91.12434927067562,333.53871558704105,1.0513832385184092,1614082560923.0,0.28977217484622253,1.0,0.28977217484622253,1.0003845648798055,4622.0,0.7672782519546328,1539.9
6291120,long,close,1560.5,-124867.0,1557.6425576903175,1123811.0,1034.4995872606846,0.1467890200687664,0.02000432553668696,0.16679334560545336,101.09488343179122,164.9933688410382,383.705508932647,323.7349747715308,-91.12434927067562,333.7055089326465,1.0513944541636855,1614082562698.0,0.3123450534413379,1.0,0.3123450534413379,1.0003845743730002,1775.0,0.7672810570933543,1541.35
6291123,long,close,1560.7,-124867.0,1557.6425576903175,998944.0,990.6141623665847,0.15704304738301486,0.0200017620298584,0.17704480941287326,101.11488519382108,165.0694981090857,383.8825537420598,323.8920178189138,-91.12434927067562,333.8825537420594,1.0514063809542853,1614082562780.0,0.33673168733686953,1.0,0.33673168733686953,1.0003845888666285,82.0,0.7672814229810136,1542.8
6291286,long,close,1558.75,-110993.0,1557.6425576903175,887951.0,945.5804838314888,0.05062586197461307,0.017801603849238172,0.06842746582385124,101.13268679767032,165.09892191938997,383.9509812078837,323.9426436808884,-91.12434927067562,333.9509812078832,1.051410667935523,1614082584224.0,0.362949091725669,1.0,0.362949091725669,1.000384549945636,21444.0,0.7673013028771698,1542.8
6291290,long,close,1558.75,-110993.0,1557.6425576903175,776958.0,893.364305052021,0.05062586197461307,0.017801603849238172,0.06842746582385124,101.15048840151955,165.12834572969422,384.0194086737075,323.993269542863,-91.12434927067562,334.01940867370706,1.0514152657250786,1614082584897.0,0.3933142025975306,1.0,0.3933142025975306,1.0003845110333325,673.0,0.7673017907273822,1544.25
6292157,long,reentry,1544.25,1439703.0,1548.9442021526763,2216661.0,1246.5651278834591,0.0,0.23307479358912092,0.23307479358912092,101.38356319510868,165.22856789093757,384.25248346729666,323.993269542863,-91.12434927067562,334.2524834672962,1.0514290483007473,1614082711928.0,0.42147111445925334,1.0,0.42147111445925334,1.0003845529637962,127031.0,0.7674075322609247,1523.2
6292689,long,close,1550.0,-116666.0,1548.9442021526763,2099995.0,1231.7380891667956,0.051304753881934055,0.018817096774193548,0.07012185065612761,101.40238029188288,165.2587202867197,384.32260531795276,324.04457429674494,-91.12434927067562,334.3226053179523,1.0514326984942124,1614082783082.0,0.1891995655901271,1.0,0.1891995655901271,1.0003845148706063,71154.0,0.7674724163391768,1524.6
6292826,long,close,1550.0,-110526.0,1548.9442021526763,1989469.0,1216.4651935293275,0.048604642548425794,0.01782677419354839,0.06643141674197418,101.42020706607643,165.28728579591873,384.38903673469474,324.09317893929335,-91.12434927067562,334.3890367346943,1.0514367336632353,1614082811984.0,0.20275851833864364,1.0,0.20275851833864364,1.0003844749753938,28902.0,0.7674891252089523,1524.6
6292853,long,close,1551.05,-117027.0,1548.9442021526763,1872442.0,1198.77432040102,0.10257491787649195,0.018862544727765062,0.12143746260425702,101.4390696108042,165.33950390483858,384.510474197299,324.19575385716985,-91.12434927067562,334.51047419729855,1.0514448511334287,1614082815308.0,0.21525968872088028,1.0,0.21525968872088028,1.0003844620577382,3324.0,0.7674924181978862,1526.0
6292878,long,close,1552.25,-124829.0,1548.9442021526763,1747613.0,1177.922928483691,0.171630450342092,0.02010452568851667,0.19173497603060868,101.45917413649272,165.42194994453172,384.7022091733296,324.36738430751194,-91.12434927067562,334.70220917332915,1.0514577076951008,1614082817545.0,0.22719551289258635,1.0,0.22719551289258635,1.00038448356836,2237.0,0.7674954672617138,1527.4
6292879,long,close,1552.35,-124829.0,1548.9442021526763,1622784.0,1154.7430102661285,0.17681086086510167,0.02010323058588592,0.1969140914509876,101.47927736707861,165.50662300385565,384.8991232647806,324.54419516837703,-91.12434927067562,334.89912326478014,1.0514709346392086,1614082817869.0,1.0,1.0,1.0,1.0003845075595847,324.0,0.767495589224267,1528.8
6292884,long,close,1552.55,-124829.0,1548.9442021526763,1497955.0,1128.8181521892627,0.1871696798846001,0.020100640881131043,0.20727032076573113,101.49937800795973,165.59574924178494,385.10639358554636,324.73136484826165,-91.12434927067562,335.1063935855459,1.051484824502827,1614082819913.0,0.2561323089083463,1.0,0.2561323089083463,1.0003845365588613,2044.0,0.7674961990370325,1528.8
6292889,long,close,1552.75,-124829.0,1548.9442021526763,1373126.0,1099.6325833072644,0.1975258303949249,0.020098051843503464,0.21762388223842838,101.51947605980324,165.68932751114744,385.32401746778476,324.92889067865656,-91.12434927067562,335.32401746778436,1.0514994175365513,1614082820913.0,0.27299661738309866,1.0,0.27299661738309866,1.0003845705539325,1000.0,0.767496808849798,1530.2
6292914,long,close,1551.65,-124829.0,1548.9442021526763,1248297.0,1066.593991080698,0.1405339648895497,0.020112299809879806,0.1606462646994295,101.53958835961312,165.7584054049682,385.48466373248414,325.0694246435461,-91.12434927067562,335.4846637324838,1.051510106173861,1614082826875.0,0.2911998302776432,1.0,0.2911998302776432,1.000384576642237,5962.0,0.7674998579136256,1531.6
6292917,long,close,1551.8,-124829.0,1548.9442021526763,1123468.0,1028.8067957736716,0.148310340637662,0.020110355715942777,0.16842069635360477,101.55969871532906,165.8308263044002,385.6530844288377,325.2177349841837,-91.12434927067562,335.6530844288374,1.0515213888260577,1614082827706.0,0.3126065858404292,1.0,0.3126065858404292,1.0003845864913499,831.0,0.7675002238012849,1533.0
6292938,long,close,1553.95,-140433.0,1548.9442021526763,983035.0,979.123816198018,0.2920583764088392,0.022592908394735996,0.3146512848035752,101.5822916237238,165.96612635686574,385.9677357136413,325.50979336059254,-91.12434927067562,335.967735713641,1.0515424559662419,1614082829174.0,0.33723713472030425,1.0,0.33723713472030425,1.0003846676378731,1468.0,0.7675027850149002,1534.4
6293036,long,close,1550.0,-109226.0,1548.9442021526763,873809.0,934.1969307756564,0.04803295773839961,0.01761709677419355,0.06565005451259316,101.599908720498,165.99435588030616,386.03338576815383,325.5578263183309,-91.12434927067562,336.0333857681536,1.0515466158237738,1614082845006.0,0.36771572361369154,1.0,0.36771572361369154,1.0003846272618486,15832.0,0.7675147373451046,1534.4
6293118,long,close,1550.0,-109226.0,1548.9442021526763,764583.0,882.1544862680796,0.04803295773839961,0.01761709677419355,0.06565005451259316,101.61752581727218,166.02258540374655,386.0990358226664,325.6058592760693,-91.12434927067562,336.0990358226662,1.0515508224521306,1614082857678.0,0.39583060257031116,1.0,0.39583060257031116,1.0003845868955734,12672.0,0.7675247382744592,1535.8
6293121,long,close,1550.0,-109226.0,1548.9442021526763,655357.0,821.1606496296437,0.04803295773839961,0.01761709677419355,0.06565005451259316,101.63514291404637,166.05081492718693,386.16468587717895,325.65389223380765,-91.12434927067562,336.16468587717884,1.0515551929620834,1614082859407.0,0.43090478919548436,1.0,0.43090478919548436,1.0003845465390442,1729.0,0.7675251041621185,1537.2
6293131,long,close,1550.0,-109226.0,1548.9442021526763,546131.0,748.688631967751,0.04803295773839961,0.01761709677419355,0.06565005451259316,101.65276001082056,166.07904445062735,386.2303359316915,325.701925191546,-91.12434927067562,336.23033593169146,1.0515595615949678,1614082861212.0,0.47020184545976085,1.0,0.47020184545976085,1.000384506192257,1805.0,0.7675263237876495,1537.2
6293179,long,close,1554.45,-136532.0,1548.9442021526763,409599.0,636.1149716578603,0.31220667432013893,0.021958248898324165,0.3341649232184631,101.67471825971889,166.22273536761128,386.56450085490997,326.01413186586615,-91.12434927067562,336.5645008549099,1.0515818344700694,1614082867245.0,0.5172398156057961,1.0,0.5172398156057961,1.0003845965427611,6033.0,0.7675321779901986,1538.6
6293184,long,close,1554.6,-409599.0,1548.9442021526763,0.0,0.0,0.96205151799708,0.06586887302199923,1.0279203910190793,101.74058713274088,166.66474113574947,387.592421245929,326.9761833838632,-91.12434927067562,337.59242124592896,1.0516505043861681,1614082867550.0,0.5908044310843265,1.0,0.5908044310843265,1.0003850235990634,305.0,0.7675327878029641,
6298492,long,entry,1521.4,271975.0,1521.4,271975.0,484.3615040973163,0.0,0.04469156697778362,0.04469156697778362,101.78527869971867,166.68395850954994,387.6371128129068,326.9761833838632,-91.12434927067562,337.63711281290676,1.0516339097886769,1614084166651.0,1.0,1.0,1.0,1.0003849729028815,1299101.0,0.7681801650348483,1513.4
6298618,long,close,1522.45,-271975.0,1521.4,0.0,0.0,0.12329113028781667,0.04466074419521166,0.16795187448302834,101.82993944391389,166.75617781557764,387.80506468738986,327.09947451415104,-91.12434927067562,337.8050646873898,1.0516449106584913,1614084179750.0,0.6810578447322844,1.0,0.6810578447322844,1.0003849819778188,13099.0,0.7681955323165397,
6298733,long,entry,1520.7,271999.0,1520.7,271999.0,484.13863877401826,0.0,0.04471608469783652,0.04471608469783652,101.87465552861173,166.7754057319977,387.8497807720877,327.09947451415104,-91.12434927067562,337.8497807720876,1.0516475928776754,1614084199556.0,1.0,1.0,1.0,1.0003849313085054,19806.0,0.7682095580101468,1512.0
6298765,long,close,1521.75,-271999.0,1520.7,0.0,0.0,0.12341551222666236,0.04468523081977986,0.16810074304644224,101.9193407594315,166.84768905150764,388.0178815151341,327.2228900263777,-91.12434927067562,338.0178815151341,1.0516587484036515,1614084202643.0,0.6814038965688218,1.0,0.6814038965688218,1.0003849404153158,3087.0,0.7682134608118462,
6298783,long,entry,1520.55,272121.0,1520.55,272121.0,484.0903670434896,0.0,0.044740554404656206,0.044740554404656206,101.96408131383616,166.86692748990166,388.06262206953875,327.2228900263777,-91.12434927067562,338.06262206953875,1.0516617063971125,1614084204147.0,1.0,1.0,1.0,1.000384889772807,1504.0,0.7682156561378021,1512.0
6298814,long,close,1521.6,-272121.0,1520.55,0.0,0.0,0.12349522114850964,0.04470968059936909,0.16820490174787872,102.00879099443553,166.93925559765327,388.23082697128666,327.3463852475262,-91.12434927067562,338.2308269712866,1.051672837467796,1614084208917.0,0.6814042139961897,1.0,0.6814042139961897,1.0003848988897577,4770.0,0.7682194369769484,
6298853,long,entry,1520.35,272234.0,1520.35,272234.0,484.02604549706876,0.0,0.044765021212220875,0.044765021212220875,102.05355601564774,166.95850455677453,388.2755919924989,327.3463852475262,-91.12434927067562,338.27559199249885,1.0516756605256794,1614084219373.0,1.0,1.0,1.0,1.0003848482740176,10456.0,0.7682241935165195,1512.0
6299254,long,reentry,1512.0,504449.0,1514.9267460469714,776683.0,875.0755584497829,0.0,0.08340757275132275,0.08340757275132275,102.13696358839907,166.99436981305757,388.3589995652502,327.3463852475262,-91.12434927067562,338.35899956525014,1.0516802392881148,1614084283977.0,0.6798663676066876,1.0,0.6798663676066876,1.000384816358227,64604.0,0.7682731005003148,1502.2
6299389,long,close,1516.0,-110954.0,1514.9267460469714,665729.0,815.5690427793212,0.051850700244595205,0.0182971635883905,0.07014786383298571,102.15526075198746,167.02453339450577,388.4291474290832,327.3982359477708,-91.12434927067562,338.4291474290831,1.0516845658900968,1614084306689.0,0.4205948762167894,1.0,0.4205948762167894,1.0003847780375557,22712.0,0.7682895654449841,1503.6
6299409,long,close,1516.0,-110954.0,1514.9267460469714,554775.0,744.6745653597322,0.051850700244595205,0.0182971635883905,0.07014786383298571,102.17355791557584,167.05469697595393,388.49929529291614,327.4500866480154,-91.12434927067562,338.4992952929161,1.0516891305869829,1614084313553.0,0.4619902086025984,1.0,0.4619902086025984,1.0003847397251435,6864.0,0.7682920046960462,1503.6
6299459,long,close,1516.0,-110955.0,1514.9267460469714,443820.0,658.7763407945516,0.05185116756168377,0.018297328496042216,0.070148496057726,102.19185524407189,167.08486082925876,388.56944378897384,327.50193781557704,-91.12434927067562,338.5694437889738,1.051693739802534,1614084317412.0,0.5087088468680638,1.0,0.5087088468680638,1.0003847014212937,3859.0,0.7682981028237014,1505.0
6299465,long,close,1517.1,-443820.0,1514.9267460469714,0.0,0.0,0.4196734603926076,0.0731362467866324,0.49280970717924,102.26499149085852,167.29676900334584,389.0622534961531,327.92161127596967,-91.12434927067562,339.062253496153,1.0517264871031355,1614084318683.0,0.5657803507929001,1.0,0.5657803507929001,1.0003848670580981,1271.0,0.76829883459902,
6299502,long,entry,1517.95,272387.0,1517.95,272387.0,483.2627704021922,0.0,0.044860996739023024,0.044860996739023024,102.30985248759754,167.31605923194363,389.10711449289215,327.92161127596967,-91.12434927067562,339.10711449289204,1.0517294009744114,1614084323115.0,1.0,1.0,1.0,1.0003848165053268,4432.0,0.7683033472134849,1509.2
6299543,long,close,1519.0,-272387.0,1517.95,0.0,0.0,0.12403962231987561,0.04482998683344305,0.16886960915331867,102.35468247443099,167.38867316387956,389.27598410204547,328.0456508982895,-91.12434927067562,339.27598410204536,1.0517405384610603,1614084328409.0,0.6815611686859566,1.0,0.6815611686859566,1.000384825724466,5294.0,0.7683083476781623,
6299682,long,entry,1517.5,272456.0,1517.5,272456.0,483.1197002837277,0.0,0.04488566721581549,0.04488566721581549,102.3995681416468,167.40797400078233,389.32086976926126,328.0456508982895,-91.12434927067562,339.32086976926115,1.0517429039190638,1614084369172.0,1.0,1.0,1.0,1.0003847751984085,40763.0,0.7683253004730439,1509.2
6299752,long,close,1518.55,-272456.0,1517.5,0.0,0.0,0.1241446131549121,0.04485463106252676,0.16899924421743887,102.44442277270932,167.48064367579585,389.4898690134787,328.1697955114444,-91.12434927067562,339.4898690134786,1.051754017648762,1614084376200.0,0.6813509875119693,1.0,0.6813509875119693,1.0003847844395786,7028.0,0.7683338378517613,
6310925,long,entry,1528.25,274536.0,1528.25,274536.0,486.5410991120628,0.0,0.044910191395386885,0.044910191395386885,102.4893329641047,167.49995505809585,389.5347792048741,328.1697955114444,-91.12434927067562,339.534779204874,1.05170437373132,1614087864977.0,1.0,1.0,1.0,1.0003847339401266,3488777.0,0.7696965254576096,1519.0
6312527,long,reentry,1519.0,508715.0,1522.2422020527265,783251.0,879.4418280821075,0.0,0.08372531270572744,0.08372531270572744,102.57305827681043,167.53595694255932,389.6185045175798,328.1697955114444,-91.12434927067562,339.6185045175797,1.0517048013107282,1614088204934.0,0.6796859020296503,1.0,0.6796859020296503,1.0003847021282744,339957.0,0.7698919094676847,1509.2
6314349,long,close,1523.3,-111893.0,1522.2422020527265,671358.0,819.6504213908911,0.05104302893356039,0.01836358563644719,0.06940661457000757,102.59142186244688,167.56580178682444,389.68791113214985,328.220838540378,-91.12434927067562,339.68791113214974,1.0517036987576447,1614088583397.0,0.4188198334112428,1.0,0.4188198334112428,1.000384663434976,378463.0,0.770114125239443,1510.6
6314567,long,close,1526.75,-134271.0,1522.2422020527265,537087.0,732.3002982154785,0.2604323790245869,0.021986409038807924,0.2824187880633948,102.61340827148568,167.68724186569168,389.9703299202132,328.48127091940256,-91.12434927067562,339.97032992021315,1.0517218764320664,1614088618474.0,0.4620127850146755,1.0,0.4620127850146755,1.0003847271071626,35077.0,0.77014071307602,1512.0
6314603,long,close,1527.65,-134271.0,1522.2422020527265,402816.0,621.8000863958791,0.3122446871709064,0.021973455961771346,0.3342181431326778,102.63538172744745,167.83095566723873,390.30454806334586,328.79351560657346,-91.12434927067562,340.3045480633458,1.0517438667256767,1614088627077.0,0.5203849112778082,1.0,0.5203849112778082,1.000384815516871,8603.0,0.7701451037279318,1512.0
6314645,long,close,1527.55,-402816.0,1522.2422020527265,0.0,0.0,0.9194791849667512,0.06592517429871363,0.9854043592654648,102.70130690174616,168.25467954172288,391.28995242261135,329.7129947915402,-91.12434927067562,341.2899524226113,1.0518088090683626,1614088638234.0,0.5929162418436746,1.0,0.5929162418436746,1.0003852156677142,11157.0,0.7701502261551623,
6316175,long,entry,1515.0,273414.0,1515.0,273414.0,482.32329178653885,0.0,0.04511782178217822,0.04511782178217822,102.74642472352835,168.2740802050892,391.33507024439353,329.7129947915402,-91.12434927067562,341.3350702443935,1.0518076544884376,1614088911939.0,1.0,1.0,1.0,1.0003851651442748,273705.0,0.7703368288614137,1506.4
6316279,long,close,1516.05,-273414.0,1515.0,0.0,0.0,0.12499248143869374,0.04508657366181854,0.17007905510051227,102.79151129719017,168.34721419878244,391.50514929949406,329.8379872729789,-91.12434927067562,341.505149299494,1.0518188708586544,1614088912153.0,0.6810136623877922,1.0,0.6810136623877922,1.0003851743968917,214.0,0.7703495129669367,
6316334,long,entry,1514.55,273483.0,1514.55,273483.0,482.1798910511693,0.0,0.04514261661879766,0.04514261661879766,102.83665391380897,168.36662552392855,391.5502919161129,329.8379872729789,-91.12434927067562,341.5502919161128,1.05182180950919,1614088914701.0,1.0,1.0,1.0,1.0003851239000718,2548.0,0.7703562209073574,1506.4
6316497,long,reentry,1506.4,506763.0,1509.256645788636,780246.0,871.7729548549657,0.0,0.08410166622411046,0.08410166622411046,102.92075558003309,168.4027892404049,391.634393582337,329.8379872729789,-91.12434927067562,341.63439358233694,1.0518272670644273,1614088920528.0,0.679901821587832,1.0,0.679901821587832,1.000385092035702,5827.0,0.7703761008035137,1496.6
6316685,long,close,1510.3,-111463.0,1509.256645788636,668783.0,812.4900405407857,0.05101949809219698,0.018450473415877643,0.06946997150807463,102.93920605344897,168.4326613281534,391.7038635538451,329.88900677107114,-91.12434927067562,341.703863553845,1.0518317193364797,1614088928977.0,0.4204985842025022,1.0,0.4204985842025022,1.0003850531860965,8449.0,0.7703990297634975,1498.0
6316722,long,close,1510.3,-111463.0,1509.256645788636,557320.0,741.862141911993,0.05101949809219698,0.018450473415877643,0.06946997150807463,102.95765652686485,168.46253341590187,391.7733335253532,329.94002626916335,-91.12434927067562,341.77333352535305,1.0518362283378628,1614088933616.0,0.46196275707517004,1.0,0.46196275707517004,1.0003850143451372,4639.0,0.7704035423779625,1498.0
6316724,long,close,1510.3,-111464.0,1509.256645788636,445856.0,656.2871885218104,0.05101995581806199,0.01845063894590479,0.06947059476396678,102.97610716581076,168.4924057716504,391.8428041201172,329.9910462249814,-91.12434927067562,341.842804120117,1.0518408058615165,1614088933668.0,1.0,1.0,1.0,1.0003849755131191,52.0,0.7704037863030686,1499.4
6316726,long,close,1510.4,-445856.0,1509.256645788636,0.0,0.0,0.22362499164717617,0.07379766949152543,0.2974226611387016,103.04990483530229,168.62029751594002,392.1402267812559,330.2146712166286,-91.12434927067562,342.1402267812557,1.051860397729267,1614088933680.0,1.0,1.0,1.0,1.0003850454178376,12.0,0.7704040302281748,
6316730,long,entry,1510.5,273194.0,1510.5,273194.0,480.8903521079053,0.0,0.045215822575306194,0.045215822575306194,103.09512065787759,168.63974031964742,392.1854426038312,330.2146712166286,-91.12434927067562,342.185442603831,1.0518633736207148,1614088933768.0,1.0,1.0,1.0,1.0003849950017387,88.0,0.7704045180783873,1502.2
6316755,long,close,1511.55,-273194.0,1510.5,0.0,0.0,0.1256368990878755,0.04518441335053422,0.17082131243840973,103.14030507122813,168.7131934839959,392.35626391626954,330.3403081157164,-91.12434927067562,342.3562639162694,1.0518745954047861,1614088935281.0,0.6816139088268636,1.0,0.6816139088268636,1.0003850044498561,1513.0,0.7704075671422149,
6341156,long,entry,1566.05,283397.0,1566.05,283397.0,498.575530598732,0.0,0.04524073305450017,0.04524073305450017,103.18554580428263,168.73264699920935,392.40150464932407,330.3403081157164,-91.12434927067562,342.40150464932395,1.0518087008973003,1614093497621.0,1.0,1.0,1.0,1.0003849540602494,4562340.0,0.7733835754005434,1557.3
6341220,long,close,1567.15,-283397.0,1566.05,0.0,0.0,0.12701989307969494,0.045208978081230256,0.1722288711609252,103.23075478236386,168.80670541380854,392.573733520485,330.46732800879613,-91.12434927067562,342.5737335204849,1.0518198992920167,1614093505406.0,0.6812482622518735,1.0,0.6812482622518735,1.0003849641376303,7785.0,0.7733913810039421,
6341225,long,entry,1565.85,283518.0,1565.85,283518.0,498.51202183319884,0.0,0.04526583006035061,0.04526583006035061,103.2760206124242,168.8261697207345,392.6189993505454,330.46732800879613,-91.12434927067562,342.61899935054527,1.051822833270026,1614093508010.0,1.0,1.0,1.0,1.0003849137743837,2604.0,0.7733919908167076,1557.3
6341233,long,close,1566.95,-283518.0,1565.85,0.0,0.0,0.12710657791605287,0.0452340534158716,0.17234063133192445,103.32125466584007,168.90027619220723,392.7913399818773,330.59443458671217,-91.12434927067562,342.7913399818772,1.0518341209369793,1614093509953.0,0.6817263475495123,1.0,0.6817263475495123,1.0003849238632736,1943.0,0.7733929665171324,
6341267,long,entry,1565.7,283648.0,1565.7,283648.0,498.46428945755304,0.0,0.04529092418726448,0.04529092418726448,103.36654559002734,168.91975128960775,392.83663090606456,330.59443458671217,-91.12434927067562,342.83663090606444,1.0518370037000468,1614093515954.0,1.0,1.0,1.0,1.0003848735263512,6001.0,0.773397113243938,1557.3
6341459,long,close,1566.8,-283648.0,1565.7,0.0,0.0,0.12718921778395587,0.04525912688281849,0.17244834466677436,103.41180471691015,168.99390407781445,393.0090792507313,330.7216238044961,-91.12434927067562,343.0090792507312,1.0518478595372673,1614093546580.0,0.6807887743219538,1.0,0.6807887743219538,1.0003848836247748,30626.0,0.7734205300541342,
6341568,long,entry,1564.8,283642.0,1564.8,283642.0,498.1776406268156,0.0,0.04531601482617587,0.04531601482617587,103.45712073173632,169.0133899641897,393.0543952655575,330.7216238044961,-91.12434927067562,343.0543952655574,1.051850514984292,1614093567646.0,1.0,1.0,1.0,1.0003848333141412,21066.0,0.7734338239724228,1555.85
6341713,long,close,1565.9,-283642.0,1564.8,0.0,0.0,0.12733282153088157,0.04528418162079315,0.17261700315167472,103.50240491335711,169.08761527554495,393.2270122687092,330.848956626027,-91.12434927067562,343.2270122687091,1.0518615704515535,1614093585352.0,0.6809927700657538,1.0,0.6809927700657538,1.0003848434509772,17706.0,0.7734515085426231,
6341739,long,entry,1564.2,283691.0,1564.2,283691.0,497.98726622301365,0.0,0.045341228743127474,0.045341228743127474,103.54774614210024,169.10711200390452,393.27235349745234,330.848956626027,-91.12434927067562,343.27235349745223,1.0518644541216697,1614093591291.0,1.0,1.0,1.0,1.000384793166649,5939.0,0.7734546795690038,1555.85
6341743,long,close,1565.3,-283691.0,1564.2,0.0,0.0,0.12745250525122598,0.045309365616814666,0.17276187086804065,103.59305550771705,169.18139960837775,393.44511536832033,330.9764091312782,-91.12434927067562,343.4451153683203,1.051875746078391,1614093593544.0,1.0,1.0,1.0,1.0003848033304963,2253.0,0.7734551674192163,
6341796,long,entry,1564.05,283821.0,1564.05,283821.0,497.939355060704,0.0,0.04536635657427832,0.04536635657427832,103.63842186429133,169.20090714170468,393.4904817248946,330.9764091312782,-91.12434927067562,343.49048172489455,1.0518785349068993,1614093605766.0,1.0,1.0,1.0,1.0003847530723937,12222.0,0.7734616314345308,1555.85
6341823,long,close,1565.15,-283821.0,1564.05,0.0,0.0,0.12753536014239378,0.04533447273424272,0.1728698328766365,103.68375633702557,169.27524116984162,393.66335155777125,331.10394449142063,-91.12434927067562,343.6633515577712,1.051889816354621,1614093608774.0,0.6814920810690479,1.0,0.6814920810690479,1.000384763245677,3008.0,0.7734649244234647,
6341849,long,entry,1563.9,283951.0,1563.9,283951.0,497.8913644666078,0.0,0.045391489225653815,0.045391489225653815,103.72914782625122,169.29475951020868,393.7087430469969,331.10394449142063,-91.12434927067562,343.70874304699686,1.0518926677477758,1614093616851.0,1.0,1.0,1.0,1.0003847130137686,8077.0,0.7734680954498455,1554.4
6341884,long,close,1565.0,-283951.0,1563.9,0.0,0.0,0.12761824446828096,0.04535958466453674,0.1729778291328177,103.77450741091576,169.3691399767358,393.88172087612975,331.23156273588893,-91.12434927067562,343.8817208761297,1.0519038827608052,1614093624317.0,0.6815533326085016,1.0,0.6815533326085016,1.0003847231964562,7466.0,0.7734723641392042,
6341917,long,entry,1563.7,284072.0,1563.7,284072.0,497.827477041981,0.0,0.045416640020464284,0.045416640020464284,103.81992405093622,169.3886691319446,393.9271375161502,331.23156273588893,-91.12434927067562,343.92713751615014,1.051906646948319,1614093638167.0,1.0,1.0,1.0,1.0003846729907173,13850.0,0.7734763889034566,1554.4
6341937,long,close,1564.8,-284072.0,1563.7,0.0,0.0,0.12770527613116278,0.045384713701431496,0.17308998983259427,103.86530876463766,169.4630978275726,394.1002275059828,331.3592680120201,-91.12434927067562,344.10022750598273,1.0519178810062517,1614093644446.0,0.6815432739216498,1.0,0.6815432739216498,1.000384683184731,6279.0,0.7734788281545187,
6341949,long,entry,1563.6,284212.0,1563.6,284212.0,497.7963499913328,0.0,0.04544192888206702,0.04544192888206702,103.91075069351973,169.4826378569919,394.1456694348648,331.3592680120201,-91.12434927067562,344.14566943486477,1.0519208205291894,1614093646689.0,1.0,1.0,1.0,1.0003846330051929,2243.0,0.773480291705156,1554.4
6342404,long,close,1564.7,-284212.0,1563.6,0.0,0.0,0.12778455108397294,0.04540998274429603,0.17319453382826897,103.95616067626403,169.557111506538,394.31886396869305,331.48705256310404,-91.12434927067562,344.31886396869305,1.0519309724161643,1614093724624.0,0.6799354786913567,1.0,0.6799354786913567,1.0003846432068817,77935.0,0.773535784666819,
6342655,long,entry,1561.3,283951.0,1561.3,283951.0,497.06365565671297,0.0,0.04546707871645424,0.04546707871645424,104.00162775498049,169.57666235038607,394.3643310474095,331.48705256310404,-91.12434927067562,344.3643310474095,1.0519333333847023,1614093765149.0,1.0,1.0,1.0,1.000384593053446,40525.0,0.7735663972676485,1552.95
6342909,long,reentry,1552.95,526161.0,1555.8767445118701,810112.0,898.6937094568996,0.0,0.08470346759393413,0.08470346759393413,104.08633122257443,169.6130848414515,394.44903451500346,331.48705256310404,-91.12434927067562,344.44903451500346,1.051938308795455,1614093802396.0,0.6799126436623654,1.0,0.6799126436623654,1.0003845614408893,37247.0,0.7735973757561373,1542.8
6343106,long,close,1556.95,-115730.0,1555.8767445118701,694382.0,837.5793244558123,0.05127423809475446,0.018582806127364397,0.06985704422211886,104.1049140287018,169.643123370467,394.5188915592256,331.5383268011988,-91.12434927067562,344.5188915592256,1.0519424995032165,1614093827271.0,0.4209447748344719,1.0,0.4209447748344719,1.0003845228250978,24875.0,0.7736214023790992,1544.25
6343150,long,close,1560.5,-138876.0,1555.8767445118701,555506.0,748.2985063432935,0.2644454691871382,0.02224863825696892,0.2866941074441071,104.12716266695877,169.766401836668,394.80558566666974,331.80277227038596,-91.12434927067562,344.80558566666974,1.0519611683977368,1614093831530.0,0.46226288876745486,1.0,0.46226288876745486,1.0003845864856222,4259.0,0.7736267687314358,1544.25
6343165,long,close,1561.4,-138876.0,1555.8767445118701,416630.0,635.3637751746581,0.3157424448020246,0.022235814013065198,0.3379782588150898,104.14939848097184,169.9117324879585,395.14356392548484,332.118514715188,-91.12434927067562,345.14356392548484,1.0519832335823993,1614093831667.0,1.0,1.0,1.0,1.000384674181431,137.0,0.7736285981697324,1545.7
6343167,long,close,1561.45,-416630.0,1555.8767445118701,0.0,0.0,0.955776216882478,0.0667056261807935,1.0224818430632716,104.21610410715263,170.3513996804757,396.16604576854814,333.0742909320705,-91.12434927067562,346.1660457685481,1.0520498796690017,1614093831786.0,0.5931328283973757,1.0,0.5931328283973757,1.0003850835053556,119.0,0.7736288420948386,
6343422,long,entry,1558.65,284797.0,1558.65,284797.0,496.220040410627,0.0,0.04568007570654091,0.04568007570654091,104.26178418285917,170.3710421130295,396.21172584425466,333.0742909320705,-91.12434927067562,346.2117258442546,1.0520523324967948,1614093866169.0,1.0,1.0,1.0,1.00038503332598,34383.0,0.7736599425458804,1550.05
6343452,long,close,1559.75,-284797.0,1558.65,0.0,0.0,0.12886189011620763,0.04564786023401186,0.17450975035021948,104.30743204309319,170.44608130568008,396.38623559460484,333.20315282218667,-91.12434927067562,346.38623559460484,1.0520636151080958,1614093871067.0,0.6813894247580167,1.0,0.6813894247580167,1.0003850436292225,4898.0,0.7736636014224737,
6343485,long,entry,1558.45,284919.0,1558.45,284919.0,496.1566960653372,0.0,0.04570550867849466,0.04570550867849466,104.35313755177168,170.46573467441183,396.43194110328335,333.20315282218667,-91.12434927067562,346.43194110328335,1.0520665160452647,1614093875865.0,1.0,1.0,1.0,1.0003849934759401,4798.0,0.7736676261867261,1550.05
6343499,long,close,1559.55,-284919.0,1558.45,0.0,0.0,0.12895017036029155,0.045673271135904595,0.17462344149619613,104.39881082290759,170.5408227542552,396.60656454477953,333.33210299254694,-91.12434927067562,346.60656454477953,1.0520778274851685,1614093878939.0,0.6814914485216901,1.0,0.6814914485216901,1.000385003790588,3074.0,0.7736693336624696,
6343530,long,entry,1558.35,285059.0,1558.35,285059.0,496.1247656653885,0.0,0.04573090127378317,0.04573090127378317,104.44454172418138,170.56048704180293,396.6522954460533,333.33210299254694,-91.12434927067562,346.6522954460533,1.0520807355123227,1614093883270.0,1.0,1.0,1.0,1.0003849536633462,4331.0,0.7736731145016159,1550.05
6343600,long,close,1559.45,-285059.0,1558.35,0.0,0.0,0.12903008471236244,0.045698643752605086,0.1747287284649675,104.49024036793398,170.63562039504285,396.8270241745183,333.4611330772593,-91.12434927067562,346.8270241745183,1.0520918128754562,1614093901829.0,0.6814608246129126,1.0,0.6814608246129126,1.0003849639854099,18559.0,0.7736816518803332,
6343620,long,entry,1558.05,285162.0,1558.05,285162.0,496.02860013636996,0.0,0.04575623375373063,0.04575623375373063,104.53599660168771,170.65529557555695,396.872780408272,333.4611330772593,-91.12434927067562,346.872780408272,1.052094695947481,1614093907806.0,1.0,1.0,1.0,1.000384913884148,5977.0,0.7736840911313954,1548.6
6343735,long,close,1559.15,-285162.0,1558.05,0.0,0.0,0.12912640125484162,0.04572395215341692,0.17485035340825855,104.58172055384114,170.7304812275225,397.04763076168024,333.59025947851416,-91.12434927067562,347.04763076168024,1.05210555772828,1614093940688.0,0.6811540784621907,1.0,0.6811540784621907,1.0003849242212304,32882.0,0.7736981168250026,
6343783,long,entry,1557.55,285229.0,1557.55,285229.0,495.86945873912816,0.0,0.04578167635067895,0.04578167635067895,104.62750223019182,170.75016734835327,397.0934124380309,333.59025947851416,-91.12434927067562,347.0934124380309,1.0521083742021218,1614093951056.0,1.0,1.0,1.0,1.000384874145965,10368.0,0.7737039710275516,1548.6
6343801,long,close,1558.65,-285229.0,1557.55,0.0,0.0,0.12923964709398997,0.04574936643890546,0.17498901353289542,104.67325159663073,170.8254126241724,397.26840145156376,333.71949912560814,-91.12434927067562,347.2684014515638,1.0521196489087552,1614093956881.0,0.6816043028514651,1.0,0.6816043028514651,1.0003848845059689,5825.0,0.7737061663535075,
6343818,long,entry,1557.45,285370.0,1557.45,285370.0,495.83849322619557,0.0,0.04580724902886128,0.04580724902886128,104.71905884565959,170.84510974125484,397.31420870059264,333.71949912560814,-91.12434927067562,347.3142087005927,1.0521225242829633,1614093963365.0,1.0,1.0,1.0,1.0003848344567237,6484.0,0.7737082397169103,1548.6
6343837,long,close,1558.55,-285370.0,1557.45,0.0,0.0,0.12932013456542138,0.04577491899521992,0.1750950535606413,104.76483376465481,170.9204006142859,397.4893037541533,333.84881926017357,-91.12434927067562,347.48930375415335,1.0521338193825405,1614093967889.0,0.681552619873353,1.0,0.681552619873353,1.0003848448243304,4524.0,0.7737105570054192,
6343904,long,entry,1557.2,285482.0,1557.2,285482.0,495.7578859378248,0.0,0.045832584125353196,0.045832584125353196,104.81066634878016,170.94010862545983,397.5351363382787,333.84881926017357,-91.12434927067562,347.53513633827873,1.0521365082652923,1614093986665.0,1.0,1.0,1.0,1.0003847948009617,18776.0,0.7737187284964774,1548.6
6344145,long,close,1558.3,-285482.0,1557.2,0.0,0.0,0.1294124174751605,0.045800231020984405,0.1752126484961449,104.85646657980115,171.01545006431317,397.7103489867748,333.97823167764875,-91.12434927067562,347.7103489867749,1.0521471010044379,1614094037565.0,0.6805683724627418,1.0,0.6805683724627418,1.0003848051815205,50900.0,0.7737481214717757,
6344165,long,entry,1556.3,285476.0,1556.3,285476.0,495.4717543272449,0.0,0.045858125040159355,0.045858125040159355,104.9023247048413,171.03516905808044,397.756207111815,333.97823167764875,-91.12434927067562,347.75620711181506,1.0521499709448152,1614094044404.0,1.0,1.0,1.0,1.00038475518409,6839.0,0.7737505607228379,1547.15
6344357,long,close,1557.4,-285476.0,1556.3,0.0,0.0,0.12955936187023318,0.04582573519969179,0.17538509706992497,104.94815044004099,171.1105846498205,397.9315922088849,334.107791039519,-91.12434927067562,347.931592208885,1.0521605038979798,1614094099548.0,0.680732164232718,1.0,0.680732164232718,1.0003847656031193,55144.0,0.7737739775330341,
6347782,long,entry,1555.3,285451.0,1555.3,285451.0,495.15306181459766,0.0,0.04588359159004694,0.04588359159004694,104.99403403163103,171.13031459420424,397.97747580047496,334.107791039519,-91.12434927067562,347.977475800475,1.0521533067479367,1614094769746.0,1.0,1.0,1.0,1.0003847156315508,670198.0,0.7741916992774207,1547.15
6347802,long,close,1556.4,-285451.0,1555.3,0.0,0.0,0.12971459971487423,0.04585116294011822,0.17556576265499246,105.03988519457116,171.20580787214587,398.15304156312993,334.23750563923386,-91.12434927067562,348.15304156313,1.0521646521765935,1614094771564.0,0.6815019060144744,1.0,0.6815019060144744,1.0003847260927576,1818.0,0.7741941385284827,
6347824,long,entry,1555.2,285592.0,1555.2,285592.0,495.1218350104496,0.0,0.04590920781893004,0.04590920781893004,105.08579440239009,171.225548831508,398.19895077094884,334.23750563923386,-91.12434927067562,348.1989507709489,1.0521675579912222,1614094776001.0,1.0,1.0,1.0,1.000384676147078,4437.0,0.7741968217046511,1545.7
6347830,long,close,1556.3,-285592.0,1555.2,0.0,0.0,0.12979535719546753,0.04587675897963118,0.1756721161750987,105.13167116136972,171.3010878414633,398.37462288712396,334.3673009964293,-91.12434927067562,348.374622887124,1.0521789109372883,1614094777369.0,0.6817983065485542,1.0,0.6817983065485542,1.0003846866157504,1368.0,0.7741975534799698,
6347970,long,entry,1554.8,285677.0,1554.8,285677.0,494.9939595316325,0.0,0.04593468613326473,0.04593468613326473,105.17760584750299,171.3208397565006,398.4205575732572,334.3673009964293,-91.12434927067562,348.42055757325727,1.0521814327384726,1614094807102.0,1.0,1.0,1.0,1.0003846366958629,29733.0,0.7742146282374045,1545.7
6348051,long,close,1555.9,-285677.0,1554.8,0.0,0.0,0.1299007770334601,0.04590221093900636,0.17580298797246646,105.223508058442,171.39643504132877,398.5963605612297,334.4972017734628,-91.12434927067562,348.59636056122974,1.052192367930226,1614094836126.0,0.6813480368664655,1.0,0.6813480368664655,1.000384647183357,29024.0,0.7742245072042061,
6348461,long,entry,1553.6,285616.0,1553.6,285616.0,494.6126378169455,0.0,0.04596035015447992,0.04596035015447992,105.26946840859647,171.4161979918952,398.64232091138416,334.4972017734628,-91.12434927067562,348.6423209113842,1.052194127433656,1614094916053.0,1.0,1.0,1.0,1.0003845972893122,79927.0,0.7742745118509793,1544.25
6348984,long,reentry,1544.25,529246.0,1547.5272538172107,814862.0,894.0419683599938,0.0,0.08568010361016676,0.08568010361016676,105.35514851220664,171.45304043644757,398.72800101499433,334.4972017734628,-91.12434927067562,348.7280010149944,1.052198042166567,1614095023187.0,0.6796965174090498,1.0,0.6796965174090498,1.0003845658667376,107134.0,0.7743382982662536,1534.4
6349699,long,close,1548.6,-116408.0,1547.5272538172107,698454.0,833.2579116831972,0.05210774082893447,0.018792457703732408,0.07090019853266688,105.37394096991038,171.48352752181663,398.798901213527,334.54930951429174,-91.12434927067562,348.7989012135271,1.0522013610237788,1614095106540.0,0.41782772132578383,1.0,0.41782772132578383,1.0003845275828496,83353.0,0.774425501491724,1535.8
6349780,long,close,1552.15,-139690.0,1547.5272538172107,558764.0,744.4547066400728,0.2688396804804587,0.02249943626582482,0.29133911674628354,105.3964404061762,171.60880334201752,399.09024033027333,334.8181491947722,-91.12434927067562,349.09024033027333,1.0522201465013417,1614095109488.0,0.4622581319201076,1.0,0.4622581319201076,1.0003845916246905,2948.0,0.7744353804585256,1535.8
6349797,long,close,1553.0,-139691.0,1547.5272538172107,419073.0,632.1200676378118,0.3181002212077905,0.022487282678686413,0.34058750388647696,105.41892768885488,171.75525596868872,399.4308278341598,335.13624941598,-91.12434927067562,349.4308278341598,1.0522421226621215,1614095110816.0,0.5205418260835495,1.0,0.5205418260835495,1.0003846783743353,1328.0,0.7744374538219283,1537.2
6349798,long,close,1553.05,-419073.0,1547.5272538172107,0.0,0.0,0.9629883231367213,0.06745967612118091,1.0304479992579023,105.48638736497605,172.1983486083696,400.4612758334177,336.0992377391167,-91.12434927067562,350.4612758334177,1.0523085593688906,1614095110947.0,1.0,1.0,1.0,1.0003850841308335,131.0,0.7744375757844815,
6351181,long,entry,1545.95,285539.0,1545.95,285539.0,492.17672971735874,0.0,0.046175329085675475,0.046175329085675475,105.53256269406172,172.21820399987644,400.50745116250334,336.0992377391167,-91.12434927067562,350.50745116250334,1.0523070417970397,1614095406061.0,1.0,1.0,1.0,1.000385034211286,295114.0,0.7746062499954264,1537.2
6351210,long,close,1547.05,-285539.0,1545.95,0.0,0.0,0.13132830094497888,0.046142497010439223,0.1774707979554181,105.57870519107216,172.29451644299726,400.6849219604588,336.23056604006166,-91.12434927067562,350.6849219604588,1.0523182944054492,1614095417283.0,0.681480242222781,1.0,0.681480242222781,1.0003850449547103,11222.0,0.7746097869094665,
6351233,long,entry,1545.8,285671.0,1545.8,285671.0,492.12927833161996,0.0,0.04620115797645232,0.04620115797645232,105.62490634904862,172.31438294092715,400.7311231184352,336.23056604006166,-91.12434927067562,350.7311231184352,1.0523211869214864,1614095422574.0,1.0,1.0,1.0,1.000384995060894,5291.0,0.7746125920481879,1537.2
6351254,long,close,1546.9,-285671.0,1545.8,0.0,0.0,0.13141450326228496,0.046168304350636756,0.17758280761292172,105.67107465339924,172.3907435482007,400.9087059260482,336.36198054332397,-91.12434927067562,350.9087059260481,1.0523324354196695,1614095434124.0,0.6815315612944929,1.0,0.6815315612944929,1.0003850058135348,11550.0,0.7746151532618031,
6351278,long,entry,1545.7,285812.0,1545.7,285812.0,492.0973735113624,0.0,0.0462269521899463,0.0462269521899463,105.71730160558918,172.4106211376424,400.95493287823814,336.36198054332397,-91.12434927067562,350.9549328782381,1.0523352717613088,1614095443105.0,1.0,1.0,1.0,1.0003849559454012,8981.0,0.7746180803630777,1537.2
6351351,long,close,1546.8,-285812.0,1545.7,0.0,0.0,0.13149637292201022,0.0461940780967158,0.17769045101872602,105.7634956836859,172.48702803158045,401.1326233292569,336.493476916246,-91.12434927067562,351.13262332925683,1.0523462808721225,1614095470414.0,0.6813666320180249,1.0,0.6813666320180249,1.0003849667051976,27309.0,0.7746269836294544,
6355462,long,entry,1542.3,285342.0,1542.3,285342.0,491.01422455861353,0.0,0.04625267457693056,0.04625267457693056,105.80974835826284,172.50691668164853,401.1788760038338,336.493476916246,-91.12434927067562,351.17887600383375,1.0523319267871594,1614096608615.0,1.0,1.0,1.0,1.0003849168626813,1138201.0,0.7751283716852713,1533.0
6355692,long,close,1543.35,-285342.0,1542.3,0.0,0.0,0.12586985014619453,0.04622120711439402,0.17209105726058854,105.85596956537724,172.5809158362706,401.3509670610944,336.6193467663922,-91.12434927067562,351.35096706109437,1.0523421229659404,1614096665047.0,0.680786487739817,1.0,0.680786487739817,1.0003849250011834,56432.0,0.7751564230724856,
6355712,long,entry,1541.45,285340.0,1541.45,285340.0,490.743647454946,0.0,0.04627785526614551,0.04627785526614551,105.90224742064338,172.60081531403506,401.3972449163606,336.6193467663922,-91.12434927067562,351.39724491636053,1.052344838517626,1614096681898.0,1.0,1.0,1.0,1.0003848751847915,16851.0,0.7751588623235476,1533.0
6355966,long,reentry,1533.0,528735.0,1535.9617946749377,814075.0,887.2239553663713,0.0,0.08622553816046967,0.08622553816046967,105.98847295880384,172.63789229544406,401.48347045452107,336.6193467663922,-91.12434927067562,351.483470454521,1.0523493136947488,1614096751626.0,0.6798593205982478,1.0,0.6798593205982478,1.0003848437706502,69728.0,0.7751898408120365,1523.2
6356294,long,close,1537.05,-116296.0,1535.9617946749377,697779.0,826.8909679810225,0.05360523641162593,0.01891545492989818,0.07252069134152411,106.00738841373374,172.66907619272092,401.5559911458626,336.6729520028038,-91.12434927067562,351.55599114586255,1.052353325175085,1614096793939.0,0.41947002855043425,1.0,0.41947002855043425,1.0003848060545302,42313.0,0.7752298445294551,1523.2
6356376,long,close,1537.05,-116296.0,1535.9617946749377,581483.0,755.0118508008711,0.05360523641162593,0.01891545492989818,0.07252069134152411,106.02630386866363,172.70026008999778,401.62851183720414,336.7265572392154,-91.12434927067562,351.6285118372041,1.0523577003711233,1614096812302.0,0.46106304635271944,1.0,0.46106304635271944,1.000384768346315,18363.0,0.7752398454588098,1524.6
6356432,long,close,1537.05,-116296.0,1535.9617946749377,465187.0,667.9214653737542,0.05360523641162593,0.01891545492989818,0.07252069134152411,106.04521932359353,172.73144398727464,401.7010325285457,336.78016247562704,-91.12434927067562,351.7010325285456,1.0523621411164659,1614096826303.0,0.5085678062935717,1.0,0.5085678062935717,1.0003847306460019,14001.0,0.7752466753617836,1526.0
6356435,long,close,1537.45,-465187.0,1535.9617946749377,0.0,0.0,0.2931629003602749,0.07564262252430973,0.3688055228845847,106.12086194611784,172.89003036211503,402.0698380514303,337.07332537598734,-91.12434927067562,352.0698380514302,1.0523857763962434,1614096827590.0,0.565551277888803,1.0,0.565551277888803,1.0003848290654762,1287.0,0.7752470412494429,
6356439,long,entry,1537.55,285128.0,1537.55,285128.0,489.502198386229,0.0,0.04636076875548763,0.04636076875548763,106.16722271487333,172.90996549267987,402.1161988201858,337.07332537598734,-91.12434927067562,352.11619882018573,1.052388728269123,1614096828914.0,1.0,1.0,1.0,1.000384779321961,1324.0,0.7752475290996553,1528.8
6356455,long,close,1538.6,-285128.0,1537.55,0.0,0.0,0.12655350888668362,0.046329130378265956,0.17288263926494957,106.2135518452516,172.9843050275638,402.2890814594507,337.199878884874,-91.12434927067562,352.2890814594507,1.0523997546746091,1614096832432.0,0.6815831663395374,1.0,0.6815831663395374,1.0003847876525334,3518.0,0.775249480500505,
6356490,long,entry,1538.3,285423.0,1538.3,285423.0,489.7414045096299,0.0,0.04638610804134435,0.04638610804134435,106.25993795329295,173.00425105402158,402.33546756749206,337.199878884874,-91.12434927067562,352.33546756749206,1.052402617878824,1614096839577.0,1.0,1.0,1.0,1.000384737935039,7145.0,0.7752537491898638,1530.2
6356825,long,close,1539.35,-285423.0,1538.3,0.0,0.0,0.1265609859834678,0.046354467794848475,0.17291545377831627,106.30629242108779,173.07860469914627,402.5083830212704,337.3264398708575,-91.12434927067562,352.5083830212704,1.05241242267264,1614096922995.0,0.6802002060143465,1.0,0.6802002060143465,1.0003847462420008,83418.0,0.7752946066451541,
6356889,long,entry,1537.0,285337.0,1537.0,285337.0,489.3272284058588,0.0,0.04641135328562134,0.04641135328562134,106.35270377437341,173.0985615810591,402.554794374556,337.3264398708575,-91.12434927067562,352.554794374556,1.052415196660962,1614096935989.0,1.0,1.0,1.0,1.0003846965504612,12994.0,0.7753024122485529,1528.8
6356901,long,close,1538.05,-285337.0,1537.0,0.0,0.0,0.12673689658959109,0.04637966906147395,0.17311656565106504,106.39908344343489,173.17300170428905,402.7279109402071,337.4531767674471,-91.12434927067562,352.7279109402071,1.0524262487381328,1614096938008.0,0.6814275856732689,1.0,0.6814275856732689,1.0003847049109234,2019.0,0.7753038757991901,
6356956,long,entry,1536.8,285456.0,1536.8,285456.0,489.26417797808705,0.0,0.04643675169182718,0.04643675169182718,106.44552019512672,173.19296950751652,402.7743476918989,337.4531767674471,-91.12434927067562,352.7743476918989,1.052428922968461,1614096957544.0,1.0,1.0,1.0,1.0003846552453632,19536.0,0.7753105837396109,1528.8
6356974,long,close,1537.85,-285456.0,1536.8,0.0,0.0,0.12682274415947087,0.04640504600578731,0.1732277901652582,106.4919252411325,173.26745745728758,402.94757548206417,337.57999951160656,-91.12434927067562,352.94757548206417,1.052439928521443,1614096962689.0,0.6816137320374264,1.0,0.6816137320374264,1.0003846636180458,5145.0,0.7753127790655668,
6362083,long,entry,1538.9,286002.0,1538.9,286002.0,489.9327680351949,0.0,0.046462083306257715,0.046462083306257715,106.53838732443876,173.2874361531093,402.99403756537043,337.57999951160656,-91.12434927067562,352.99403756537043,1.0524166270204918,1614098686435.0,1.0,1.0,1.0,1.000384613978401,1723746.0,0.7759358857493831,1530.2
6362136,long,close,1539.95,-286002.0,1538.9,0.0,0.0,0.12671888690300184,0.04643040358453197,0.1731492904875338,106.5848177280233,173.3618903480189,403.16718685585795,337.70671839850957,-91.12434927067562,353.16718685585795,1.052427523142995,1614098697675.0,0.68139634658742,1.0,0.68139634658742,1.0003846222765236,11240.0,0.7759423497646977,
6362149,long,entry,1538.7,286120.0,1538.7,286120.0,489.86828637348754,0.0,0.046487294469357246,0.046487294469357246,106.63130502249265,173.38187988464074,403.2136741503273,337.70671839850957,-91.12434927067562,353.2136741503273,1.0524304395251138,1614098701232.0,1.0,1.0,1.0,1.0003845726627318,3557.0,0.775943935277888,1530.2
6362290,long,close,1539.75,-286120.0,1538.7,0.0,0.0,0.12680411545464973,0.04645559344049359,0.1732597088951433,106.67776061593315,173.45638155946565,403.38693385922244,337.8335225139642,-91.12434927067562,353.38693385922244,1.0524402880378045,1614098781277.0,0.6812206114573518,1.0,0.6812206114573518,1.0003845809727367,80045.0,0.7759611319978759,
6362393,long,entry,1538.0,286146.0,1538.0,286146.0,489.6457674003686,0.0,0.04651267880364109,0.04651267880364109,106.72427329473679,173.4763820113512,403.4334465380261,337.8335225139642,-91.12434927067562,353.4334465380261,1.0524429453092679,1614098801831.0,1.0,1.0,1.0,1.000384531384844,20554.0,0.7759736941408458,1528.8
6362894,long,reentry,1528.8,530228.0,1532.0246779049799,816374.0,885.0761088908042,0.0,0.08670656724228154,0.08670656724228154,106.81097986197908,173.5136658352654,403.5201531052684,337.8335225139642,-91.12434927067562,353.5201531052684,1.0524462713441636,1614098946856.0,0.6797084105312389,1.0,0.6797084105312389,1.0003845001580127,145025.0,0.7760347973799516,1519.0
6363131,long,close,1533.1,-116624.0,1532.0246779049799,699750.0,824.9001924311033,0.05339372959729745,0.01901767660296132,0.07241140620025877,106.82999753858203,173.54480273993153,403.59256451146865,337.88691624356153,-91.12434927067562,353.59256451146865,1.0524503376401129,1614098983359.0,0.41996453968752595,1.0,0.41996453968752595,1.0003844624124063,36503.0,0.7760637025050376,1520.4
6363183,long,close,1536.6,-139950.0,1532.0246779049799,559800.0,736.9861113761494,0.2719994250646157,0.022769426005466616,0.2947688510700823,106.8527669645875,173.67155334589165,403.88733336253875,338.15891566862615,-91.12434927067562,353.88733336253875,1.0524689850585778,1614098993983.0,0.4622378875249498,1.0,0.4622378875249498,1.000384526056178,10624.0,0.7760700445577992,1520.4
6363198,long,close,1537.45,-139950.0,1532.0246779049799,419850.0,625.776814792852,0.3223529639885447,0.022756837620735635,0.34510980160928034,106.87552380220824,173.81995056058366,404.23244316414804,338.4812686326147,-91.12434927067562,354.23244316414804,1.0524909819908548,1614098994488.0,0.5203630787308259,1.0,0.5203630787308259,1.000384612502193,505.0,0.7760718739960958,1521.8
6363220,long,close,1537.75,-419850.0,1532.0246779049799,0.0,0.0,1.020334531981675,0.0682571939522029,1.088591725933878,106.94378099616044,174.28804500273523,405.32103489008193,339.50160316459636,-91.12434927067562,355.32103489008193,1.0525602510764511,1614098995863.0,0.5932816750338932,1.0,0.5932816750338932,1.000385036658441,1375.0,0.776074557172264,
6363528,long,entry,1534.15,286798.0,1534.15,286798.0,488.4197773578948,0.0,0.046735651663787764,0.046735651663787764,106.99051664782422,174.30814133295064,405.3677705417457,339.50160316459636,-91.12434927067562,355.3677705417457,1.0525622531917196,1614099059267.0,1.0,1.0,1.0,1.0003849870414185,63404.0,0.7761121216386205,1526.0
6363758,long,reentry,1526.0,531436.0,1528.8566445540027,818234.0,883.07704711592,0.0,0.08706356487549148,0.08706356487549148,107.07758021269971,174.3455786658471,405.4548341066212,339.50160316459636,-91.12434927067562,355.4548341066212,1.0525670621352163,1614099106668.0,0.6799031507960187,1.0,0.6799031507960187,1.0003849557385887,47401.0,0.7761401730258348,1516.2
6363916,long,close,1529.9,-116890.0,1528.8566445540027,701344.0,823.0245770003835,0.05214105763554714,0.01910092162886463,0.07124197926441177,107.09668113432858,174.3762127169308,405.5260760858856,339.5537442222319,-91.12434927067562,355.5260760858856,1.052570974105342,1614099146902.0,0.4212177308760151,1.0,0.4212177308760151,1.0003849172629813,40234.0,0.7761594431092255,1516.2
6363954,long,close,1533.4,-140268.0,1528.8566445540027,561076.0,735.2945269306942,0.27183983350654983,0.022868788313551585,0.29470862182010144,107.11954992264212,174.50293742431344,405.8207847077057,339.82558405573843,-91.12434927067562,355.82078470770574,1.0525896014159122,1614099152785.0,0.4631106187413918,1.0,0.4631106187413918,1.0003849800857725,5883.0,0.7761640776862435,1517.6
6363966,long,close,1534.25,-140269.0,1528.8566445540027,420807.0,624.3228316890945,0.32252088807470763,0.022856281570800066,0.3453771696455077,107.14240620421292,174.65144960726101,406.1661618773512,340.14810494381317,-91.12434927067562,356.16616187735127,1.052611466976415,1614099156236.0,1.0,1.0,1.0,1.0003850657262339,3451.0,0.7761655412368808,1519.0
6363968,long,close,1534.35,-420807.0,1528.8566445540027,0.0,0.0,0.9854383365837169,0.0685643757943103,1.0540027123780273,107.21097058000723,175.1046707735836,407.2201645897293,341.1335432803969,-91.12434927067562,357.2201645897293,1.0526782400668684,1614099156480.0,1.0,1.0,1.0,1.0003854713677416,244.0,0.776165785161987,
6364069,long,entry,1532.2,287776.0,1532.2,287776.0,487.7994980414514,0.0,0.04695470565200365,0.04695470565200365,107.25792528565923,175.12486129701395,407.2671192953813,341.1335432803969,-91.12434927067562,357.2671192953813,1.0526808095664402,1614099182697.0,1.0,1.0,1.0,1.0003854217255599,26217.0,0.7761781033798507,1523.2
6364183,long,close,1533.25,-287776.0,1532.2,0.0,0.0,0.1286220536366606,0.04692255013859449,0.1755446037752551,107.30484783579782,175.20034547663732,407.44266389915657,341.26216533403357,-91.12434927067562,357.44266389915657,1.0526914880514295,1614099210482.0,0.6809056727667617,1.0,0.6809056727667617,1.000385430103199,27785.0,0.7761920071109047,
6364206,long,entry,1531.8,287858.0,1531.8,287858.0,487.67207225161155,0.0,0.04698034991513253,0.04698034991513253,107.35182818571295,175.22054702710085,407.4896442490717,341.26216533403357,-91.12434927067562,357.4896442490717,1.0526942787594393,1614099222248.0,1.0,1.0,1.0,1.0003853804868268,11766.0,0.7761948122496262,1523.2
6364340,long,close,1532.85,-287858.0,1531.8,0.0,0.0,0.12872588292628848,0.04694816844440096,0.17567405137068942,107.39877635415735,175.29608686919022,407.6653183004424,341.39089121695986,-91.12434927067562,357.6653183004424,1.0527049143626659,1614099252965.0,0.680717511947354,1.0,0.680717511947354,1.0003853888840706,30717.0,0.7762111552317422,
6364367,long,entry,1531.25,287912.0,1531.25,287912.0,487.497097487944,0.0,0.04700604081632653,0.04700604081632653,107.44578239497368,175.31629946674124,407.7123243412587,341.39089121695986,-91.12434927067562,357.7123243412587,1.0527077851919335,1614099259498.0,1.0,1.0,1.0,1.0003853392934936,6533.0,0.7762144482206761,1523.2
6364372,long,close,1532.3,-287912.0,1531.25,0.0,0.0,0.12884250566373448,0.046973830189910595,0.1758163358536451,107.49275622516359,175.3919004911583,407.88814067711235,341.5197337226236,-91.12434927067562,357.88814067711235,1.0527188597945447,1614099261748.0,0.6815825620588216,1.0,0.6815825620588216,1.000385347716052,2250.0,0.7762150580334416,
6364527,long,entry,1530.85,287994.0,1530.85,287994.0,487.36961516060455,0.0,0.04703171440702878,0.04703171440702878,107.53978793957062,175.41212412835333,407.93517239151936,341.5197337226236,-91.12434927067562,357.93517239151936,1.0527205235353847,1614099347060.0,1.0,1.0,1.0,1.0003852981512253,85312.0,0.776233962229173,1521.8
6364987,long,reentry,1521.8,533652.0,1524.9721029494453,821646.0,880.984158357743,0.0,0.08766789328426863,0.08766789328426863,107.62745583285488,175.44982132246557,408.02284028480364,341.5197337226236,-91.12434927067562,358.02284028480364,1.0527239543284326,1614099484502.0,0.6797308262457009,1.0,0.6797308262457009,1.0003852668840276,137442.0,0.7762900650036015,1512.0
6365977,long,close,1526.05,-117378.0,1524.9721029494453,704268.0,821.0841808025899,0.05436674432364398,0.01922905540447561,0.0735957997281196,107.64668488825936,175.48146751634866,408.0964360845318,341.57410046694724,-91.12434927067562,358.0964360845318,1.0527254536263475,1614099689925.0,0.4177813446401593,1.0,0.4177813446401593,1.0003852292916409,205423.0,0.776410807931176,1513.4
6366077,long,close,1529.5,-140853.0,1524.9721029494453,563415.0,733.5767790881085,0.2734332125070006,0.023022719843085977,0.29645593235008655,107.66970760810244,175.6089435672592,408.39289201688183,341.8475336794542,-91.12434927067562,358.3928920168819,1.052743799032056,1614099713678.0,0.4622365125568393,1.0,0.4622365125568393,1.0003852918647367,23753.0,0.7764230041864866,1513.4
6366094,long,close,1530.4,-140853.0,1524.9721029494453,422562.0,622.8792197404157,0.32759015934123314,0.023009180606377418,0.35059933994761056,107.69271678870882,175.75970128343667,408.74349135682945,342.17512383879546,-91.12434927067562,358.7434913568295,1.052765881755669,1614099715408.0,0.5204440222997264,1.0,0.5204440222997264,1.0003853786209607,1730.0,0.7764250775498894,1514.8
6366110,long,close,1530.95,-422562.0,1524.9721029494453,0.0,0.0,1.0819718575689057,0.06900323328652144,1.150975090855427,107.76172002199534,176.2546205725045,409.8944664476849,343.2570956963644,-91.12434927067562,359.8944664476849,1.0528382835987458,1614099718682.0,0.5931287349007671,1.0,0.5931287349007671,1.000385823718171,3274.0,0.7764270289507391,
6367706,long,entry,1522.15,287766.0,1522.15,287766.0,484.6000287091576,0.0,0.047263081825050096,0.047263081825050096,107.8089831038204,176.27494369768928,409.94172952951,343.2570956963644,-91.12434927067562,359.94172952951,1.0528339391716868,1614100195114.0,1.0,1.0,1.0,1.00038577412059,476432.0,0.7766216811854956,1513.4
6368018,long,reentry,1513.4,533230.0,1516.4669485600416,820996.0,876.0303719353657,0.0,0.08808477600105723,0.08808477600105723,107.89706787982145,176.31282015136975,410.029814305511,343.2570956963644,-91.12434927067562,360.029814305511,1.0528389679838606,1614100228096.0,0.6797832433282732,1.0,0.6797832433282732,1.0003857427941123,32982.0,0.7766597335020644,1503.6
6368875,long,close,1517.5,-117285.0,1516.4669485600416,703711.0,816.4658817091615,0.05265053281666694,0.019322075782537067,0.07197260859920401,107.91638995560399,176.3437683730674,410.1017869141102,343.30974622918103,-91.12434927067562,360.1017869141102,1.0528414372661725,1614100361774.0,0.4190394774617908,1.0,0.4190394774617908,1.0003857042684212,133678.0,0.7767642554100759,1505.0
6368884,long,close,1517.5,-117285.0,1516.4669485600416,586426.0,745.5008750990735,0.05265053281666694,0.019322075782537067,0.07197260859920401,107.93571203138653,176.37471659476503,410.1737595227094,343.3623967619977,-91.12434927067562,360.1737595227094,1.0528459435934152,1614100362721.0,0.4615584253574956,1.0,0.4615584253574956,1.0003856657512036,947.0,0.7767653530730538,1505.0
6368906,long,close,1517.5,-117285.0,1516.4669485600416,469141.0,659.5159250128373,0.05265053281666694,0.019322075782537067,0.07197260859920401,107.95503410716907,176.4056648164627,410.2457321313086,343.4150472948143,-91.12434927067562,360.2457321313086,1.0528503854458857,1614100367816.0,0.5084069402577821,1.0,0.5084069402577821,1.0003856272424567,5095.0,0.7767680362492222,1506.4
6368918,long,close,1517.5,-469141.0,1516.4669485600416,0.0,0.0,0.2106025801777205,0.07728846787479407,0.28789104805251453,108.03232257504386,176.52945796712527,410.5336231793611,343.625649874992,-91.12434927067562,360.53362317936114,1.0528683737160953,1614100373309.0,0.5653788098370046,1.0,0.5653788098370046,1.0003856851317467,5493.0,0.7767694997998594,
6368932,long,entry,1517.15,287268.0,1517.15,287268.0,483.0082201205383,0.0,0.04733678278350855,0.04733678278350855,108.07965935782737,176.5498127837222,410.5809599621446,343.625649874992,-91.12434927067562,360.5809599621447,1.0528712299673826,1614100380741.0,1.0,1.0,1.0,1.000385635614044,7432.0,0.7767712072756029,1509.2
6369109,long,reentry,1509.2,532307.0,1511.9865425372907,819575.0,873.3155704319881,0.0,0.08817701431221839,0.08817701431221839,108.16783637213959,176.58772889987645,410.66913697645685,343.625649874992,-91.12434927067562,360.6691369764569,1.0528757574984329,1614100446138.0,0.679946844170203,1.0,0.679946844170203,1.0003856043272206,65397.0,0.7767927946475026,1499.4
6369672,long,close,1513.05,-117082.0,1511.9865425372907,702493.0,813.9237562907218,0.05442632993649574,0.019345362017117743,0.07377169195361348,108.18718173415671,176.6194507274165,410.7429086684105,343.6800762049285,-91.12434927067562,360.7429086684105,1.052878915458997,1614100541783.0,0.41885505211646107,1.0,0.41885505211646107,1.000385566621244,95645.0,0.776861459564901,1499.4
6369970,long,close,1513.05,-117082.0,1511.9865425372907,585411.0,743.1667451704828,0.05442632993649574,0.019345362017117743,0.07377169195361348,108.20652709617383,176.6511725549566,410.81668036036416,343.73450253486504,-91.12434927067562,360.8166803603641,1.052882212491624,1614100628312.0,0.4602627610804232,1.0,0.4602627610804232,1.0003855289231647,86529.0,0.7768978044057265,1500.8
6370577,long,close,1513.05,-117082.0,1511.9865425372907,468329.0,657.4371197741642,0.05442632993649574,0.019345362017117743,0.07377169195361348,108.22587245819095,176.68289438249667,410.8904520523178,343.78892886480156,-91.12434927067562,360.8904520523177,1.0528848340733779,1614100758737.0,0.505577310112113,1.0,0.505577310112113,1.00038549123298,130425.0,0.7769718356754616,1502.2
6370763,long,reentry,1502.2,867813.0,1505.6302654058827,1336142.0,1047.6918442955798,0.0,0.14442367860471308,0.14442367860471308,108.37029613679566,176.74499656429668,411.0348757309225,343.78892886480156,-91.12434927067562,361.0348757309224,1.0528930747238223,1614100811596.0,0.5623359053528848,1.0,0.5623359053528848,1.000385485012286,52859.0,0.7769945207103391,1488.2
6371013,long,close,1506.7,-111345.0,1505.6302654058827,1224797.0,1017.8301149994097,0.05250511763981029,0.01847497842968076,0.07098009606949104,108.38877111522534,176.77551800560656,411.105855826992,343.84143398244134,-91.12434927067562,361.1058558269919,1.052896641246901,1614100868957.0,0.30200410106890085,1.0,0.30200410106890085,1.0003854460839279,57361.0,0.7770250113486156,1489.6
6371040,long,close,1508.4,-122479.0,1505.6302654058827,1102318.0,980.4858401766347,0.14937053185779092,0.02029948952532485,0.16967002138311577,108.40907060475067,176.84847611480131,411.27552584837514,343.99080451429916,-91.12434927067562,361.275525848375,1.0529071962759367,1614100873794.0,0.32477768674578106,1.0,0.32477768674578106,1.0003854510710681,4837.0,0.7770283043375494,1491.0
6371051,long,close,1508.6,-122479.0,1505.6302654058827,979839.0,937.4805121679836,0.1601352087902011,0.02029679835609174,0.18043200714629284,108.42936740310675,176.92606187787422,411.45595785552143,344.1509397230894,-91.12434927067562,361.4559578555213,1.0529184134258869,1614100879110.0,0.34998286914834614,1.0,0.34998286914834614,1.0003854608097267,5316.0,0.7770296459256336,1491.0
6371056,long,close,1508.8,-122479.0,1505.6302654058827,857360.0,887.425557091158,0.17089703188463246,0.020294107900318135,0.1911911397849506,108.44966151100706,177.00827406798174,411.6471489953064,344.321836754974,-91.12434927067562,361.6471489953063,1.0529303358917708,1614100882028.0,0.3786170132113849,1.0,0.3786170132113849,1.0003854752897654,2918.0,0.7770302557383991,1492.4
6371064,long,close,1509.55,-142893.0,1505.6302654058827,714467.0,817.5362952703297,0.24643465317475238,0.02366483389089464,0.270099487065647,108.47332634489796,177.12441684741998,411.91724848237203,344.56827140814875,-91.12434927067562,361.9172484823719,1.0529472240432494,1614100882619.0,0.41200890701264997,1.0,0.41200890701264997,1.0003855247562852,591.0,0.7770312314388239,1493.8
6371071,long,close,1510.1,-142893.0,1505.6302654058827,571574.0,731.1300777339229,0.28091093591096583,0.023656214820210582,0.3045671507311764,108.49698255971816,177.25538072223438,412.22181563310323,344.8491823440597,-91.12434927067562,362.2218156331031,1.0529662551934127,1614100883230.0,0.4586927794012251,1.0,0.4586927794012251,1.000385589413056,611.0,0.7770320851766956,1495.2
6371076,long,close,1510.95,-142893.0,1505.6302654058827,428681.0,621.5813319530502,0.33414309474396575,0.023642906780502335,0.3577860015244681,108.52062546649867,177.40922870288992,412.5796016346277,345.1833254388037,-91.12434927067562,362.5796016346276,1.052988594574606,1614100883926.0,0.5160482689168142,1.0,0.5160482689168142,1.0003856775255522,696.0,0.7770326949894613,1496.6
6371079,long,close,1511.2,-428681.0,1505.6302654058827,0.0,0.0,1.0493695428897907,0.07091731736368449,1.1202868602534752,108.59154278386235,177.8909520527989,413.6998884948812,346.2326949816935,-91.12434927067562,363.69988849488107,1.0530584470101745,1614100884399.0,0.5886699983766998,1.0,0.5886699983766998,1.0003861026146172,473.0,0.7770330608771205,
6371146,long,entry,1508.55,287842.0,1508.55,287842.0,480.2695547413689,0.0,0.047701766597063405,0.047701766597063405,108.63924455045941,177.91146381243564,413.74759026147825,346.2326949816935,-91.12434927067562,363.74759026147814,1.0530611882554164,1614100899271.0,1.0,1.0,1.0,1.000386053147216,14872.0,0.7770412323681786,1499.4
6371179,long,close,1509.6,-287842.0,1508.55,0.0,0.0,0.13271556684397834,0.047668587705352414,0.18038415454933077,108.68691313816475,177.98902899889185,413.92797441602755,346.36541054853745,-91.12434927067562,363.9279744160275,1.0530722292662116,1614100911525.0,0.6812546509099925,1.0,0.6812546509099925,1.0003860622637124,12254.0,0.7770452571324311,
6376246,long,entry,1508.4,287972.0,1508.4,287972.0,480.221731411527,0.0,0.04772805621850968,0.04772805621850968,108.73464119438326,178.0095520630658,413.97570247224604,346.36541054853745,-91.12434927067562,363.975702472246,1.0530467878412935,1614102754934.0,1.0,1.0,1.0,1.00038601282174,1843409.0,0.7776632413890169,1499.4
6376289,long,close,1509.45,-287972.0,1508.4,0.0,0.0,0.13280190540773032,0.04769485574215773,0.18049676114988805,108.78233605012541,178.08716567036026,414.15619923339597,346.4982124539452,-91.12434927067562,364.15619923339585,1.0530577656988565,1614102770957.0,0.6814449542875444,1.0,0.6814449542875444,1.0003860219480694,16023.0,0.7776684857788004,
6376530,long,entry,1507.7,287997.0,1507.7,287997.0,479.9988011614144,0.0,0.04775436094713802,0.04775436094713802,108.83009041107255,178.10770004556753,414.2039535943431,346.4982124539452,-91.12434927067562,364.203953594343,1.0530597470265746,1614102835053.0,1.0,1.0,1.0,1.0003859725315,64096.0,0.7776978787540989,1499.4
6376843,long,close,1508.75,-287997.0,1507.7,0.0,0.0,0.13293674629856234,0.04772112676056338,0.18065787305912573,108.87781153783311,178.18538293098297,414.38461146740224,346.6311492002438,-91.12434927067562,364.3846114674021,1.0530698189399075,1614102910099.0,0.6805545047508224,1.0,0.6805545047508224,1.0003859816889844,75046.0,0.7777360530332209,
6376863,long,entry,1506.6,287946.0,1506.6,287946.0,479.64906068660406,0.0,0.04778076463560335,0.04778076463560335,108.92559230246871,178.20592865977628,414.43239223203784,346.6311492002438,-91.12434927067562,364.4323922320377,1.0530727278622833,1614102913988.0,1.0,1.0,1.0,1.0003859322978237,3889.0,0.777738492284283,1498.0
6377019,long,reentry,1498.0,533563.0,1501.0143742795271,821509.0,867.093122605095,0.0,0.08904589452603472,0.08904589452603472,109.01463819699475,178.24421839442246,414.52143812656385,346.6311492002438,-91.12434927067562,364.52143812656374,1.0530780687091712,1614102926388.0,0.6797963478843726,1.0,0.6797963478843726,1.0003859010893905,12400.0,0.7777575184425675,1488.2
6377055,long,close,1502.05,-117358.0,1501.0143742795271,704151.0,808.1349678345404,0.053907139434564974,0.019532971605472522,0.0734401110400375,109.03417116860022,178.27579764216966,414.5948782376039,346.68505633967834,-91.12434927067562,364.5948782376038,1.0530825300724558,1614102932889.0,0.4210888485745126,1.0,0.4210888485745126,1.000385863016358,6501.0,0.7777619090944793,1489.6
6377439,long,close,1502.05,-117358.0,1501.0143742795271,586793.0,737.8926657852584,0.053907139434564974,0.019532971605472522,0.0734401110400375,109.0537041402057,178.3073768899169,414.66831834864394,346.7389634791129,-91.12434927067562,364.6683183486438,1.0530864039327852,1614102977449.0,0.45906156977506585,1.0,0.45906156977506585,1.000385824951488,44560.0,0.7778087427148718,1489.6
6377482,long,close,1502.05,-117358.0,1501.0143742795271,469435.0,652.7838457041917,0.053907139434564974,0.019532971605472522,0.0734401110400375,109.07323711181117,178.3389561376641,414.741758459684,346.79287061854745,-91.12434927067562,364.74175845968387,1.0530908453056385,1614102985139.0,0.5086448038719771,1.0,0.5086448038719771,1.0003857868947785,7690.0,0.7778139871046553,1491.0
6377674,long,close,1502.05,-469435.0,1501.0143742795271,0.0,0.0,0.2156299357561053,0.07813238573948937,0.29376232149559467,109.15136949755066,178.46527393590722,415.03552078117957,347.00850055430357,-91.12434927067562,365.03552078117946,1.053108533762681,1614103020378.0,0.5642297425205663,1.0,0.5642297425205663,1.000385845674018,35239.0,0.7778374039148516,
6377690,long,entry,1503.3,287767.0,1503.3,287767.0,478.5989090156134,0.0,0.04785588372247722,0.04785588372247722,109.19922538127314,178.4858519659079,415.08337666490206,347.00850055430357,-91.12434927067562,365.08337666490195,1.0531113955931,1614103027319.0,1.0,1.0,1.0,1.00038579636169,6941.0,0.7778393553157013,1495.2
6377732,long,close,1504.35,-287767.0,1503.3,0.0,0.0,0.13360900829887098,0.0478224814704025,0.18143148976927348,109.24704786274354,178.56386750650867,415.26480815467136,347.14210956260246,-91.12434927067562,365.26480815467124,1.0531225581561394,1614103033154.0,0.6816026949967646,1.0,0.6816026949967646,1.0003858057091428,5835.0,0.7778444777429318,
6377802,long,entry,1503.0,287868.0,1503.0,287868.0,478.5028045563542,0.0,0.04788223552894212,0.04788223552894212,109.29493009827249,178.58445686778614,415.3126903902003,347.14210956260246,-91.12434927067562,365.3126903902002,1.0531251544902422,1614103057305.0,1.0,1.0,1.0,1.0003857564220275,24151.0,0.7778530151216491,1495.2
6377873,long,close,1504.05,-287868.0,1503.0,0.0,0.0,0.13370924452081973,0.04784880821781191,0.18155805273863163,109.3427789064903,178.66252683046375,415.49424844293895,347.2758188071233,-91.12434927067562,365.49424844293884,1.0531360593709254,1614103079948.0,0.6808598362247945,1.0,0.6808598362247945,1.0003857657848971,22643.0,0.7778616744629196,
6377912,long,entry,1502.65,287960.0,1502.65,287960.0,478.39140036791485,0.0,0.04790869463947027,0.04790869463947027,109.39068760112977,178.68312756915873,415.54215713757844,347.2758188071233,-91.12434927067562,365.54215713757833,1.0531388488153839,1614103091578.0,1.0,1.0,1.0,1.0003857165230083,11630.0,0.7778664310024908,1493.8
6378184,long,reentry,1493.8,533589.0,1496.9020012196474,821549.0,864.7621029503639,0.0,0.08930060918462981,0.08930060918462981,109.4799882103144,178.72152683110812,415.6314577467631,347.2758188071233,-91.12434927067562,365.631457746763,1.053143148560175,1614103171498.0,0.6797379746490946,1.0,0.6797379746490946,1.000385685417826,79920.0,0.7778996048169354,1484.0
6378705,long,close,1497.95,-117364.0,1496.9020012196474,704185.0,805.9651865459219,0.054853582110460875,0.019587436162755763,0.07444101827321664,109.49957564647715,178.7535364689656,415.7058987650363,347.33067238923377,-91.12434927067562,365.7058987650362,1.0531463077192,1614103265599.0,0.419291473021278,1.0,0.419291473021278,1.0003856478057158,94101.0,0.7779631473071034,1485.4
6378773,long,close,1501.35,-140837.0,1496.9020012196474,563348.0,720.0679354644908,0.278744372113059,0.023451726779232025,0.30219609889229104,109.52302737325638,178.8834807914893,416.0080948639286,347.60941676134684,-91.12434927067562,366.0080948639285,1.0531648958209257,1614103273571.0,0.4623134950826099,1.0,0.4623134950826099,1.0003857099172668,7972.0,0.7779714407607146,1486.8
6378830,long,close,1497.95,-112669.0,1496.9020012196474,450679.0,635.5699705972106,0.05265923317885822,0.01880386528255282,0.07146309846141104,109.54183123853893,178.9142099238277,416.07955796239,347.6620759945257,-91.12434927067562,366.0795579623899,1.0531691708030995,1614103283149.0,0.5191532985212082,1.0,0.5191532985212082,1.0003856709819003,9578.0,0.7779783926262416,1486.8
6378833,long,close,1498.3,-450679.0,1496.9020012196474,0.0,0.0,0.2809195512607595,0.07519839151037842,0.35611794277113795,109.61702963004932,179.06734063921928,416.43567590516113,347.94299554578646,-91.12434927067562,366.4356759051611,1.053191198212408,1614103283255.0,1.0,1.0,1.0,1.0003857565182224,106.0,0.777978758513901,
6378839,long,entry,1498.35,287787.0,1498.35,287787.0,477.02292919853363,0.0,0.048017319050956055,0.048017319050956055,109.66504694910027,179.08798808641117,416.48369322421206,347.94299554578646,-91.12434927067562,366.483693224212,1.05319414949384,1614103284395.0,1.0,1.0,1.0,1.0003857073118212,1140.0,0.7779794902892195,1489.6
6379078,long,close,1499.4,-287787.0,1498.35,0.0,0.0,0.13450229426040172,0.047983693477390954,0.18248598773779268,109.71303064257766,179.16645706113843,416.66617921194984,348.0774978400469,-91.12434927067562,366.6661792119498,1.0532043763099674,1614103352565.0,0.6809744663444015,1.0,0.6809744663444015,1.0003857168516712,68170.0,0.7780086393394118,
6379209,long,entry,1497.8,287840.0,1497.8,287840.0,476.84714510997463,0.0,0.048043797569769,0.048043797569769,109.76107444014744,179.18711589409344,416.7142230095196,348.0774978400469,-91.12434927067562,366.71422300951957,1.0532069183328212,1614103380193.0,1.0,1.0,1.0,1.0003856676703382,27628.0,0.7780246164338687,1489.6
6379253,long,close,1498.85,-287840.0,1497.8,0.0,0.0,0.13462584634419458,0.04801014110818294,0.18263598745237752,109.80908458125562,179.26564936869795,416.896858996972,348.21212368639107,-91.12434927067562,366.89685899697196,1.0532180077791087,1614103392708.0,0.6812519083489474,1.0,0.6812519083489474,1.0003856772353008,12515.0,0.7780299827862053,
6379538,long,entry,1497.0,287846.0,1497.0,287846.0,476.5929873208736,0.0,0.048070474281897126,0.048070474281897126,109.85715505553752,179.28631967263917,416.9449294712539,348.21212368639107,-91.12434927067562,366.94492947125383,1.0532197206324276,1614103473987.0,1.0,1.0,1.0,1.0003856280790864,81279.0,0.7780647421138404,1488.2
6379541,long,close,1498.05,-287846.0,1497.0,0.0,0.0,0.13477253228129976,0.04803678114882681,0.18280931343012657,109.90519183668634,179.36492767741413,417.127738784684,348.3468962186724,-91.12434927067562,367.12773878468397,1.0532309600052712,1614103477077.0,0.6818258980433449,1.0,0.6818258980433449,1.0003856376792444,3090.0,0.7780651080014996,
6379576,long,entry,1496.9,287986.0,1496.9,287986.0,476.56095461036824,0.0,0.048097067272362876,0.048097067272362876,109.95328890395871,179.38560941634125,417.1758358519564,348.3468962186724,-91.12434927067562,367.1758358519563,1.053233765430119,1614103487649.0,1.0,1.0,1.0,1.0003855885480728,10572.0,0.7780693766908583,1488.2
6379655,long,close,1497.95,-287986.0,1496.9,0.0,0.0,0.13485609168792217,0.0480633532494409,0.18291944493736306,110.00135225720815,179.4642647776643,417.3587552968938,348.4817523103603,-91.12434927067562,367.35875529689366,1.053244722400585,1614103509047.0,0.6810381135062122,1.0,0.6810381135062122,1.0003855981557959,21398.0,0.7780790117325537,
6381881,long,entry,1494.1,287607.0,1494.1,287607.0,475.67009215748163,0.0,0.04812378689512081,0.04812378689512081,110.04947604410327,179.48495800602922,417.4068790837889,348.4817523103603,-91.12434927067562,367.4068790837888,1.0532355265774649,1614104296025.0,1.0,1.0,1.0,1.0003855490496913,786978.0,0.7783505003757666,1486.35
6381912,long,close,1495.15,-287607.0,1494.1,0.0,0.0,0.13518369726084026,0.0480899909708056,0.18327368823164586,110.09756603507408,179.56376569196885,417.5901527720206,348.6169360076212,-91.12434927067562,367.5901527720204,1.0532467627071136,1614104300210.0,0.6814318104962787,1.0,0.6814318104962787,1.000385558771149,4185.0,0.7783542812149129,
6381944,long,entry,1493.95,287737.0,1493.95,287737.0,475.62168910408894,0.0,0.0481503731717929,0.0481503731717929,110.14571640824587,179.5844703524327,417.63830314519237,348.6169360076212,-91.12434927067562,367.6383031451922,1.0532495402356719,1614104312544.0,1.0,1.0,1.0,1.0003855096899907,12334.0,0.7783581840166123,1485.0
6382161,long,close,1495.0,-287737.0,1493.95,0.0,0.0,0.13527195138563866,0.04811655518394649,0.18338850656958516,110.19383296342983,179.6633274102576,417.8216916517619,348.7522079590068,-91.12434927067562,367.8216916517618,1.0532596986976523,1614104386489.0,0.6810049033507116,1.0,0.6810049033507116,1.0003855194208042,73945.0,0.7783846498906362,
6382181,long,entry,1493.2,287752.0,1493.2,287752.0,475.38290527421526,0.0,0.04817706938119475,0.04817706938119475,110.24201003281102,179.68404355009153,417.8698687211431,348.7522079590068,-91.12434927067562,367.869868721143,1.0532625799714355,1614104392108.0,1.0,1.0,1.0,1.0003854703646087,5619.0,0.7783870891416983,1485.0
6382325,long,close,1494.25,-287752.0,1493.2,0.0,0.0,0.13541488465851875,0.04814321566003012,0.18355810031854886,110.29015324847106,179.76297353322852,418.0534268214617,348.8876228436653,-91.12434927067562,368.0534268214615,1.0532732379818164,1614104433996.0,0.6808118271230971,1.0,0.6808118271230971,1.0003854801285204,41888.0,0.7784046517493455,
6382974,long,entry,1491.3,287545.0,1491.3,287545.0,474.77773100460604,0.0,0.04820374840742977,0.04820374840742977,110.33835699687849,179.78370114504372,418.10163056986914,348.8876228436653,-91.12434927067562,368.101630569869,1.053272956531995,1614104644129.0,1.0,1.0,1.0,1.0003854310972418,210133.0,0.778483805446311,1482.3
6383190,long,close,1492.35,-287545.0,1491.3,0.0,0.0,0.13566237364640313,0.04816983281401817,0.1838322064604213,110.3865268296925,179.86274899382173,418.2854627763296,349.02328521731175,-91.12434927067562,368.2854627763294,1.053283501378512,1614104693969.0,0.680746574989338,1.0,0.680746574989338,1.0003854409394943,49840.0,0.7785101493577817,
6383383,long,entry,1490.15,287483.0,1490.15,287483.0,474.4119090440915,0.0,0.04823054726034292,0.04823054726034292,110.43475737695285,179.88348812914367,418.33369332358996,349.02328521731175,-91.12434927067562,368.3336933235897,1.0532857401421525,1614104741114.0,1.0,1.0,1.0,1.0003853919331327,47145.0,0.7785336881305311,1482.3
6383456,long,close,1491.2,-287483.0,1490.15,0.0,0.0,0.13584247484805217,0.0481965866416309,0.18403906148968308,110.48295396359448,179.96262492558424,418.5177323850796,349.1591276921598,-91.12434927067562,368.5177323850794,1.0532967474429042,1614104761455.0,0.681014013081801,1.0,0.681014013081801,1.0003854018243574,20341.0,0.7785425913969078,
6383505,long,entry,1489.75,287566.0,1489.75,287566.0,474.2852175171883,0.0,0.04825742574257426,0.04825742574257426,110.53121138933706,179.98337561865355,418.5659898108222,349.1591276921598,-91.12434927067562,368.565989810822,1.0532995431994496,1614104772585.0,1.0,1.0,1.0,1.0003853528429039,11130.0,0.7785485675620101,1480.95
6383521,long,close,1490.8,-287566.0,1489.75,0.0,0.0,0.13595464724900777,0.04822343708076201,0.1841780843297698,110.57943482641782,180.06257219491533,418.75016789515195,349.2950823394088,-91.12434927067562,368.7501678951517,1.05331076567051,1614104779165.0,0.6815488518365808,1.0,0.6815488518365808,1.0003853627535786,6580.0,0.7785505189628598,
6383549,long,entry,1489.65,287706.0,1489.65,287706.0,474.25293285018074,0.0,0.04828416070889135,0.04828416070889135,110.62771898712671,180.08333438402016,418.7984520558608,349.2950823394088,-91.12434927067562,368.7984520558606,1.0533135747724482,1614104789431.0,1.0,1.0,1.0,1.000385313796937,10266.0,0.7785539339143467,1480.95
6383619,long,close,1490.7,-287706.0,1489.65,0.0,0.0,0.13603909235748643,0.04825015093580197,0.18428924329328839,110.67596913806251,180.16257875863627,418.9827412991541,349.43112143176626,-91.12434927067562,368.9827412991539,1.0533245905428779,1614104809405.0,0.6811209057991725,1.0,0.6811209057991725,1.0003853237149336,19974.0,0.7785624712930641,
6383998,long,entry,1488.65,287672.0,1488.65,287672.0,473.9339451306428,0.0,0.048310885701810365,0.048310885701810365,110.72428002376432,180.18335243948803,419.0310521848559,349.43112143176626,-91.12434927067562,369.0310521848557,1.0533258050005838,1614104922692.0,1.0,1.0,1.0,1.0003852747830686,113287.0,0.7786086951006911,1479.6
6384023,long,close,1489.7,-287672.0,1488.65,0.0,0.0,0.13620575951373598,0.04827683426193193,0.18448259377566792,110.77255685802625,180.26267995481157,419.2155347786316,349.56732719128,-91.12434927067562,369.21553477863137,1.0533369341696566,1614104935679.0,0.6815602061878366,1.0,0.6815602061878366,1.0003852847438774,12987.0,0.7786117441645187,
6384462,long,entry,1487.55,287620.0,1487.55,287620.0,473.5847100496165,0.0,0.04833787099593291,0.04833787099593291,110.82089472902219,180.28346523933982,419.2638726496275,349.56732719128,-91.12434927067562,369.2638726496273,1.0533379676707664,1614105060628.0,1.0,1.0,1.0,1.0003852358368606,124949.0,0.778665285725332,1479.6
6384478,long,close,1488.6,-287620.0,1487.55,0.0,0.0,0.13638254613925405,0.048303775359398095,0.18468632149865213,110.86919850438159,180.36288035758423,419.44855897112615,349.7037097374193,-91.12434927067562,369.4485589711259,1.0533492471085513,1614105064289.0,0.6815916159279144,1.0,0.6815916159279144,1.0003852458448348,3661.0,0.7786672371261817,
6384502,long,entry,1487.45,287760.0,1487.45,287760.0,473.55227200885093,0.0,0.04836465091263572,0.04836465091263572,110.91756315529422,180.38367715747665,419.49692362203876,349.7037097374193,-91.12434927067562,369.49692362203854,1.0533520176621731,1614105077029.0,1.0,1.0,1.0,1.0003851969625346,12740.0,0.7786701642274563,1479.6
6384855,long,reentry,1479.6,533219.0,1482.3514905984196,820979.0,856.2072247054613,0.0,0.09009512706136795,0.09009512706136795,111.00765828235559,180.42241806211305,419.58701874910014,349.7037097374193,-91.12434927067562,369.5870187490999,1.053356692572094,1614105132093.0,0.6799349315610483,1.0,0.6799349315610483,1.0003851661077157,55064.0,0.7787132170087026,1470.15
6384888,long,close,1483.4,-117282.0,1482.3514905984196,703697.0,797.9796354251645,0.05592348443188543,0.019765740865579074,0.07568922529746451,111.02742402322117,180.45496442899096,419.6627079743976,349.7596332218512,-91.12434927067562,369.6627079743974,1.0533612465407565,1614105137831.0,0.4212665350600147,1.0,0.4212665350600147,1.0003851290403403,5738.0,0.778717241772955,1470.15
6384908,long,close,1483.4,-117282.0,1482.3514905984196,586415.0,728.6096186133258,0.05592348443188543,0.019765740865579074,0.07568922529746451,111.04718976408675,180.4875107958689,419.7383971996951,349.8155567062831,-91.12434927067562,369.7383971996949,1.053365806135934,1614105143152.0,0.46171564948216504,1.0,0.46171564948216504,1.000385091980493,5321.0,0.7787196810240171,1471.5
6384947,long,close,1483.4,-117283.0,1482.3514905984196,469132.0,644.5596678716637,0.05592396126110417,0.01976590939733046,0.07568987065843463,111.06695567348409,180.52005744025203,419.81408707035354,349.8714806675442,-91.12434927067562,369.8140870703533,1.0533702738568074,1614105154353.0,0.5087252251275532,1.0,0.5087252251275532,1.0003850549284505,11201.0,0.7787244375635882,1472.85
6384948,long,close,1483.5,-469132.0,1482.3514905984196,0.0,0.0,0.24501398123292967,0.0790583080552747,0.32407228928820436,111.14601398153937,180.65940852464595,420.13815935964175,350.1164946487771,-91.12434927067562,370.1381593596415,1.0533901319710552,1614105154636.0,1.0,1.0,1.0,1.000385124901801,283.0,0.7787245595261413,
6384953,long,entry,1483.55,287477.0,1483.55,287477.0,472.3102320080107,0.0,0.04844410367025041,0.04844410367025041,111.19445808520962,180.68023948922416,420.186603463312,350.1164946487771,-91.12434927067562,370.18660346331177,1.0533930789519943,1614105155984.0,1.0,1.0,1.0,1.0003850760944009,1348.0,0.7787251693389069,1475.55
6385132,long,reentry,1475.55,532694.0,1478.3540689075814,820171.0,853.9255321570679,0.0,0.09025346480973197,0.09025346480973197,111.28471155001935,180.71904847909235,420.27685692812173,350.1164946487771,-91.12434927067562,370.2768569281215,1.053398312192037,1614105175027.0,0.6798981823056519,1.0,0.6798981823056519,1.0003850452993166,19043.0,0.7787470006359127,1466.1
6385259,long,close,1479.4,-117167.0,1478.3540689075814,703004.0,795.8550855172045,0.056033055887261964,0.01979974989860754,0.07583280578586951,111.30451129991796,180.75165658558026,420.3526897339076,350.1725277046644,-91.12434927067562,370.35268973390737,1.053402766858105,1614105187251.0,0.42075326810672375,1.0,0.42075326810672375,1.000385008302234,12224.0,0.7787624898801572,1466.1
6385771,long,reentry,1466.1,1302666.0,1470.3951529704814,2005670.0,1146.6267946682756,0.0,0.22213116431348476,0.22213116431348476,111.52664246423144,180.84717298623508,420.5748208982211,350.1725277046644,-91.12434927067562,370.5748208982209,1.0534156830657162,1614105231289.0,0.4571247711342397,1.0,0.4571247711342397,1.00038503422801,44038.0,0.7788249347073471,1448.55
6386680,long,close,1471.4,-111426.0,1470.3951529704814,1894244.0,1130.5998170548235,0.05175134950533179,0.01893196955280685,0.07068331905813864,111.54557443378425,180.87756681343006,420.6455042172792,350.2242790541697,-91.12434927067562,370.64550421727904,1.053418185429346,1614105348894.0,0.21498867307823538,1.0,0.21498867307823538,1.0003849950098365,117605.0,0.7789357986681201,1448.55
6386697,long,close,1472.45,-118390.0,1470.3951529704814,1775854.0,1111.9092093914778,0.1123621132702539,0.020100852320961662,0.13246296559121556,111.56567528610522,180.93452588863428,420.77796718287044,350.33664116743995,-91.12434927067562,370.77796718287027,1.053426288678774,1614105348967.0,0.23179900319019978,1.0,0.23179900319019978,1.0003849823438746,73.0,0.778937872031523,1449.9
6386721,long,close,1473.65,-126846.0,1470.3951529704814,1649008.0,1089.6864275491553,0.19053683559772744,0.021519017405761204,0.21205585300348864,111.58719430351098,181.0257099054258,420.99002303587395,350.5271780030377,-91.12434927067562,370.9900230358738,1.0534392348135682,1614105350433.0,0.24496030326861254,1.0,0.24496030326861254,1.0003850038383608,1466.0,0.7789407991327975,1451.25
6386728,long,close,1474.0,-137417.0,1470.3951529704814,1511591.0,1062.6391401598173,0.22855764756985653,0.023306818181818185,0.2518644657516747,111.6105011216928,181.134011625699,421.2418875016256,350.75573565060756,-91.12434927067562,371.24188750162546,1.0534546296994365,1614105350453.0,1.0,1.0,1.0,1.0003850423572378,20.0,0.7789416528706692,1452.6
6386731,long,close,1474.2,-137417.0,1470.3951529704814,1374174.0,1031.893707091045,0.24120549355103038,0.023303656220322887,0.26450914977135326,111.63380477791313,181.2477505601007,421.506396651397,350.9969411441586,-91.12434927067562,371.5063966513968,1.0534707820526992,1614105350845.0,0.279175729100653,1.0,0.279175729100653,1.0003850862176598,392.0,0.7789420187583285,1453.95
6386742,long,close,1474.45,-137417.0,1470.3951529704814,1236757.0,996.6368631970728,0.2570104758972116,0.023299704974736345,0.2803101808719479,111.65710448288786,181.36828393787565,421.786706832269,351.25395162005583,-91.12434927067562,371.78670683226875,1.0534878560502383,1614105353351.0,0.2997226377855893,1.0,0.2997226377855893,1.0003851367584007,2506.0,0.7789433603464126,1453.95
6386833,long,close,1471.4,-112432.0,1470.3951529704814,1124325.0,963.840173876574,0.0522185820866177,0.019102895201848578,0.07132147728846627,111.67620737808971,181.39895217310968,421.8580283095574,351.3061702021424,-91.12434927067562,371.8580283095572,1.053492021189245,1614105365412.0,0.32155421157449093,1.0,0.32155421157449093,1.0003850977502078,12061.0,0.7789544589387453,1455.3
6386848,long,close,1471.4,-112432.0,1470.3951529704814,1011893.0,926.5733278299126,0.0522185820866177,0.019102895201848578,0.07132147728846627,111.69531027329157,181.42962040834374,421.9293497868459,351.358388784229,-91.12434927067562,371.92934978684565,1.0534963419042622,1614105367405.0,0.3443710129402258,1.0,0.3443710129402258,1.0003850587509375,1993.0,0.7789562883770419,1456.65
6386856,long,close,1473.5,-126486.0,1470.3951529704814,885407.0,877.9659062356823,0.1812585344079783,0.021460128944689516,0.2027186633526678,111.71677040223626,181.51678943358536,422.1320684501985,351.539647318637,-91.12434927067562,372.1320684501983,1.0535086788316628,1614105369206.0,0.3710258101144401,1.0,0.3710258101144401,1.0003850759668043,1801.0,0.7789572640774667,1456.65
6386858,long,close,1473.8,-126486.0,1470.3951529704814,758921.0,820.5550652577028,0.19873183793194724,0.021455760618808523,0.22018759855075576,111.73822616285507,181.6114701009622,422.3522560487493,351.73837915656895,-91.12434927067562,372.35225604874904,1.053522078590889,1614105370757.0,1.0,1.0,1.0,1.0003851006010587,1551.0,0.7789575080025729,1458.0
6386860,long,close,1474.2,-126486.0,1470.3951529704814,632435.0,751.7152295515442,0.22201851341024495,0.021449938949938952,0.2434684523601839,111.75967610180501,181.7161615354771,422.59572450110954,351.9603976699792,-91.12434927067562,372.5957245011092,1.0535369076207886,1614105371156.0,0.4434650941008527,1.0,0.4434650941008527,1.0003851351201596,399.0,0.7789577519276791,1459.35
6386891,long,close,1474.75,-126487.0,1470.3951529704814,505948.0,667.6633153725061,0.2540190744373404,0.021442108832005424,0.2754611832693458,111.78111821063702,181.8346098442829,422.8711856843789,352.21441674441655,-91.12434927067562,372.87118568437853,1.0535535226962935,1614105381418.0,0.48972254722767933,1.0,0.48972254722767933,1.000385183219148,10262.0,0.7789615327668254,1460.7
6386892,long,close,1474.8,-505948.0,1470.3951529704814,0.0,0.0,1.027707493210151,0.0857655275291565,1.1134730207393075,111.86688373816618,182.3134032432008,423.98465870511814,353.2421242376267,-91.12434927067562,373.98465870511785,1.053621219453295,1614105381485.0,1.0,1.0,1.0,1.0003855881643495,67.0,0.7789616547293785,
6387178,long,entry,1475.2,288477.0,1475.2,288477.0,469.65289886865725,0.0,0.04888777792841648,0.04888777792841648,111.9157715160946,182.33442498771,424.03354648304656,353.2421242376267,-91.12434927067562,374.0335464830463,1.0536233752607895,1614105433689.0,1.0,1.0,1.0,1.000385539423069,52204.0,0.7789965360195666,1467.45
6387300,long,close,1476.25,-288477.0,1475.2,0.0,0.0,0.13908800494450765,0.04885300592718036,0.18794101087168802,111.96462452202178,182.41523962238483,424.22148749391823,353.38121224257117,-91.12434927067562,374.22148749391795,1.05363454787447,1614105448810.0,0.6807471287685016,1.0,0.6807471287685016,1.0003855498216534,15121.0,0.7790114154510456,
6387489,long,entry,1474.4,288481.0,1474.4,288481.0,469.39752311347206,0.0,0.048914982365708085,0.048914982365708085,112.01353950438748,182.4362730648021,424.27040247628395,353.38121224257117,-91.12434927067562,374.27040247628366,1.0536369187249601,1614105487187.0,1.0,1.0,1.0,1.0003855011048128,38377.0,0.7790344663735825,1466.1
6387785,long,reentry,1466.1,534555.0,1469.0092194023105,823036.0,848.5856941384104,0.0,0.09115254757519953,0.09115254757519953,112.10469205196269,182.47546866025942,424.3615550238591,353.38121224257117,-91.12434927067562,374.36155502385884,1.053641568380662,1614105543760.0,0.6798216137829732,1.0,0.6798216137829732,1.0003854703478743,56573.0,0.7790705672893018,1456.65
6388160,long,reentry,1456.65,1525085.0,1460.9820095088799,2348121.0,1179.8623866589319,0.0,0.26174527168503076,0.26174527168503076,112.36643732364772,182.58801912708398,424.62330029554414,353.38121224257117,-91.12434927067562,374.62330029554386,1.0536567636185619,1614105587349.0,0.4174202292060892,1.0,0.4174202292060892,1.000385512023678,43589.0,0.7791163032467163,1436.4
6388276,long,close,1462.0,-123585.0,1460.9820095088799,2224536.0,1166.0022564661567,0.058900264162149586,0.021132865937072504,0.08003313009922208,112.38757018958479,182.62243337302667,424.7033334256434,353.4401125067333,-91.12434927067562,374.70333342564305,1.053661424117362,1614105599632.0,0.18957146226676377,1.0,0.18957146226676377,1.000385476525368,12283.0,0.7791304509028766,1437.75
6388286,long,close,1462.9,-123585.0,1460.9820095088799,2100951.0,1150.8591356660309,0.11090540284111935,0.021119864652402762,0.1320252674935221,112.4086900542372,182.67920423804887,424.8353586931369,353.55101790957445,-91.12434927067562,374.8353586931366,1.0536694246848712,1614105599706.0,1.0,1.0,1.0,1.0003854630861346,74.0,0.7791316705284076,1437.75
6388294,long,close,1463.95,-131309.0,1460.9820095088799,1969642.0,1133.1567096724048,0.1822157391387707,0.02242375081116158,0.20463948994993228,112.43111380504835,182.76719921872734,425.0399981830869,353.7332336487132,-91.12434927067562,375.03999818308654,1.0536818009980131,1614105601091.0,1.0,1.0,1.0,1.0003854804143486,1385.0,0.7791326462288325,1439.1
6388310,long,close,1465.1,-140688.0,1460.9820095088799,1828954.0,1112.051915492371,0.27066385235606605,0.024006552453757424,0.2946704048098235,112.45512035750211,182.8939074927956,425.3346685878967,354.0038975010693,-91.12434927067562,375.3346685878964,1.0536995763406614,1614105605374.0,0.2262501128901299,1.0,0.2262501128901299,1.0003855358247078,4283.0,0.7791345976296822,1440.45
6388330,long,close,1465.35,-140688.0,1460.9820095088799,1688266.0,1088.3906597042692,0.2870466635982734,0.024002456750946873,0.3110491203492203,112.47912281425306,183.02765861454577,425.64571770824597,354.29094416466756,-91.12434927067562,375.64571770824557,1.0537183666846468,1614105607322.0,0.24073880074258625,1.0,0.24073880074258625,1.0003855980585257,1948.0,0.7791370368807443,1441.8
6388343,long,close,1466.75,-153478.0,1460.9820095088799,1534788.0,1059.0228138747636,0.41311379925951347,0.026159536389977842,0.43927333564949134,112.50528235064304,183.21654614887504,426.08499104389546,354.7040579639271,-91.12434927067562,376.08499104389506,1.0537448754090437,1614105610375.0,0.25757799474470044,1.0,0.25757799474470044,1.0003857143669421,3053.0,0.7791386223939346,1443.15
6388401,long,close,1466.15,-153478.0,1460.9820095088799,1381310.0,1025.2449244222762,0.3702922002853751,0.02617024178972138,0.39646244207509646,112.53145259243277,183.38702499896732,426.4814534859705,355.07435016421243,-91.12434927067562,376.4814534859702,1.0537687509130493,1614105614845.0,0.2773395108159517,1.0,0.2773395108159517,1.0003858123721172,4470.0,0.7791456962220148,1444.5
6390696,long,close,1462.0,-115109.0,1460.9820095088799,1266201.0,996.5293370285202,0.054860626349806825,0.019683481532147742,0.07454410788195456,112.55113607396491,183.41907896535656,426.55599759385245,355.12921079056224,-91.12434927067562,376.5559975938521,1.0537679890824772,1614105951988.0,0.2914686078629743,1.0,0.2914686078629743,1.0003857744005444,337143.0,0.779425600281392,1444.5
6390721,long,close,1463.65,-126620.0,1460.9820095088799,1139581.0,960.5750140817934,0.1579808628239232,0.021627438253680863,0.17960830107760406,112.57276351221859,183.49631053481994,426.7356058949301,355.2871916533862,-91.12434927067562,376.73560589492973,1.0537787761494508,1614105955236.0,0.31819284549225485,1.0,0.31819284549225485,1.0003857807490153,3248.0,0.7794286493452196,1445.85
6390723,long,close,1463.85,-126620.0,1460.9820095088799,1012961.0,919.1132485961897,0.16980034610631112,0.021624483382860268,0.1914248294891714,112.59438799560145,183.57862321150026,426.92703072441924,355.45699199949246,-91.12434927067562,376.9270307244189,1.0537903215728912,1614105955265.0,1.0,1.0,1.0,1.0003857920433938,29.0,0.7794288932703258,1447.2
6390760,long,close,1466.15,-144708.0,1460.9820095088799,868253.0,863.0909569430546,0.3491330595844099,0.024674828632813832,0.3738078882172237,112.61906282423426,183.73936060343368,427.3008386126365,355.80612505907686,-91.12434927067562,377.30083861263614,1.0538127971088225,1614105958870.0,0.37236188978681395,1.0,0.37236188978681395,1.000385880096991,3605.0,0.7794334058847907,1448.55
6390794,long,close,1466.75,-144708.0,1460.9820095088799,723545.0,795.1959293863275,0.3895077578756934,0.02466473495824101,0.4141724928339344,112.6437275591925,183.9174547753523,427.71501110547047,356.1956328169526,-91.12434927067562,377.71501110547007,1.053837631790881,1614105965764.0,0.41124120403625325,1.0,0.41124120403625325,1.0003859849560337,6894.0,0.7794375526115963,1449.9
6390829,long,close,1468.65,-180886.0,1460.9820095088799,542659.0,686.9562675167973,0.6464327384853796,0.03079120280529738,0.677223941290677,112.6745187619978,184.20866107010727,428.39223504676113,356.84206555543796,-91.12434927067562,378.39223504676073,1.0538782844303467,1614105970913.0,0.4578147960410954,1.0,0.4578147960410954,1.000386200065219,5149.0,0.7794418213009551,1451.25
6390847,long,close,1470.3,-180886.0,1460.9820095088799,361773.0,539.8495525172012,0.7846507474052926,0.030756648303067402,0.8154073957083601,112.70527541030087,184.55928625026186,429.2076424424695,357.62671630284325,-91.12434927067562,379.2076424424691,1.0539271642665862,1614105976109.0,0.5322850944566486,1.0,0.5322850944566486,1.0003864725425533,5196.0,0.779444016626911,1452.6
6390892,long,close,1470.05,-361773.0,1460.9820095088799,0.0,0.0,1.5274613602379579,0.06152392775755927,1.588985287995517,112.76679933805843,185.24254992409993,430.796627730465,359.1541776630812,-91.12434927067562,380.7966277304646,1.0540222259282233,1614105981766.0,0.6327554064508835,1.0,0.6327554064508835,1.0003870673641855,5657.0,0.7794495049418007,
6391403,long,entry,1458.2,289734.0,1458.2,289734.0,464.24062994537286,0.0,0.04967322726649294,0.04967322726649294,112.81647256532493,185.26390941182453,430.8463009577315,359.1541776630812,-91.12434927067562,380.8463009577311,1.0540238936114317,1614106064750.0,1.0,1.0,1.0,1.0003870185322126,82984.0,0.7795118278064376,1449.9
6391568,long,reentry,1449.9,536877.0,1452.809218725616,826611.0,839.2433772426854,0.0,0.0925713842333954,0.0925713842333954,112.90904394955832,185.3037151070449,430.9388723419649,359.1541776630812,-91.12434927067562,380.9388723419645,1.0540290565190962,1614106088283.0,0.6797457023003775,1.0,0.6797457023003775,1.000386987604616,23533.0,0.7795319516277001,1440.45
6391614,long,close,1453.8,-118087.0,1452.809218725616,708524.0,782.1791083476522,0.055394497598803126,0.020306610262759667,0.0757011078615628,112.92935055982109,185.33626658342538,431.01457344982646,359.20957216068,-91.12434927067562,381.01457344982606,1.0540335018346358,1614106093231.0,0.4209918401858047,1.0,0.4209918401858047,1.0003869496476498,4948.0,0.7795375619051429,1441.8
6391810,long,close,1453.8,-118087.0,1452.809218725616,590437.0,714.1930918716856,0.055394497598803126,0.020306610262759667,0.0757011078615628,112.94965717008385,185.36881805980585,431.090274557688,359.2649666582788,-91.12434927067562,381.0902745576876,1.0540376245436351,1614106118697.0,0.46015659579843177,1.0,0.46015659579843177,1.0003869116987751,25466.0,0.7795614665655516,1441.8
6391853,long,close,1457.95,-147609.0,1452.809218725616,442828.0,608.1845676077961,0.3582537517046106,0.025311053191124522,0.38356480489573513,112.97496822327497,185.53375092591102,431.47383936258376,359.62322040998345,-91.12434927067562,381.47383936258336,1.0540604371564015,1614106124319.0,0.5089262613045789,1.0,0.5089262613045789,1.0003870019532042,5622.0,0.7795667109553351,1443.15
6391854,long,close,1458.05,-442828.0,1452.809218725616,0.0,0.0,1.0955951573616167,0.0759281231782175,1.1715232805398341,113.05089634645319,186.03750593654317,432.64536264312363,360.7188155673451,-91.12434927067562,382.6453626431232,1.0541302576043723,1614106124494.0,1.0,1.0,1.0,1.0003874193755742,175.0,0.7795668329178882,
6391894,long,entry,1456.45,290628.0,1456.45,290628.0,463.6833039375194,0.0,0.049886367537505576,0.049886367537505576,113.1007827139907,186.0589570745843,432.69524901066114,360.7188155673451,-91.12434927067562,382.6952490106607,1.0541331347064464,1614106130352.0,1.0,1.0,1.0,1.0003873705329798,5858.0,0.7795717114200125,1448.55
6391914,long,close,1457.45,-290628.0,1456.45,0.0,0.0,0.13691411036400852,0.04985213900991457,0.1867662493739231,113.15063485300061,186.13926656181508,432.8820152600351,360.85572967770906,-91.12434927067562,382.8820152600346,1.054144198591868,1614106133478.0,0.6813173168814299,1.0,0.6813173168814299,1.0003873784754,3126.0,0.7795741506710746,
6391921,long,entry,1456.35,290767.0,1456.35,290767.0,463.6514617862419,0.0,0.04991365399800873,0.04991365399800873,113.20054850699862,186.16072943303422,432.9319289140331,360.85572967770906,-91.12434927067562,382.93192891403265,1.05414716609065,1614106133585.0,1.0,1.0,1.0,1.0003873296576702,107.0,0.7795750044089463,1448.55
6392363,long,close,1457.35,-290767.0,1456.35,0.0,0.0,0.13699839845751086,0.04987940439839435,0.18687780285590522,113.25042791139701,186.2410868882623,433.118806716889,360.9927280761666,-91.12434927067562,383.11880671688857,1.0541569485010411,1614106218273.0,0.6801080020793142,1.0,0.6801080020793142,1.0003873376084647,84688.0,0.7796289118574189,
6393390,long,entry,1452.85,290227.0,1452.85,290227.0,462.53731531802237,0.0,0.049940978077571675,0.049940978077571675,113.30036888947458,186.26256150883563,433.1687476949666,360.9927280761666,-91.12434927067562,383.16874769496616,1.0541568525323997,1614106413259.0,1.0,1.0,1.0,1.0003872888155843,194986.0,0.7797541673994584,1444.5
6393420,long,close,1453.85,-290227.0,1452.85,0.0,0.0,0.13740338570710736,0.0499066272311449,0.18731001293825225,113.35027551670572,186.34310481439908,433.3560577079049,361.1301314618737,-91.12434927067562,383.3560577079044,1.054167943961483,1614106415874.0,0.6815358611140028,1.0,0.6815358611140028,1.0003872969074403,2615.0,0.7797578262760515,
6394851,long,entry,1450.55,289926.0,1450.55,289926.0,461.8047780619179,0.0,0.049968287890800045,0.049968287890800045,113.40024380459653,186.36459117819214,433.4060259957957,361.1301314618737,-91.12434927067562,383.40602599579523,1.0541655332519806,1614106758065.0,1.0,1.0,1.0,1.000387248139334,342191.0,0.7799323546895456,1441.8
6394865,long,close,1451.55,-289926.0,1450.55,0.0,0.0,0.13769636014137585,0.049933863800764706,0.18763022394214054,113.45017766839729,186.4452721744873,433.59365621973785,361.2678278220151,-91.12434927067562,383.5936562197374,1.054176638729715,1614106760545.0,0.6815139461641946,1.0,0.6815139461641946,1.0003872563255718,2480.0,0.779934062165289,
6394892,long,entry,1450.45,290065.0,1450.45,290065.0,461.7729843009503,0.0,0.04999569099245062,0.04999569099245062,113.50017335938973,186.466770321614,433.6436519107303,361.2678278220151,-91.12434927067562,383.64365191072983,1.054179439573681,1614106771223.0,1.0,1.0,1.0,1.0003872075822227,10678.0,0.7799373551542229,1441.8
6394926,long,close,1451.45,-290065.0,1450.45,0.0,0.0,0.13778136619917733,0.04996124565090082,0.18774261185007815,113.55013460504064,186.54749964470955,433.83139452258035,361.40560918821427,-91.12434927067562,383.8313945225799,1.0541903803090766,1614106784220.0,0.681404040084897,1.0,0.681404040084897,1.0003872157767246,12997.0,0.7799415018810285,
6394933,long,entry,1450.3,290194.0,1450.3,290194.0,461.72519872727185,0.0,0.050023098669240845,0.050023098669240845,113.60015770370988,186.5690095771373,433.88141762124957,361.40560918821427,-91.12434927067562,383.8814176212491,1.0541933074715069,1614106786865.0,1.0,1.0,1.0,1.0003871670581044,2645.0,0.7799423556189002,1441.8
6395152,long,close,1451.3,-290194.0,1450.3,0.0,0.0,0.13787114633569253,0.049988630882656926,0.18785977721834946,113.65014633459253,186.64978928134119,434.0692773984679,361.54348033454994,-91.12434927067562,384.0692773984675,1.0542039585108645,1614106818334.0,0.6804669905001579,1.0,0.6804669905001579,1.0003871752628015,31469.0,0.7799690654180303,
6395175,long,entry,1449.5,290193.0,1449.5,290193.0,461.4705498558969,0.0,0.0500505346671266,0.0500505346671266,113.70019686925966,186.67131101124806,434.119327933135,361.54348033454994,-91.12434927067562,384.1193279331346,1.0542068381471221,1614106824000.0,1.0,1.0,1.0,1.0003871265688908,5666.0,0.7799718705567518,1441.8
6395361,long,reentry,1441.8,537727.0,1444.498915474925,827920.0,834.3519142717155,0.0,0.09323883340269108,0.09323883340269108,113.79343570266235,186.7114037096112,434.2125667665377,361.54348033454994,-91.12434927067562,384.2125667665373,1.054212007603771,1614106846891.0,0.6799233224512593,1.0,0.6799233224512593,1.0003870957068592,22891.0,0.7799945555916293,1432.35
6396088,long,close,1445.5,-118274.0,1444.498915474925,709646.0,777.6120753567354,0.05670543896318486,0.02045555171221031,0.07716099067539517,113.81389125437457,186.7445829356016,434.2897277572131,361.60018577351315,-91.12434927067562,384.2897277572127,1.0542151992064617,1614106934826.0,0.41812405727615914,1.0,0.41812405727615914,1.000387058217716,87935.0,0.7800832223677371,1433.7
6396163,long,close,1448.8,-141929.0,1444.498915474925,567717.0,694.7218267721834,0.2916912911358183,0.024490785477636667,0.316182076613455,113.8383820398522,186.88054122854538,434.6059098338265,361.89187706464895,-91.12434927067562,384.60590983382616,1.054233806242872,1614106943208.0,0.4622323130313033,1.0,0.4622323130313033,1.0003871192393372,8382.0,0.78009236955922,1433.7
6396181,long,close,1449.6,-141929.0,1444.498915474925,425788.0,589.8731853907567,0.34575483523655554,0.02447726959161148,0.37023210482816704,113.86285930944382,187.0397410336215,434.9761419386547,362.2376318998855,-91.12434927067562,384.97614193865434,1.0542557091500997,1614106944634.0,0.5205012066313397,1.0,0.5205012066313397,1.000387202391253,1426.0,0.7800945648851759,1435.05
6396187,long,close,1449.75,-425788.0,1444.498915474925,0.0,0.0,1.0676578290371843,0.07342438351439905,1.1410822125515834,113.93628369295821,187.5304063850187,436.11722415120624,363.3052897289227,-91.12434927067562,386.1172241512059,1.0543231657555738,1614106944924.0,0.5930646163355823,1.0,0.5930646163355823,1.0003876020377025,290.0,0.7800952966604946,
6399744,long,entry,1446.6,290979.0,1446.6,290979.0,460.5474973352609,0.0,0.05028670676068022,0.05028670676068022,113.9865703997189,187.55202966892577,436.16751085796693,363.3052897289227,-91.12434927067562,386.1675108579666,1.0543130923963964,1614107772327.0,1.0,1.0,1.0,1.0003875533197035,827403.0,0.780529117461891,1439.1
6399846,long,close,1447.6,-290979.0,1446.6,0.0,0.0,0.13895193910106196,0.05025196877590495,0.18920390787696692,114.03682236849481,187.63338734931287,436.3567147658439,363.4442416680237,-91.12434927067562,386.35671476584355,1.0543241109849089,1614107781625.0,0.6808181458623184,1.0,0.6808181458623184,1.0003875615888627,9298.0,0.7805415576423077,
6399856,long,entry,1446.25,291068.0,1446.25,291068.0,460.4356886678331,0.0,0.050314261019879,0.050314261019879,114.08713662951469,187.6550224815514,436.40702902686377,363.4442416680237,-91.12434927067562,386.4070290268634,1.0543270641534725,1614107782585.0,1.0,1.0,1.0,1.0003875128954984,960.0,0.7805427772678388,1437.75
6400299,long,close,1447.25,-291068.0,1446.25,0.0,0.0,0.1390616991394117,0.05027949559509415,0.18934119473450584,114.13741612510978,187.73643919528723,436.59637022159825,363.5833033671631,-91.12434927067562,386.5963702215979,1.054336911748414,1614107866285.0,0.6803417879284691,1.0,0.6803417879284691,1.0003875211826057,83700.0,0.7805968066788646,
6400443,long,entry,1444.45,290865.0,1444.45,290865.0,459.862196749119,0.0,0.05034182560836305,0.05034182560836305,114.18775795071814,187.75808618029885,436.6467120472066,363.5833033671631,-91.12434927067562,386.6467120472063,1.0543395617128293,1614107886473.0,1.0,1.0,1.0,1.0003874725138475,20188.0,0.7806143692865117,1436.4
6400525,long,close,1445.45,-290865.0,1444.45,0.0,0.0,0.13931115046072434,0.05030699782074786,0.1896181482814722,114.23806494853889,187.8396219840599,436.83633019548813,363.72261451762387,-91.12434927067562,386.83633019548773,1.054350456726264,1614107904369.0,0.6811936658122507,1.0,0.6811936658122507,1.0003874808760052,17896.0,0.7806243702158664,
6438025,long,entry,1545.55,311395.0,1545.55,311395.0,492.04966612483884,0.0,0.05036960952411763,0.05036960952411763,114.288434558063,187.86128091615527,436.88669980501226,363.72261451762387,-91.12434927067562,386.88669980501186,1.0541304788856347,1614122099362.0,1.0,1.0,1.0,1.0003874322318929,14194993.0,0.7851979659573243,1537.2
6438473,long,reentry,1537.2,577014.0,1540.1267468587102,888409.0,889.6101168573571,0.0,0.09384172521467603,0.09384172521467603,114.38227628327768,187.90163285799758,436.98054153022696,363.72261451762387,-91.12434927067562,386.98054153022656,1.054134361512744,1614122203136.0,0.6798948273591784,1.0,0.6798948273591784,1.000387401384895,103774.0,0.7852526051811156,1527.4
6439635,long,reentry,1527.4,1646221.0,1531.8608311469525,2534630.0,1237.03824752637,0.0,0.26944824538431317,0.26944824538431317,114.65172452866199,188.01749560351283,437.24998977561125,363.72261451762387,-91.12434927067562,387.24998977561086,1.0541463496651955,1614122446918.0,0.4175275866841111,1.0,0.4175275866841111,1.000387442325623,243782.0,0.7853943256678243,1506.4
6441165,long,reentry,1506.4,580895.0,1527.1136153457282,3115525.0,1284.9346476451053,0.0,0.09640450743494423,0.09640450743494423,114.74812903609693,188.05894954170986,437.3463942830462,363.72261451762387,-91.12434927067562,387.3463942830458,1.0541490251086483,1614122637111.0,0.17875705534995018,1.0,0.17875705534995018,1.0003874125029575,190193.0,0.7855809283740758,0.05
6443916,long,close,1528.2,-163975.0,1527.1136153457282,2951550.0,1272.1392477826487,0.07633254059497134,0.02682485931160843,0.10315739990657977,114.77495389540853,188.1033072236697,437.4495516829528,363.79894705821886,-91.12434927067562,387.4495516829524,1.054145785494738,1614123230630.0,0.1425480313335522,1.0,0.1425480313335522,1.0003873854399532,593519.0,0.7859164473576691,1498.0
6443930,long,close,1529.15,-163975.0,1527.1136153457282,2787575.0,1258.098941152525,0.14299340799458982,0.026808194094758524,0.16980160208934833,114.80176208950328,188.17632191256814,437.61935328504217,363.94194046621345,-91.12434927067562,387.61935328504177,1.054155717804168,1614123231506.0,1.0,1.0,1.0,1.000387385578726,876.0,0.7859181548334125,1499.4
6443992,long,close,1528.2,-146714.0,1527.1136153457282,2640861.0,1244.4001544817545,0.06829731581552448,0.024001112419840338,0.09229842823536481,114.82576320192312,188.21601023670934,437.71165171327755,364.010237782029,-91.12434927067562,387.71165171327715,1.0541609777722032,1614123240759.0,0.17615156757741796,1.0,0.17615156757741796,1.0003873540737553,9253.0,0.7859257165117051,1500.8
6444012,long,close,1529.15,-146714.0,1527.1136153457282,2494147.0,1229.4024252512393,0.12794105723749505,0.023986201484484847,0.1519272587219799,114.84974940340761,188.28133895795978,437.8635789719995,364.13817883926646,-91.12434927067562,387.8635789719991,1.054169816882343,1614123244266.0,0.18629428203638623,1.0,0.18629428203638623,1.000387346888231,3507.0,0.7859281557627672,1502.2
6444024,long,close,1529.15,-138563.0,1527.1136153457282,2355584.0,1213.9115779545134,0.12083302693675468,0.02265359840434228,0.14348662534109696,114.87240300181196,188.34303820685645,438.0070655973406,364.2590118662032,-91.12434927067562,388.0070655973402,1.054178109834472,1614123250920.0,0.1961012062700325,1.0,0.1961012062700325,1.0003873362437687,6654.0,0.7859296193134044,1502.2
6444038,long,close,1530.1,-138563.0,1527.1136153457282,2217021.0,1196.9081694188794,0.17709318897615275,0.022639533363832433,0.19973272233998518,114.89504253517579,188.42892327746264,438.20679831968056,364.4361050551793,-91.12434927067562,388.2067983196802,1.0541897188705558,1614123255723.0,0.20617866992249975,1.0,0.20617866992249975,1.0003873484944068,4803.0,0.785931326789148,1503.6
6444067,long,close,1531.25,-147801.0,1527.1136153457282,2069220.0,1176.8422853662555,0.26144530050172055,0.02413077551020408,0.28557607601192464,114.91917331068599,188.5517209901478,438.49237439569254,364.6975503556811,-91.12434927067562,388.49237439569214,1.0542063233086971,1614123261631.0,0.21788599377993303,1.0,0.21788599377993303,1.0003873956419407,5908.0,0.785934863703188,1505.0
6444070,long,close,1531.45,-147801.0,1527.1136153457282,1921419.0,1154.5007738633021,0.2740507531173313,0.02412762414705018,0.29817837726438146,114.94330093483305,188.67993769237148,438.7905527729569,364.9716011087984,-91.12434927067562,388.7905527729565,1.0542237387666535,1614123262076.0,1.0,1.0,1.0,1.0003874478213064,445.0,0.7859352295908474,1506.4
6444102,long,close,1533.15,-174674.0,1527.1136153457282,1746745.0,1124.51938997196,0.4503489716803764,0.02848286208133581,0.47883183376171223,114.97178379691438,188.885835380889,439.26938460671863,365.4219500804788,-91.12434927067562,389.26938460671823,1.0542516238449549,1614123266459.0,0.24665528622296762,1.0,0.24665528622296762,1.0003875732775311,4383.0,0.7859391323925468,1507.8
6444176,long,close,1532.2,-158795.0,1527.1136153457282,1587950.0,1093.3366747224466,0.3451908033953235,0.025909639733716225,0.3711004431290397,114.99769343664809,189.04540857143448,439.64048504984765,365.7671408838741,-91.12434927067562,389.64048504984726,1.0542728697097594,1614123291855.0,0.2655000718667799,1.0,0.2655000718667799,1.0003876547778308,25396.0,0.7859481576214765,1509.2
6444238,long,close,1532.55,-158795.0,1527.1136153457282,1429155.0,1057.4775212557827,0.36885952260657967,0.025903722553913416,0.3947632451604931,115.02359715920201,189.21515676685348,440.0352482950081,366.13600040648066,-91.12434927067562,390.03524829500776,1.0542956782634487,1614123304342.0,0.28598421242615735,1.0,0.28598421242615735,1.0003877457115242,12487.0,0.785955719299769,1509.2
6444253,long,close,1533.4,-178644.0,1527.1136153457282,1250511.0,1010.0953371796029,0.4795816721250192,0.029125472805530194,0.5087071449305494,115.05272263200754,189.4339008391736,440.5439554399386,366.61558207860566,-91.12434927067562,390.5439554399383,1.0543252778214645,1614123305300.0,0.3101007820617284,1.0,0.3101007820617284,1.000387882588987,958.0,0.7859575487380657,1510.6
6444354,long,close,1528.2,-125051.0,1527.1136153457282,1125460.0,971.6383633367899,0.058212901563907675,0.020457237272608297,0.07867013883651597,115.07317986928015,189.4677289988733,440.6226255787751,366.6737949801696,-91.12434927067562,390.62262557877483,1.0543293593467948,1614123336858.0,0.33879138730756203,1.0,0.33879138730756203,1.000387845288652,31558.0,0.7859698669559293,1512.0
6444373,long,close,1530.35,-140682.0,1527.1136153457282,984778.0,921.4062822291124,0.19482135069005418,0.022981997582252427,0.2178033482723066,115.0961618668624,189.5613844386304,440.8404289270474,366.86861633085965,-91.12434927067562,390.8404289270471,1.054341957411457,1614123341248.0,0.3642566406014395,1.0,0.3642566406014395,1.0003878642548345,4390.0,0.7859721842444384,1513.4
6444374,long,close,1530.65,-140682.0,1527.1136153457282,844096.0,861.9726850613947,0.21283879236433023,0.022977493221833862,0.2358162855861641,115.11913936008423,189.66278544143245,441.0762452126336,367.081455123224,-91.12434927067562,391.0762452126333,1.0543556587749978,1614123341650.0,1.0,1.0,1.0,1.0003878904481551,402.0,0.7859723062069914,1514.8
6444378,long,close,1531.1,-140682.0,1527.1136153457282,703414.0,790.5559794968325,0.23985171627478,0.022970739990856248,0.2628224562656363,115.14211010007509,189.77579909762665,441.3390676688992,367.32130683949873,-91.12434927067562,391.3390676688989,1.054370914726284,1614123342486.0,0.436950365757793,1.0,0.436950365757793,1.0003879274836331,836.0,0.7859727940572039,1514.8
6444381,long,close,1531.65,-140682.0,1527.1136153457282,562732.0,703.1383347795645,0.27284595646012627,0.02296249143080991,0.2958084478909362,115.16507259150589,189.90299673021974,441.6348761167901,367.59415279595885,-91.12434927067562,391.6348761167898,1.0543880797017982,1614123343114.0,1.0,1.0,1.0,1.0003879777480238,628.0,0.7859731599448632,1516.2
6444469,long,close,1532.55,-140683.0,1527.1136153457282,422049.0,593.6730249396336,0.32678777177405743,0.02294916968451274,0.34973694145857015,115.1880217611904,190.05338361504693,441.98461305824867,367.9209405677329,-91.12434927067562,391.9846130582484,1.0544079441736824,1614123370281.0,0.5402221050287291,1.0,0.5402221050287291,1.0003880496467177,27167.0,0.7859838926495365,1517.6
6444475,long,close,1532.75,-422049.0,1527.1136153457282,0.0,0.0,1.0162974254136956,0.06883852552601533,1.085135950939711,115.25686028671642,190.51999207395102,443.0697490091884,368.9372379931466,-91.12434927067562,393.0697490091881,1.0544707943497365,1614123370826.0,0.6125861231143086,1.0,0.6125861231143086,1.0003884172085262,545.0,0.7859846244248551,
6476268,long,entry,1614.75,329980.0,1614.75,329980.0,514.0808796573166,0.0,0.05108840377767457,0.05108840377767457,115.30794869049409,190.5419600875754,443.12083741296607,368.9372379931466,-91.12434927067562,393.1208374129658,1.0542410556117963,1614138220077.0,1.0,1.0,1.0,1.0003883685968635,14849251.0,0.7898621798757397,1605.0
6476339,long,close,1615.85,-329980.0,1614.75,0.0,0.0,0.13911500239609492,0.051053625027075535,0.19016862742317045,115.35900231552117,190.62373259736736,443.3110060403892,369.07635299554266,-91.12434927067562,393.311006040389,1.054251762980188,1614138235689.0,0.681407486578262,1.0,0.681407486578262,1.0003883758545262,15612.0,0.7898708392170102,
6476389,long,entry,1614.4,330088.0,1614.4,330088.0,513.9693276090696,0.0,0.05111620416253717,0.05111620416253717,115.4101185196837,190.64571256515725,443.36212224455176,369.07635299554266,-91.12434927067562,393.36212224455153,1.054254325980225,1614138260022.0,1.0,1.0,1.0,1.0003883272675116,24333.0,0.7898769373446655,1605.0
6476540,long,close,1615.5,-330088.0,1614.4,0.0,0.0,0.1392208593718079,0.051081398947694215,0.1903022583195021,115.4611999186314,190.72754253623464,443.55242450287125,369.21557385491445,-91.12434927067562,393.552424502871,1.0542645186976196,1614138308711.0,0.6812099068946691,1.0,0.6812099068946691,1.0003883345420115,48689.0,0.7898953536901844,
6487721,long,entry,1619.0,331208.0,1619.0,331208.0,515.4329398599668,0.0,0.05114391599752934,0.05114391599752934,115.51234383462892,190.74953442011358,443.6035684188688,369.21557385491445,-91.12434927067562,393.6035684188686,1.0541833708523076,1614143703718.0,1.0,1.0,1.0,1.0003882859795776,5395007.0,0.7912590169964575,1609.5
6487954,long,close,1620.15,-331208.0,1619.0,0.0,0.0,0.14521001980598253,0.05110761349257785,0.1963176332985604,115.5634514481215,190.83395100243197,443.7998860521674,369.3607838747204,-91.12434927067562,393.79988605216715,1.0541940060537438,1614143744808.0,0.680579468992677,1.0,0.680579468992677,1.0003882956283185,41090.0,0.7912874342713311,
6487981,long,entry,1618.1,331209.0,1618.1,331209.0,515.1468803312805,0.0,0.05117251714974353,0.05117251714974353,115.61462396527124,190.85595518480636,443.8510585693171,369.3607838747204,-91.12434927067562,393.8510585693169,1.0541968696740078,1614143749591.0,1.0,1.0,1.0,1.0003882470900982,4783.0,0.791290727260265,1609.5
6487989,long,close,1619.25,-331209.0,1618.1,0.0,0.0,0.1453719801691329,0.05113617415470125,0.19650815432383417,115.66576013942594,190.9404536911656,444.04756672364095,369.5061558548896,-91.12434927067562,394.0475667236407,1.0542081171856539,1614143751642.0,0.6816150306976017,1.0,0.6816150306976017,1.0003882567747544,2051.0,0.7912917029606897,
6488409,long,entry,1617.15,331199.0,1617.15,331199.0,514.8441324051007,0.0,0.05120103268095105,0.05120103268095105,115.71696117210689,190.96247013521844,444.09876775632193,369.5061558548896,-91.12434927067562,394.0987677563217,1.05420935279938,1614143860986.0,1.0,1.0,1.0,1.0003882082606752,109344.0,0.791342927232994,1608.0
6488424,long,close,1618.25,-331199.0,1617.15,0.0,0.0,0.1392149196948387,0.05116622895102734,0.19038114864586606,115.76812740105792,191.04433402913617,444.2891489049678,369.6453707745844,-91.12434927067562,394.2891489049676,1.054220188318314,1614143866509.0,0.6815659745144107,1.0,0.6815659745144107,1.0003882154536263,5523.0,0.7913447566712907,
6488482,long,entry,1616.9,331328.0,1616.9,331328.0,514.7645855873859,0.0,0.05122889479868885,0.05122889479868885,115.81935629585661,191.0663624538996,444.3403777997665,369.6453707745844,-91.12434927067562,394.34037779976626,1.0542228086795207,1614143886908.0,1.0,1.0,1.0,1.0003881669641297,20399.0,0.7913518304993707,1608.0
6488694,long,close,1618.0,-331328.0,1616.9,0.0,0.0,0.13931219846367568,0.05119406674907293,0.1905062652127486,115.87055036260568,191.14828014794108,444.53088406497926,369.7846829730481,-91.12434927067562,394.53088406497903,1.0542320382813668,1614143995614.0,0.681062834208559,1.0,0.681062834208559,1.0003881741704705,108706.0,0.7913776865606291,
6520617,long,entry,1667.8,341944.0,1667.8,341944.0,530.9692085031702,0.0,0.05125674541311908,0.05125674541311908,115.9218071080188,191.17032054846874,444.5821408103924,369.7846829730481,-91.12434927067562,394.58214081039216,1.053977251399683,1614160620320.0,1.0,1.0,1.0,1.0003881257055207,16624706.0,0.7952710971434175,1658.5
6520640,long,close,1668.95,-341944.0,1667.8,0.0,0.0,0.1412750704936494,0.05122142664549567,0.19249649713914507,115.9730285346643,191.25309404223856,444.7746373075315,369.92595804354175,-91.12434927067562,394.7746373075313,1.0539881300807892,1614160626688.0,0.6815203883738182,1.0,0.6815203883738182,1.0003881336700557,6368.0,0.7952739022821389,
6520761,long,entry,1667.4,342050.0,1667.4,342050.0,530.8424563980868,0.0,0.05128493462876334,0.05128493462876334,116.02431346929306,191.27514656412893,444.8259222421603,369.92595804354175,-91.12434927067562,394.82592224216006,1.053990325567444,1614160673874.0,1.0,1.0,1.0,1.0003880852295384,47186.0,0.7952886597510647,1658.5
6521028,long,close,1668.55,-342050.0,1667.4,0.0,0.0,0.1413866526578438,0.05124958796559888,0.1926362406234427,116.07556305725866,191.35798014759698,445.0185584827837,370.0673446961996,-91.12434927067562,395.0185584827835,1.0539991210425455,1614160815331.0,0.6810799300702393,1.0,0.6810799300702393,1.0003880932120721,141457.0,0.7953212237527438,
6534516,long,entry,1673.9,343572.0,1673.9,343572.0,532.9121256829285,0.0,0.051313101141047854,0.051313101141047854,116.12687615839971,191.38004478108763,445.06987158392474,370.0673446961996,-91.12434927067562,395.0698715839245,1.053877810268758,1614168882603.0,1.0,1.0,1.0,1.0003880447959455,8067272.0,0.7969662546690315,1664.7
6534557,long,close,1675.05,-343572.0,1673.9,0.0,0.0,0.1409153549140501,0.05127787230231934,0.19219322721636944,116.17815403070203,191.46268786879068,445.2620648111411,370.20826005111365,-91.12434927067562,395.2620648111409,1.0538885944853744,1614168891536.0,0.6814441235680982,1.0,0.6814441235680982,1.000388052564103,8933.0,0.7969712551337088,
6534597,long,entry,1673.65,343708.0,1673.65,343708.0,532.8318335101026,0.0,0.05134108087114988,0.05134108087114988,116.22949511157319,191.48476453356528,445.31340589201227,370.20826005111365,-91.12434927067562,395.31340589201204,1.0538910324208195,1614168922689.0,1.0,1.0,1.0,1.0003880041723283,31153.0,0.796976133635833,1664.7
6534842,long,reentry,1664.7,636890.0,1667.83705167663,980598.0,963.3627587494374,0.0,0.09564636270799544,0.09564636270799544,116.32514147428118,191.5258924695297,445.4090522547203,370.20826005111365,-91.12434927067562,395.40905225472005,1.0538964115528628,1614168926179.0,0.6799135953443051,1.0,0.6799135953443051,1.000387973446044,3490.0,0.7970060144613439,1653.85
6535453,long,reentry,1653.85,1817048.0,1658.752576987939,2797646.0,1339.5208021482842,0.0,0.27466940774556337,0.27466940774556337,116.59981088202674,191.64400031486034,445.68372166246587,370.20826005111365,-91.12434927067562,395.68372166246564,1.0539116653416285,1614168948376.0,0.4174853315095916,1.0,0.4174853315095916,1.0003880139972399,22197.0,0.7970805335812914,1630.5
6536245,long,close,1659.9,-147244.0,1658.752576987939,2650402.0,1323.7829865260787,0.06136173446335564,0.022176637146816072,0.08353837161017172,116.62198751917356,191.6799218146527,445.767260034076,370.269621785577,-91.12434927067562,395.76726003407583,1.053915525188101,1614169005700.0,0.1862952240625172,1.0,0.1862952240625172,1.0003879784306766,57324.0,0.7971771279233509,1632.0
6536321,long,close,1659.9,-139494.0,1658.752576987939,2510908.0,1307.5671678826338,0.05813203789106063,0.021009398156515452,0.07914143604757609,116.64299691733008,191.71395263215317,445.8464014701236,370.3277538234681,-91.12434927067562,395.8464014701234,1.0539198855091467,1614169014185.0,0.20013112596611557,1.0,0.20013112596611557,1.000387941121556,8485.0,0.7971863970773869,1633.5
6536332,long,close,1661.0,-147700.0,1658.752576987939,2363208.0,1288.7780509658805,0.12047975500097012,0.022230583985550872,0.142710338986521,116.66522750131563,191.77531807791738,445.98911180911017,370.44823357846906,-91.12434927067562,395.98911180910994,1.0539279719340953,1614169014804.0,0.21261724753401753,1.0,0.21261724753401753,1.0003879290948192,619.0,0.7971877386654711,1633.5
6536389,long,close,1659.9,-139012.0,1658.752576987939,2224196.0,1269.4374912102535,0.05793117160101596,0.020936803421892882,0.07886797502290885,116.68616430473752,191.8092313071772,446.06797978413306,370.50616475007007,-91.12434927067562,396.06797978413283,1.0539323291965363,1614169022335.0,0.222128168176074,1.0,0.222128168176074,1.000387891683332,7531.0,0.7971946905309981,1635.0
6540870,long,reentry,1635.0,1225493.0,1650.3145361005777,3449689.0,1389.6309387288604,0.0,0.187384250764526,0.187384250764526,116.87354855550204,191.88980653500596,446.2553640348976,370.50616475007007,-91.12434927067562,396.25536403489735,1.0539294611031378,1614169899681.0,0.22353814226542698,1.0,0.22353814226542698,1.0003878973863491,877346.0,0.797741204731464,0.05
6547015,long,close,1651.45,-181562.0,1650.3145361005777,3268127.0,1375.840620641298,0.07564254541948237,0.027485240243422446,0.10312778566290481,116.90103379574546,191.93415148284103,446.3584918205605,370.58180729548957,-91.12434927067562,396.35849182056023,1.0539053489875703,1614171848891.0,0.1429702187986923,1.0,0.1429702187986923,1.0003878696071158,1949210.0,0.7984906646202976,1618.5
6554650,long,reentry,1618.5,148972.0,1648.9275481695945,3417099.0,1386.2284493014615,0.0,0.023010812480692,0.023010812480692,116.92404460822615,191.94404613220772,446.38150263304124,370.58180729548957,-91.12434927067562,396.38150263304095,1.0538438550954434,1614175941959.0,0.14984977252059312,1.0,0.14984977252059312,1.000387810029746,4093068.0,0.7994218487132585,0.05
6563383,long,close,1650.05,-179847.0,1648.9275481695945,3237252.0,1372.372770134794,0.07419458878607328,0.027248719735765585,0.10144330852183886,116.95129332796192,191.98766675487212,446.4829459415631,370.65600188427567,-91.12434927067562,396.4829459415628,1.053809323911803,1614178571341.0,0.1287609519819863,1.0,0.1287609519819863,1.000387781595898,2629382.0,0.8004869476895292,1617.0
6563413,long,close,1651.1,-179847.0,1648.9275481695945,3057405.0,1357.1694531131639,0.1435087568499181,0.027231391193749625,0.17074014804366772,116.97852471915567,192.06108501853092,446.6536860896068,370.7995106411256,-91.12434927067562,396.6536860896064,1.0538189125030053,1614178575049.0,0.16823372215231125,1.0,0.16823372215231125,1.0003877806450734,3708.0,0.8004906065661224,1618.5
6563437,long,close,1652.15,-179847.0,1648.9275481695945,2877558.0,1340.4202257668871,0.2127348216828839,0.027214084677541384,0.2399489063604253,117.00573880383321,192.16426304826592,446.89363499596726,371.0122454628085,-91.12434927067562,396.89363499596686,1.0538324385168836,1614178576547.0,0.17807082539173702,1.0,0.17807082539173702,1.0003878070962777,1498.0,0.800493533667397,1620.0
6563471,long,close,1653.2,-179847.0,1648.9275481695945,2697711.0,1321.885911569297,0.2818729511564134,0.027196800145173,0.3090697513015864,117.03293560397839,192.2971630413256,447.20270474726885,371.2941184139649,-91.12434927067562,397.20270474726846,1.0538498059562806,1614178581380.0,0.18860761152125477,1.0,0.18860761152125477,1.0003878608560253,4833.0,0.8004976803942024,1621.5
6563476,long,close,1653.2,-168606.0,1648.9275481695945,2529105.0,1302.6727894299547,0.26425501010680325,0.025496915073796273,0.2897519251805995,117.05843251905219,192.42175636915326,447.49245667244946,371.5583734240717,-91.12434927067562,397.49245667244907,1.053866130185297,1614178582449.0,0.2003593783985863,1.0,0.2003593783985863,1.0003879068702057,1069.0,0.800498290206968,1623.0
6563533,long,close,1651.1,-140505.0,1648.9275481695945,2388600.0,1285.167842478544,0.1121158422503447,0.02127445339470656,0.13339029564505125,117.0797069724469,192.47911419628062,447.6258469680945,371.670489266322,-91.12434927067562,397.6258469680941,1.053873402352516,1614178598565.0,0.21062094262690215,1.0,0.21062094262690215,1.0003878909772466,16116.0,0.8005052420724951,1624.5
6563546,long,close,1652.3,-149287.0,1648.9275481695945,2239313.0,1264.7261420657937,0.1847894910972281,0.022587756460691156,0.20737724755791925,117.1022947289076,192.56828641273052,447.83322421565236,371.8552787574192,-91.12434927067562,397.833224215652,1.0538850422505792,1614178601526.0,1.0,1.0,1.0,1.0003879043133055,2961.0,0.8005068275856854,1624.5
6563550,long,close,1652.6,-159950.0,1648.9275481695945,2079363.0,1240.4297640991444,0.2155614173000734,0.024196720319496552,0.23975813761956993,117.12649144922709,192.67138241190693,448.0729823532719,372.0708401747193,-91.12434927067562,398.0729823532716,1.0538985338484654,1614178602288.0,0.2347283804400244,1.0,0.2347283804400244,1.0003879303936976,762.0,0.8005073154358978,1626.0
6563583,long,close,1654.1,-173280.0,1648.9275481695945,1906083.0,1210.751808290786,0.32861059277608323,0.026189468593192676,0.3548000613692759,117.15268091782028,192.82394643829574,448.42778241464123,372.3994507674954,-91.12434927067562,398.4277824146409,1.0539184376567594,1614178606575.0,0.24974762506478088,1.0,0.24974762506478088,1.0003880018036944,4287.0,0.8005113402001504,1627.5
6563592,long,close,1654.4,-173280.0,1648.9275481695945,1732803.0,1176.9453440090404,0.3476068224133342,0.026184719535783368,0.37379154194911757,117.17886563735605,192.98467680133385,448.80157395659035,372.74705758990876,-91.12434927067562,398.80157395659,1.0539394446922081,1614178607535.0,0.2680962319535827,1.0,0.2680962319535827,1.0003880805623928,960.0,0.8005124378631282,1629.0
6563630,long,close,1653.2,-157527.0,1648.9275481695945,1575276.0,1141.9309871017663,0.24689097052948528,0.02382152794580208,0.27071249847528733,117.20268716530185,193.1010831756782,449.07228645506564,372.99394856043824,-91.12434927067562,399.0722864550653,1.053954551398683,1614178614527.0,0.2879943472419599,1.0,0.2879943472419599,1.0003881185836132,6992.0,0.8005170724401462,1630.5
6563632,long,close,1653.85,-175030.0,1648.9275481695945,1400246.0,1097.018618193372,0.3159339348048405,0.026457961725670408,0.3423918965305109,117.22914512702752,193.24831169118633,449.41467835159614,373.3098824952431,-91.12434927067562,399.4146783515958,1.0539737783984524,1614178614691.0,0.3094481981666216,1.0,0.3094481981666216,1.0003881847296252,164.0,0.8005173163652525,1632.0
6563642,long,close,1654.25,-175030.0,1648.9275481695945,1225216.0,1044.192671871204,0.341524225728868,0.026451564152939398,0.3679757898818074,117.25559669118046,193.40654128083548,449.7826541414779,373.6514067209719,-91.12434927067562,399.7826541414776,1.0539943692292297,1614178618572.0,0.3367681640861086,1.0,0.3367681640861086,1.0003882608051913,3881.0,0.8005185359907835,1633.5
6563648,long,close,1654.75,-175030.0,1648.9275481695945,1050186.0,981.1654177149602,0.3734946915429703,0.026443571536485872,0.3999382630794562,117.28204026271695,193.57851473395968,450.1825924045574,374.0249014125149,-91.12434927067562,400.18259240455706,1.054016780694269,1614178619480.0,0.36887720044049316,1.0,0.36887720044049316,1.0003883492848749,908.0,0.8005192677661022,1635.0
6563659,long,close,1655.45,-175031.0,1648.9275481695945,875155.0,904.6716157151988,0.4182232885252258,0.0264325410009363,0.44465582952616206,117.30847280371789,193.76971674065592,450.62724823408354,374.4431247010401,-91.12434927067562,400.6272482340832,1.054041595937236,1614178625645.0,0.40707915293995633,1.0,0.40707915293995633,1.0003884551309354,6165.0,0.8005206093541863,1635.0
6563874,long,close,1653.85,-175031.0,1648.9275481695945,700124.0,810.0488089651872,0.31593573983217754,0.026458112888109564,0.3423938527202871,117.334930916606,193.91694609732565,450.96964208680384,374.7590604408723,-91.12434927067562,400.9696420868035,1.0540599519172882,1614178678249.0,0.45272580035982046,1.0,0.45272580035982046,1.000388520707075,52604.0,0.800546831303104,1636.5
6563960,long,close,1659.45,-233374.0,1648.9275481695945,466750.0,641.7202407922044,0.8974363806984431,0.035158335593118206,0.9325947162915613,117.37008925219912,194.317961825331,451.9022368030954,375.6564968215707,-91.12434927067562,401.9022368030951,1.0541120104415003,1614178682725.0,0.5107071311858976,1.0,0.5107071311858976,1.0003888170249433,4476.0,0.8005573200826711,1638.0
6564471,long,close,1659.25,-466750.0,1648.9275481695945,0.0,0.0,1.7609774371549964,0.07032544824468888,1.8313028853996853,117.44041470044381,195.1054220660529,453.7335396884951,377.41747425872575,-91.12434927067562,403.7335396884948,1.0542117976328964,1614178829844.0,0.6132118372658644,1.0,0.6132118372658644,1.0003894626682377,147119.0,0.800619642947308,
6581379,long,entry,1635.2,342201.0,1635.2,342201.0,520.5908668923097,0.0,0.052317912181996086,0.052317912181996086,117.4927326126258,195.12791876829115,453.7858576006771,377.41747425872575,-91.12434927067562,403.78585760067676,1.0540427656540254,1614190015660.0,1.0,1.0,1.0,1.0003894142666723,11185816.0,0.8026817857952165,1626.0
6581429,long,close,1636.35,-342201.0,1635.2,0.0,0.0,0.14707268985067973,0.05228114400953342,0.19935383386021316,117.54501375663533,195.21364091685106,453.98521143453735,377.56454694857644,-91.12434927067562,403.98521143453695,1.0540531632795318,1614190058074.0,0.6814886555769161,1.0,0.6814886555769161,1.0003894230730725,42414.0,0.8026878839228718,
6581445,long,entry,1635.0,342349.0,1635.0,342349.0,520.5272666193106,0.0,0.05234694189602447,0.05234694189602447,117.59736069853135,195.23615010186634,454.03755837643337,377.56454694857644,-91.12434927067562,404.03755837643297,1.0540558311146995,1614190073229.0,1.0,1.0,1.0,1.000389374695582,15155.0,0.8026898353237215,1626.0
6581899,long,close,1636.15,-342349.0,1635.0,0.0,0.0,0.1471722841559137,0.05231014882498548,0.19948243298089918,117.64967084735633,195.3219275480481,454.2370408094142,377.7117192327323,-91.12434927067562,404.2370408094139,1.0540639276067534,1614190265818.0,0.68037378857308,1.0,0.68037378857308,1.0003893835128597,192589.0,0.8027452063228314,
6582085,long,entry,1632.95,342109.0,1632.95,342109.0,519.8741766799826,0.0,0.05237591475550384,0.05237591475550384,117.70204676211183,195.34444919139298,454.2894167241697,377.7117192327323,-91.12434927067562,404.28941672416937,1.054066142392045,1614190310518.0,1.0,1.0,1.0,1.0003893351593915,44700.0,0.8027678913577091,1623.0
6582751,long,close,1634.1,-342109.0,1632.95,0.0,0.0,0.1474384724773786,0.0523390551373845,0.19977752761476308,117.75438581724922,195.43035352826735,454.4891942517845,377.8591577052097,-91.12434927067562,404.4891942517841,1.0540711519364632,1614190705089.0,0.6804706965703856,1.0,0.6804706965703856,1.0003893440521323,394571.0,0.8028491184180774,
6583315,long,entry,1629.2,341513.0,1629.2,341513.0,518.6804809458081,0.0,0.05240501473115639,0.05240501473115639,117.80679083198036,195.45288768460173,454.5415992665157,377.8591577052097,-91.12434927067562,404.5415992665153,1.0540668789061753,1614191173071.0,1.0,1.0,1.0,1.0003892957226872,467982.0,0.8029179052980289,1620.0
6583512,long,close,1630.35,-341513.0,1629.2,0.0,0.0,0.14785970359943118,0.05236804980525654,0.20022775340468774,117.85915888178562,195.53898561856573,454.7418270199203,378.00701740880913,-91.12434927067562,404.74182701992,1.0540765632456215,1614191263757.0,0.6808512915666945,1.0,0.6808512915666945,1.0003893047508539,90686.0,0.8029419319209907,
6583540,long,entry,1628.4,341535.0,1628.4,341535.0,518.4257422899342,0.0,0.05243413780397936,0.05243413780397936,117.9115930195896,195.56153229782143,454.7942611577243,378.00701740880913,-91.12434927067562,404.79426115772395,1.0540793474868122,1614191271257.0,1.0,1.0,1.0,1.0003892564453742,7500.0,0.8029453468724776,1618.5
6584002,long,reentry,1618.5,632864.0,1621.9700328099682,974399.0,937.064986965015,0.0,0.09775471115230151,0.09775471115230151,118.00934773074191,195.60356682361692,454.89201586887657,378.00701740880913,-91.12434927067562,404.89201586887623,1.0540813906583033,1614191490522.0,0.6796776284161177,1.0,0.6796776284161177,1.0003892257212077,219265.0,0.8030016935720125,1608.0
6584587,long,reentry,1608.0,1805561.0,1612.8966121814706,2779960.0,1302.6634860522904,0.0,0.2807153296019901,0.2807153296019901,118.2900630603439,195.72427441534577,455.1727311984786,378.00701740880913,-91.12434927067562,405.17273119847823,1.0540918214668795,1614191821932.0,0.4172300214776486,1.0,0.4172300214776486,1.0003892658712619,331410.0,0.8030730416655791,1585.5
6585758,long,close,1614.0,-146313.0,1612.8966121814706,2633647.0,1287.3665552646733,0.062015612887389666,0.022663104089219333,0.084678716976609,118.31272616443312,195.76068626364574,455.2574099154552,378.0690330216965,-91.12434927067562,405.25740991545484,1.0540882557078892,1614192359669.0,0.18669945304845453,1.0,0.18669945304845453,1.0003892300625818,537737.0,0.8032158598152658,1587.0
6585761,long,close,1614.0,-138613.0,1612.8966121814706,2495034.0,1271.6047007984932,0.05875192326833394,0.02147041511771995,0.08022233838605389,118.33419657955083,195.79518186915175,455.33763225384126,378.12778494496484,-91.12434927067562,405.3376322538409,1.0540926464329174,1614192362181.0,1.0,1.0,1.0,1.0003891925357897,2512.0,0.8032162257029251,1587.0
6587770,long,close,1614.0,-138613.0,1612.8966121814706,2356421.0,1254.4390865757189,0.05875192326833394,0.02147041511771995,0.08022233838605389,118.35566699466855,195.82967747465776,455.41785459222734,378.1865368682332,-91.12434927067562,405.417854592227,1.0540807403449073,1614193428135.0,0.20228054276936527,1.0,0.20228054276936527,1.0003891550167483,1065954.0,0.8034612484721141,1588.5
6587785,long,close,1615.15,-147276.0,1612.8966121814706,2209145.0,1234.3976180836253,0.1273938700512086,0.022796025136984182,0.15018989518819278,118.37846301980554,195.89425912958868,455.56804448741553,378.3139307382844,-91.12434927067562,405.5680444874152,1.0540890178343452,1614193428705.0,1.0,1.0,1.0,1.000389144562098,570.0,0.8034630779104107,1590.0
6587805,long,close,1616.45,-157796.0,1612.8966121814706,2051349.0,1210.537234770198,0.21506502749794892,0.024404714033839585,0.23946974153178852,118.40286773383937,195.99723111844733,455.8075142289473,378.5289957657823,-91.12434927067562,405.80751422894696,1.0541022080421334,1614193429763.0,0.2359273200559405,1.0,0.2359273200559405,1.0003891685932607,1058.0,0.8034655171614729,1591.5
6587808,long,close,1616.65,-157796.0,1612.8966121814706,1893553.0,1183.8313215064509,0.22714171152175197,0.024401694862833636,0.2515434063845856,118.4272694287022,196.1053947831927,456.0590576353319,378.7561374773041,-91.12434927067562,406.05905763533156,1.0541160719869862,1614193429830.0,1.0,1.0,1.0,1.0003891972293122,67.0,0.8034658830491321,1591.5
6587810,long,close,1616.85,-157796.0,1612.8966121814706,1735757.0,1153.7411069847933,0.2392154078388137,0.024398676438754367,0.26361408427756805,118.45166810514095,196.21874883943207,456.32267171960945,378.9953528851429,-91.12434927067562,406.3226717196091,1.054130590539482,1614193430074.0,0.2678388759314424,1.0,0.2678388759314424,1.0003892304590123,244.0,0.8034661269742384,1593.0
6587816,long,close,1617.1,-157796.0,1612.8966121814706,1577961.0,1119.5802484863877,0.25430332846138537,0.024394904458598727,0.2786982329199841,118.47606300959956,196.33858907958765,456.6013699525294,379.2496562136043,-91.12434927067562,406.60136995252907,1.0541459275562803,1614193430553.0,0.2864707585362607,1.0,0.2864707585362607,1.000389269433706,479.0,0.8034668587495569,1594.5
6587863,long,close,1615.7,-143451.0,1612.8966121814706,1434510.0,1084.3289968565487,0.15431903798392357,0.02219641641393823,0.17651545439786182,118.49825942601349,196.4144907249787,456.7778854069272,379.4039752515882,-91.12434927067562,406.77788540692694,1.0541555582909787,1614193435963.0,0.3067185284002801,1.0,0.3067185284002801,1.0003892689615088,5410.0,0.8034725909895529,1596.0
6587897,long,close,1617.7,-159390.0,1612.8966121814706,1275120.0,1039.2295089347108,0.2934297933678737,0.02463219385547382,0.31806198722334755,118.52289161986896,196.55125737948475,457.0959473941506,379.69740504495604,-91.12434927067562,407.0959473941503,1.054172905135722,1614193445541.0,0.32896280904972547,1.0,0.32896280904972547,1.0003893229633478,9578.0,0.8034767377163585,1597.5
6587971,long,close,1614.0,-141680.0,1612.8966121814706,1133440.0,992.9508721805573,0.06005188899062536,0.0219454770755886,0.08199736606621395,118.54483709694455,196.5865162468932,457.1779447602168,379.7574569339467,-91.12434927067562,407.1779447602165,1.0541771099150408,1614193465300.0,0.35601579616749135,1.0,0.35601579616749135,1.0003892860380323,19759.0,0.8034857629452883,1597.5
6588055,long,close,1614.0,-141680.0,1612.8966121814706,991760.0,939.1782068966833,0.06005188899062536,0.0219454770755886,0.08199736606621395,118.56678257402014,196.6217751143017,457.259942126283,379.8175088229373,-91.12434927067562,407.25994212628274,1.054180786681053,1614193519407.0,0.38463629636802343,1.0,0.38463629636802343,1.0003892491200452,54107.0,0.8034960077997492,1599.0
6588902,long,close,1614.0,-141680.0,1612.8966121814706,850080.0,875.9308528007863,0.06005188899062536,0.0219454770755886,0.08199736606621395,118.58872805109573,196.65703398171016,457.34193949234924,379.87756071192797,-91.12434927067562,407.34193949234896,1.054176838439354,1614194070308.0,0.4152065959547427,1.0,0.4152065959547427,1.000389212209385,550901.0,0.8035993100822296,1600.5
6589366,long,reentry,1600.5,1575198.0,1604.845115109783,2425278.0,1256.896170351427,0.0,0.24604779756326148,0.24604779756326148,118.83477584865899,196.76283453466237,457.5879872899125,379.87756071192797,-91.12434927067562,407.58798728991223,1.0541853188104604,1614194398376.0,0.45261164054444053,1.0,0.45261164054444053,1.0003892383602013,328068.0,0.8036559007068705,1580.5
6593940,long,close,1605.95,-134737.0,1604.845115109783,2290541.0,1239.564207213567,0.057761539969444387,0.020974656745228682,0.07873619671467307,118.85575050540422,196.79669109924967,457.6667234866272,379.9353222518974,-91.12434927067562,407.6667234866269,1.0541553514745425,1614196634158.0,0.20499925973976793,1.0,0.20499925973976793,1.0003892001890153,2235782.0,0.8042137574247753,1581.95
6593965,long,close,1605.95,-134737.0,1604.845115109783,2155804.0,1220.628389071856,0.057761539969444387,0.020974656745228682,0.07873619671467307,118.87672516214944,196.830547663837,457.74545968334183,379.9930837918668,-91.12434927067562,407.74545968334155,1.0541594610116987,1614196647854.0,0.2279504174808838,1.0,0.2279504174808838,1.0003891620260428,13696.0,0.8042168064886029,1581.95
6593990,long,close,1607.2,-143720.0,1604.845115109783,2012084.0,1198.348806089636,0.13121510830916888,0.022355649576903933,0.15357075788607283,118.89908081172635,196.896583089728,457.8990304412279,380.124298900176,-91.12434927067562,407.89903044122764,1.0541678126202794,1614196652497.0,0.24005205511651356,1.0,0.24005205511651356,1.000389152597076,4643.0,0.8042198555524306,1583.4
6594014,long,close,1608.55,-154775.0,1604.845115109783,1857309.0,1171.5579510223627,0.22213031993900026,0.024055049578813218,0.24618536951781347,118.92313586130517,197.00244279862068,458.14521581074575,380.346429220115,-91.12434927067562,408.14521581074547,1.0541812405565212,1614196656974.0,0.2544104488476367,1.0,0.2544104488476367,1.0003891786777988,4477.0,0.8042227826537052,1584.85
6594017,long,close,1608.75,-154775.0,1604.845115109783,1702534.0,1141.3915540124135,0.23409242695565838,0.024052059052059056,0.25814448600771744,118.94718792035722,197.11344492760398,458.4033602967535,380.58052164707067,-91.12434927067562,408.4033602967532,1.054195377382878,1614196657481.0,1.0,1.0,1.0,1.0003892092822495,507.0,0.8042231485413645,1586.3
6594024,long,close,1609.0,-154775.0,1604.845115109783,1547759.0,1107.1692482834092,0.24904087882145656,0.024048321939092603,0.27308920076054916,118.97123624229631,197.23087328393103,458.67644949751406,380.82956252589213,-91.12434927067562,408.6764494975137,1.0542103288799642,1614196657710.0,0.29055439971879693,1.0,0.29055439971879693,1.0003892455437717,229.0,0.8042240022792362,1586.3
6594053,long,close,1609.6,-171973.0,1604.845115109783,1375786.0,1063.2988469405236,0.31655500689373367,0.026710518141153085,0.3432655250348868,118.99794676043747,197.37847745969606,459.01971502254895,381.14611753278587,-91.12434927067562,409.0197150225486,1.0542290315963405,1614196663117.0,0.3119112219735812,1.0,0.3119112219735812,1.0003893085832256,5407.0,0.8042275391932763,1587.75
6594062,long,close,1610.0,-171973.0,1604.845115109783,1203813.0,1011.7324023185747,0.3430996211954998,0.02670388198757764,0.3698035031830774,119.02465064242504,197.53749296606478,459.38951852573206,381.4892171539814,-91.12434927067562,409.38951852573166,1.0542492383545683,1614196664153.0,0.3394223297359528,1.0,0.3394223297359528,1.0003893816466523,1036.0,0.8042286368562542,1589.2
6594097,long,close,1610.55,-171973.0,1604.845115109783,1031840.0,950.2530134369948,0.37957693662977515,0.026694762658719073,0.4062716992884942,119.05134540508377,197.71218979675885,459.7957902250206,381.8687940906112,-91.12434927067562,409.79579022502014,1.054271422353522,1614196665104.0,0.37159478116858713,1.0,0.37159478116858713,1.0003894684962453,951.0,0.8042329055456129,1590.65
6594168,long,close,1608.55,-147405.0,1604.845115109783,884435.0,887.4468326581743,0.21155302736623055,0.02290960803207858,0.23446263539830914,119.07425501311585,197.8130087299801,460.0302528604189,382.0803471179774,-91.12434927067562,410.03025286041844,1.0542838171485787,1614196691625.0,0.40878926557768,1.0,0.40878926557768,1.0003894896318848,26521.0,0.8042415648868834,1592.1
6594242,long,close,1605.95,-147405.0,1604.845115109783,737030.0,812.4174838585877,0.06319229164369067,0.022946698216009215,0.08613898985969988,119.09720171133185,197.8500484956198,460.1163918502786,382.1435394096211,-91.12434927067562,410.11639185027815,1.0542880177321223,1614196724243.0,0.44721139114353164,1.0,0.44721139114353164,1.0003894541470224,32618.0,0.8042505901158132,1593.55
6594302,long,close,1605.95,-147406.0,1604.845115109783,589624.0,720.9834568948879,0.06319272034211774,0.02294685388710732,0.08613957422922507,119.12014856521895,197.88708851253836,460.2025314245078,382.2067321299632,-91.12434927067562,410.20253142450736,1.0542921906400557,1614196758603.0,0.4935842394523374,1.0,0.4935842394523374,1.0003894186686828,34360.0,0.8042579078689995,1593.55
6594303,long,close,1606.0,-589624.0,1604.845115109783,0.0,0.0,0.2642014437032567,0.09178455790784558,0.3559860016111023,119.2119331231268,198.04016249323112,460.5585174261189,382.47093357366646,-91.12434927067562,410.55851742611844,1.0543116054827089,1614196758807.0,1.0,1.0,1.0,1.0003894860221814,204.0,0.8042580298315526,
6595687,long,entry,1585.9,336876.0,1585.9,336876.0,504.89541287463305,0.0,0.05310486159278643,0.05310486159278643,119.26503798471958,198.06299758371603,460.61162228771167,382.47093357366646,-91.12434927067562,410.6116222877112,1.0543011558759137,1614197627103.0,1.0,1.0,1.0,1.0003894379390244,868296.0,0.8044268260050507,1577.6
6596201,long,reentry,1577.6,624231.0,1580.5092190567752,961107.0,912.8919313148253,0.0,0.09892098757606492,0.09892098757606492,119.36395897229565,198.10553360837372,460.7105432752877,382.47093357366646,-91.12434927067562,410.71054327528725,1.054303152064289,1614197848050.0,0.6799496606290558,1.0,0.6799496606290558,1.0003894073126025,220947.0,0.804489514757347,1567.45
6596950,long,reentry,1567.45,1780931.0,1572.0273642998386,2742038.0,1269.444445483538,0.0,0.28404909247503907,0.28404909247503907,119.64800806477069,198.22767471813796,460.9945923677627,382.47093357366646,-91.12434927067562,410.99459236776227,1.054316726371058,1614197971632.0,0.4175756467303654,1.0,0.4175756467303654,1.000389447121995,123582.0,0.804580864709623,1545.7
6597149,long,close,1573.1,-144317.0,1572.0273642998386,2597721.0,1254.5287207359197,0.06259696933245107,0.02293512809103045,0.08553209742348152,119.67094319286173,198.26445352003006,461.0801244651862,382.5335305429989,-91.12434927067562,411.08012446518575,1.0543206928808428,1614198016583.0,0.1900437405196593,1.0,0.1900437405196593,1.000389411382471,44951.0,0.8046051352576911,1547.15
6597667,long,close,1573.1,-136722.0,1572.0273642998386,2460999.0,1239.159885707611,0.05930266594421568,0.021728116457949274,0.08103078240216496,119.69267130931968,198.29929675646298,461.16115524758834,382.5928332089431,-91.12434927067562,411.1611552475879,1.054322394199829,1614198192909.0,0.19889609148408705,1.0,0.19889609148408705,1.000389373938458,176326.0,0.8046683118601997,1547.15
6597687,long,close,1574.15,-144764.0,1572.0273642998386,2316235.0,1221.3520339326706,0.124173757673937,0.022990820442778642,0.14716457811671563,119.71566212976245,198.36257752505315,461.30831982570504,382.717006966617,-91.12434927067562,411.3083198257046,1.0543303466830012,1614198196621.0,0.2123816908996307,1.0,0.2123816908996307,1.0003893616296033,3712.0,0.8046707511112619,1548.6
6597689,long,close,1574.25,-144764.0,1572.0273642998386,2171471.0,1201.7747614368989,0.13001547797065446,0.022989360012704463,0.15300483798335893,119.73865148977515,198.428369605386,461.4613246636884,382.84702244458765,-91.12434927067562,411.46132466368795,1.0543386597945095,1614198197378.0,1.0,1.0,1.0,1.0003893515249576,757.0,0.804670995036368,1550.05
6597707,long,close,1575.5,-155105.0,1572.0273642998386,2016366.0,1178.470680151157,0.21747358544987272,0.024612027927642017,0.24208561337751475,119.7632635177028,198.53246641913833,461.70341027706587,383.0644960300375,-91.12434927067562,411.7034102770655,1.0543517527219746,1614198202129.0,0.23679880517137217,1.0,0.23679880517137217,1.000389375210744,4751.0,0.8046731903623239,1551.5
6597718,long,close,1575.7,-155105.0,1572.0273642998386,1861261.0,1152.3907085250275,0.22996937928252092,0.024608903979183853,0.2545782832617048,119.78787242168198,198.64193508094087,461.9579885603276,383.29446540932,-91.12434927067562,411.9579885603272,1.0543655112749692,1614198207302.0,0.2520021071715919,1.0,0.2520021071715919,1.0003894035772112,5173.0,0.8046745319504081,1551.5
6597817,long,close,1573.1,-132947.0,1572.0273642998386,1728314.0,1127.5425615150273,0.0576652735425582,0.021128186383573836,0.07879345992613204,119.80900060806556,198.6758162687091,462.0367820202537,383.3521306828626,-91.12434927067562,412.0367820202533,1.0543691827973718,1614198246953.0,0.2665304340610206,1.0,0.2665304340610206,1.0003893652607916,39651.0,0.8046866062431656,1552.95
6597844,long,close,1574.6,-144026.0,1572.0273642998386,1584288.0,1097.359794511954,0.14968864001376891,0.02286707735297854,0.17255571736674746,119.83186768541854,198.75001522717682,462.2093377376205,383.5018193228764,-91.12434927067562,412.20933773762005,1.0543784460193848,1614198254134.0,0.283326408494866,1.0,0.283326408494866,1.0003893624780336,7181.0,0.8046898992320993,1554.4
6597845,long,close,1574.75,-144026.0,1572.0273642998386,1440262.0,1063.2002574245737,0.15840129053721994,0.022864899190347676,0.1812661897275676,119.8547325846089,198.82795968875965,462.390603927348,383.66022061341357,-91.12434927067562,412.3906039273476,1.054388285969592,1614198254344.0,1.0,1.0,1.0,1.000389362969962,210.0,0.8046900211946525,1554.4
6597848,long,close,1574.9,-144026.0,1572.0273642998386,1296236.0,1024.2249277532333,0.16711228140280446,0.022862721442631278,0.18997500284543573,119.87759530605153,198.90964893998319,462.58057893019344,383.8273328948164,-91.12434927067562,412.58057893019304,1.0543985684978259,1614198256262.0,0.32488792111974235,1.0,0.32488792111974235,1.0003893667303718,1918.0,0.8046903870823118,1555.85
6597852,long,close,1575.1,-144026.0,1572.0273642998386,1152210.0,979.3384908981313,0.1787243550197822,0.022859818424227032,0.20158417344400925,119.90045512447576,198.9963301345641,462.78216310363746,384.00605724983615,-91.12434927067562,412.78216310363706,1.05440950453135,1614198256369.0,1.0,1.0,1.0,1.0003893748503756,107.0,0.8046908749325242,1557.3
6597854,long,close,1575.35,-144026.0,1572.0273642998386,1008184.0,927.0876383143066,0.19323530079325119,0.02285619068778367,0.21609149148103485,119.92331131516355,199.08924947590094,462.9982545951185,384.1992925506294,-91.12434927067562,412.9982545951181,1.0544212223781106,1614198256487.0,1.0,1.0,1.0,1.000389388417302,118.0,0.8046911188576304,1558.75
6597864,long,close,1576.1,-168030.0,1572.0273642998386,840154.0,854.1273692121766,0.2761967225139004,0.026652813907746972,0.30284953642164736,119.94996412907129,199.21947477656224,463.3011041315401,384.4754892731433,-91.12434927067562,413.3011041315398,1.0544375543224542,1614198261943.0,0.41155973448790445,1.0,0.41155973448790445,1.0003894347065128,5456.0,0.8046923384831615,1558.75
6597888,long,close,1576.7,-168030.0,1572.0273642998386,672124.0,763.9104619489294,0.31676674431804586,0.026642671402295936,0.3434094157203418,119.97660680047359,199.36714082532197,463.64451354726043,384.79225601746134,-91.12434927067562,413.6445135472601,1.0544560198428254,1614198270790.0,0.45809258686535126,1.0,0.45809258686535126,1.0003894962078985,8847.0,0.804695265584436,1560.2
6597908,long,close,1577.6,-168031.0,1572.0273642998386,504093.0,649.5097347937472,0.37756616237092067,0.02662763057809331,0.404193792949014,120.00323443105168,199.54094415629007,464.04870734020943,385.16982217983224,-91.12434927067562,414.0487073402091,1.054477795791513,1614198277354.0,0.5156693853549346,1.0,0.5156693853549346,1.000389580502096,6564.0,0.8046977048354981,1561.65
6597913,long,close,1577.75,-504093.0,1572.0273642998386,0.0,0.0,1.1630770230281895,0.07987529710030107,1.2429523201284907,120.08310972815198,200.07541365394528,465.29165966033787,386.3328992028604,-91.12434927067562,415.2916596603376,1.0545449289247688,1614198279012.0,0.5883186063296272,1.0,0.5883186063296272,1.0003899801351634,1658.0,0.8046983146482637,
6598118,long,entry,1575.3,338063.0,1575.3,338063.0,501.52045953683876,0.0,0.05365057449374722,0.05365057449374722,120.13676030264573,200.09848340097759,465.34531023483163,386.3328992028604,-91.12434927067562,415.34531023483135,1.0545472103153355,1614198318761.0,1.0,1.0,1.0,1.000389932125274,39749.0,0.8047233169716503,1566.0
6598395,long,reentry,1566.0,626430.0,1569.2597291011962,964493.0,906.5668045439681,0.0,0.10000478927203064,0.10000478927203064,120.23676509191776,200.14148546036458,465.44531502410365,386.3328992028604,-91.12434927067562,415.44531502410337,1.0545512425888932,1614198407057.0,0.6797340531071625,1.0,0.6797340531071625,1.0003899015393993,88296.0,0.8047571005988605,1555.85
6599459,long,close,1570.35,-137784.0,1569.2597291011962,826709.0,844.9284617558767,0.06095957352782579,0.021935237367465853,0.08289481089529165,120.25870032928523,200.17713022904954,465.52820983499896,386.39385877638824,-91.12434927067562,415.5282098349987,1.0545478985833288,1614198913419.0,0.41989006268183127,1.0,0.41989006268183127,1.0003898645327416,506362.0,0.8048868687553649,1557.3
6599511,long,close,1573.95,-165341.0,1569.2597291011962,661368.0,754.8779926115577,0.31397330562175424,0.02626211124876902,0.3402354168705233,120.284962440534,200.32343145830387,465.86844525186945,386.70783208201,-91.12434927067562,415.8684452518692,1.0545660248035225,1614198927297.0,0.4620859705517258,1.0,0.4620859705517258,1.0003899240849223,13878.0,0.8048932108081264,1558.75
6599537,long,close,1574.8,-165342.0,1569.2597291011962,496026.0,640.9675265691702,0.37067555907961924,0.026248094996189995,0.39692365407580926,120.3112105355302,200.49410862955645,466.26536890594525,387.07850764108963,-91.12434927067562,416.265368905945,1.0545873519828741,1614198930694.0,0.5204231170473888,1.0,0.5204231170473888,1.0003900047655498,3397.0,0.8048963818345071,1558.75
6599541,long,close,1575.15,-496026.0,1569.2597291011962,0.0,0.0,1.182014931680676,0.07872678792495953,1.2607417196056356,120.38993732345516,201.03622756898687,467.52611062555087,388.2605225727703,-91.12434927067562,417.52611062555064,1.054655120986488,1614198932056.0,0.5930623283796773,1.0,0.5930623283796773,1.0003904083343178,1362.0,0.8048968696847195,
6601560,long,entry,1565.95,337671.0,1565.95,337671.0,498.54446057174033,0.0,0.053908330406462535,0.053908330406462535,120.44384565386162,201.05940815106163,467.5800189559573,388.2605225727703,-91.12434927067562,417.5800189559571,1.0546433871946734,1614199878309.0,1.0,1.0,1.0,1.000390360299984,946253.0,0.8051431120794396,1557.3
6601854,long,close,1567.05,-337671.0,1565.95,0.0,0.0,0.15136508330202628,0.05387048913563703,0.2052355724376633,120.49771614299725,201.14765944720986,467.785254528395,388.41188765607234,-91.12434927067562,417.7852545283948,1.0546522334361697,1614200018569.0,0.6809111235459931,1.0,0.6809111235459931,1.000390368777897,140260.0,0.8051789690700526,
6604511,long,entry,1565.25,337707.0,1565.25,337707.0,498.32146239033193,0.0,0.053938188787733585,0.053938188787733585,120.55165433178499,201.17085286838858,467.83919271718275,388.41188765607234,-91.12434927067562,417.8391927171825,1.054642691047151,1614200823265.0,1.0,1.0,1.0,1.0003903207672262,804696.0,0.805503023573654,1555.85
6604596,long,close,1566.35,-337707.0,1565.25,0.0,0.0,0.15151660271715156,0.0539003096370543,0.20541691235420587,120.60555464142205,201.2591821407009,468.044609629537,388.5634042587895,-91.12434927067562,418.04460962953675,1.0546535501398486,1614200833360.0,0.681115081339776,1.0,0.681115081339776,1.0003903292742826,10095.0,0.805513390390668,
6604698,long,entry,1564.7,337775.0,1564.7,337775.0,498.14584694731207,0.0,0.053968013037642995,0.053968013037642995,120.65952265445969,201.2823883863071,468.09857764257464,388.5634042587895,-91.12434927067562,418.0985776425744,1.054655910943293,1614200867805.0,1.0,1.0,1.0,1.000390281287227,34445.0,0.8055258305710847,1555.85
6604765,long,close,1565.8,-337775.0,1564.7,0.0,0.0,0.15165363224272113,0.053930099629582326,0.20558373187230344,120.71345275408927,201.37078939101218,468.30416137444695,388.7150578910322,-91.12434927067562,418.3041613744467,1.0546664289055505,1614200900150.0,0.6813599981147458,1.0,0.6813599981147458,1.0003902898179242,32345.0,0.8055340020621429,
6604854,long,entry,1564.25,337865.0,1564.25,337865.0,498.0024656352562,0.0,0.05399792232699377,0.05399792232699377,120.76745067641627,201.3940084976128,468.3581592967739,388.7150578910322,-91.12434927067562,418.3581592967737,1.0546687460567734,1614200937410.0,1.0,1.0,1.0,1.0003902418544823,37260.0,0.8055448567293693,1555.85
6605472,long,close,1565.35,-337865.0,1564.25,0.0,0.0,0.15178130018128153,0.053959977001948455,0.20574127718323,120.82141065341823,201.48247724680158,468.56390057395714,388.86683919121344,-91.12434927067562,418.5639005739569,1.0546773139746233,1614201096025.0,0.6800395350732397,1.0,0.6800395350732397,1.000390250405289,158615.0,0.8056202295871885,
6605531,long,entry,1561.75,337513.0,1561.75,337513.0,497.2074533887328,0.0,0.0540280134464543,0.0540280134464543,120.87543866686468,201.50570929258353,468.6179285874036,388.86683919121344,-91.12434927067562,418.61792858740336,1.0546799362960013,1614201113533.0,1.0,1.0,1.0,1.0003902024654967,17508.0,0.8056274253778217,1552.95
6605746,long,close,1562.85,-337513.0,1561.75,0.0,0.0,0.15210881349099384,0.05398998624308155,0.20609879973407538,120.92942865310776,201.5943317764692,468.8240273871377,389.01894800470444,-91.12434927067562,418.82402738713745,1.054689270846958,1614201223358.0,0.6808066679150461,1.0,0.6808066679150461,1.0003902111107223,109825.0,0.8056536473267394,
6605921,long,entry,1560.65,337462.0,1560.65,337462.0,496.8567255243517,0.0,0.054057924582705925,0.054057924582705925,120.98348657769047,201.61757668403976,468.8780853117204,389.01894800470444,-91.12434927067562,418.87808531172016,1.05469126786243,1614201281296.0,1.0,1.0,1.0,1.000390163194459,57938.0,0.8056749907735329,1551.5
6606009,long,close,1561.75,-337462.0,1560.65,0.0,0.0,0.15230021973035548,0.054019849527773334,0.20632006925812882,121.03750642721825,201.70629431382076,469.0844053809785,389.1712482244348,-91.12434927067562,419.0844053809783,1.054701679009929,1614201321835.0,0.6810932442077331,1.0,0.6810932442077331,1.000390171883221,40539.0,0.8056857234782061,
6631345,long,entry,1619.3,350339.0,1619.3,350339.0,515.5294015962222,0.0,0.05408803186562095,0.05408803186562095,121.09159445908386,201.72955216752297,469.1384934128441,389.1712482244348,-91.12434927067562,419.1384934128439,1.054434148901004,1614218892748.0,1.0,1.0,1.0,1.0003901239905204,17570913.0,0.8087757667236882,1609.5
6631456,long,close,1620.45,-350339.0,1619.3,0.0,0.0,0.15354065017858046,0.054049646703076305,0.20759029688165676,121.14564410578694,201.81881599518206,469.34608370972575,389.3247888746134,-91.12434927067562,419.3460837097256,1.0544440831583863,1614218965176.0,0.6812505632075789,1.0,0.6812505632075789,1.0003901331121383,72428.0,0.808789304567083,
6631583,long,entry,1618.55,350372.0,1618.55,350372.0,515.2905445329604,0.0,0.05411819220907603,0.05411819220907603,121.19976229799602,201.84208681783198,469.40020190193485,389.3247888746134,-91.12434927067562,419.4002019019347,1.0544453560526672,1614219069980.0,1.0,1.0,1.0,1.0003900852428684,104804.0,0.8088047938113273,1609.5
6631698,long,close,1619.7,-350372.0,1618.55,0.0,0.0,0.1536974033227136,0.05407976785824536,0.20777717118095895,121.25384206585426,201.9314310014398,469.6079790731158,389.4784862779361,-91.12434927067562,419.60797907311564,1.0544546041409877,1614219187407.0,0.6812997219699042,1.0,0.6812997219699042,1.0003900943944184,117427.0,0.8088188195049345,
6631805,long,entry,1617.9,350426.0,1617.9,350426.0,515.0828749902079,0.0,0.054148278632795595,0.054148278632795595,121.30799034448705,201.9547147612519,469.6621273517486,389.4784862779361,-91.12434927067562,419.66212735174844,1.0544557371994463,1614219301315.0,1.0,1.0,1.0,1.0003900465485172,113908.0,0.8088318694981168,1609.5
6632065,long,reentry,1609.5,649339.0,1612.444270303521,999765.0,931.3260303582465,0.0,0.10086036036036036,0.10086036036036036,121.40885070484741,201.99808471620685,469.76298771210895,389.4784862779361,-91.12434927067562,419.7629877121088,1.0544593053297104,1614219418267.0,0.6799634191865496,1.0,0.6799634191865496,1.00039001603311,116952.0,0.8088635797619242,1599.0
6632308,long,close,1613.55,-142823.0,1612.444270303521,856942.0,867.9895511932773,0.060698783009198946,0.022128691394750707,0.08282747440394965,121.43097939624217,202.03370053020055,469.8458151865129,389.5391850609453,-91.12434927067562,419.8458151865127,1.0544623220587814,1614219508593.0,0.4208711685114906,1.0,0.4208711685114906,1.0003899788383182,90326.0,0.8088932166623288,1599.0
6632834,long,close,1613.55,-142823.0,1612.444270303521,714119.0,792.5330127199765,0.060698783009198946,0.022128691394750707,0.08282747440394965,121.45310808763692,202.06931634419422,469.9286426609168,389.59988384395444,-91.12434927067562,419.92864266091664,1.054459944860629,1614219950970.0,0.45985279492624087,1.0,0.45985279492624087,1.000389941651062,442377.0,0.8089573689652624,1600.5
6633582,long,close,1613.55,-142823.0,1612.444270303521,571296.0,701.1093930237844,0.060698783009198946,0.022128691394750707,0.08282747440394965,121.47523677903168,202.10493215818792,470.01147013532074,389.6605826269636,-91.12434927067562,420.01147013532056,1.054458781375535,1614220314085.0,0.5049607965770471,1.0,0.5049607965770471,1.0003899044713398,363115.0,0.8090485969549853,1602.0
6633586,long,close,1613.65,-571296.0,1612.444270303521,0.0,0.0,0.2647384885840197,0.08850989991633873,0.35324838850035845,121.56374667894801,202.25682896524307,470.3647185238211,389.92532111554766,-91.12434927067562,420.3647185238209,1.0544775282299492,1614220314157.0,0.5654998803769308,1.0,0.5654998803769308,1.0003899673699574,72.0,0.8090490848051978,
6634075,long,entry,1609.4,349147.0,1609.4,349147.0,512.377097586271,0.0,0.05423558468994656,0.05423558468994656,121.61798226363796,202.28015026665975,470.41895410851106,389.92532111554766,-91.12434927067562,420.41895410851083,1.0544739496457176,1614220735558.0,1.0,1.0,1.0,1.0003899195960981,421401.0,0.8091087244936663,1600.5
6634125,long,close,1610.5,-349147.0,1609.4,0.0,0.0,0.1481754564643092,0.054198540825830484,0.2023739972901397,121.67218080446379,202.3671710854945,470.6213281058012,390.07349657201195,-91.12434927067562,420.62132810580096,1.0544840572700214,1614220776304.0,0.6814169635103705,1.0,0.6814169635103705,1.0003899265999392,40746.0,0.8091148226213216,
6634373,long,entry,1608.55,349153.0,1608.55,349153.0,512.1065102334201,0.0,0.05426517671194554,0.05426517671194554,121.72644598117574,202.39050511148065,470.67559328251315,390.07349657201195,-91.12434927067562,420.6755932825129,1.0544809925937113,1614221164135.0,1.0,1.0,1.0,1.0003898788497823,387831.0,0.8091450693344918,1599.0
6634401,long,close,1609.65,-349153.0,1608.55,0.0,0.0,0.14833459294414883,0.0542280930637095,0.20256268600785832,121.78067407423946,202.47760706646403,470.878155968521,390.2218311649561,-91.12434927067562,420.8781559685208,1.0544912592902576,1614221194691.0,0.6814960909080946,1.0,0.6814960909080946,1.0003898858871798,30556.0,0.8091484842859787,
6635109,long,entry,1606.9,348985.0,1606.9,348985.0,511.58101087175163,0.0,0.05429476009708134,0.05429476009708134,121.83496883433654,202.50095381330578,470.9324507286181,390.2218311649561,-91.12434927067562,420.9324507286179,1.0544823532930487,1614221963856.0,1.0,1.0,1.0,1.0003898381606866,769165.0,0.8092348337735775,1597.5
6635524,long,reentry,1597.5,646669.0,1600.7947781056469,995654.0,924.7709930247438,0.0,0.10120015649452269,0.10120015649452269,121.93616899083106,202.54446988059843,471.03365088511265,390.2218311649561,-91.12434927067562,421.0336508851124,1.0544861181416931,1614222067976.0,0.6797514721138367,1.0,0.6797514721138367,1.0003898077592426,104120.0,0.8092854482331163,1587.75
6636246,long,reentry,1587.75,1844946.0,1592.3223035626274,2840600.0,1285.922600519833,0.0,0.2904969296173831,0.2904969296173831,122.22666592044844,202.66938356033393,471.32414781473005,390.2218311649561,-91.12434927067562,421.3241478147298,1.054496332032859,1614222405089.0,0.41754047173600567,1.0,0.41754047173600567,1.0003898471770254,337113.0,0.8093735051964585,1566.0
6636662,long,close,1593.45,-149505.0,1592.3223035626274,2691095.0,1270.815567538275,0.06644747874553357,0.02345617998682105,0.08990365873235462,122.25012210043526,202.70804213358883,471.4140514734624,390.28827864370163,-91.12434927067562,421.41405147346217,1.054498780873963,1614222555764.0,0.18984243155153066,1.0,0.18984243155153066,1.0003898125895654,150675.0,0.8094242416185504,1566.0
6636734,long,close,1593.45,-141636.0,1592.3223035626274,2549459.0,1255.2496599797553,0.06295010266949194,0.022221594653111174,0.08517169732260312,122.27234369508838,202.74466596343754,471.499223170785,390.35122874637113,-91.12434927067562,421.4992231707848,1.0545022979399636,1614222620291.0,0.2007449260765566,1.0,0.2007449260765566,1.0003897762641663,64527.0,0.809433022922374,1567.45
6636776,long,close,1593.45,-141636.0,1592.3223035626274,2407823.0,1238.2976407297665,0.06295010266949194,0.022221594653111174,0.08517169732260312,122.2945652897415,202.78128979328628,471.5843948681076,390.41417884904064,-91.12434927067562,421.5843948681074,1.0545061535984905,1614222662655.0,0.2118731336850912,1.0,0.2118731336850912,1.0003897399457151,42364.0,0.8094381453496045,1568.9
6636790,long,close,1594.55,-150488.0,1592.3223035626274,2257335.0,1218.5072022672728,0.13203490599057482,0.023594117462607006,0.15562902345318183,122.3181594072041,202.84821027337114,471.7400238915608,390.5462137550312,-91.12434927067562,421.74002389156055,1.0545141724311384,1614222676367.0,0.22302893130681317,1.0,0.22302893130681317,1.00038972957616,13712.0,0.8094398528253479,1568.9
6636791,long,close,1594.65,-150489.0,1592.3223035626274,2106846.0,1196.6461002324627,0.13795414144034301,0.02359279465713479,0.1615469360974778,122.34175220186124,202.91767545589303,471.90157082765825,390.68416789647154,-91.12434927067562,421.901570827658,1.0545227044243737,1614222676824.0,1.0,1.0,1.0,1.000389721368971,457.0,0.809439974787901,1570.35
6636824,long,close,1594.75,-150489.0,1592.3223035626274,1956357.0,1172.3725470814488,0.1438717572816054,0.02359131525317448,0.16746307253477988,122.36534351711441,202.98968457708298,472.069033900193,390.82803965375314,-91.12434927067562,422.0690339001928,1.054531297398593,1614222693509.0,0.24942225413506697,1.0,0.24942225413506697,1.0003897153201462,16685.0,0.8094439995521535,1571.8
6636840,long,close,1596.2,-163029.0,1592.3223035626274,1793328.0,1142.7999103283826,0.2487255429313237,0.025533924320260616,0.27425946725158434,122.39087744143467,203.10761614800117,472.3432933674446,391.07676519668445,-91.12434927067562,422.34329336744435,1.0545453861879739,1614222719360.0,0.26510841404033797,1.0,0.26510841404033797,1.0003897485041866,25851.0,0.8094459509530032,1573.25
6636888,long,close,1593.45,-137948.0,1592.3223035626274,1655380.0,1114.79427296894,0.06131097152596145,0.02164297593272459,0.08295394745868603,122.41252041736739,203.1432863454084,472.42624731490326,391.13807616821043,-91.12434927067562,422.42624731490304,1.0545494598966711,1614222739311.0,0.2827015375794737,1.0,0.2827015375794737,1.0003897113512956,19951.0,0.8094518051555523,1573.25
6637010,long,close,1593.45,-137948.0,1592.3223035626274,1517432.0,1083.416564364301,0.06131097152596145,0.02164297593272459,0.08295394745868603,122.43416339330011,203.17895654281563,472.50920126236196,391.1993871397364,-91.12434927067562,422.5092012623617,1.0545530138681287,1614222793108.0,0.2988715264346289,1.0,0.2988715264346289,1.0003896742059448,53797.0,0.8094666845870311,1574.7
6637038,long,close,1593.45,-137948.0,1592.3223035626274,1379484.0,1048.0187391186967,0.06131097152596145,0.02164297593272459,0.08295394745868603,122.45580636923283,203.21462674022288,472.59215520982065,391.2606981112624,-91.12434927067562,422.5921552098204,1.0545570207476076,1614222817311.0,0.31926953952794385,1.0,0.31926953952794385,1.0003896370681322,24203.0,0.8094700995385181,1576.15
6637064,long,close,1595.45,-153276.0,1592.3223035626274,1226208.0,1002.8622275223369,0.18870550814797943,0.02401767526403209,0.21272318341201152,122.47982404449687,203.30609770909004,472.8048783932326,391.44940361941036,-91.12434927067562,422.80487839323246,1.0545680538959643,1614222829704.0,0.342687694983256,1.0,0.342687694983256,1.0003896475555796,12393.0,0.8094732705648988,1577.6
6637082,long,close,1595.7,-153276.0,1592.3223035626274,1072932.0,950.2089868956596,0.20375700608871525,0.024013912389546907,0.22777091847826214,122.50383795688641,203.40403920403568,473.0326493117109,391.6531606254991,-91.12434927067562,423.0326493117107,1.0545793672540014,1614222875224.0,0.3710293659115452,1.0,0.3710293659115452,1.0003896635216365,45520.0,0.8094754658908547,1577.6
6637085,long,close,1596.0,-153276.0,1592.3223035626274,919656.0,888.0270336785405,0.22181257931393428,0.024009398496240602,0.24582197781017487,122.52784735538266,203.50974265449406,473.27847128952106,391.87497320481305,-91.12434927067562,423.2784712895209,1.054592271030345,1614222878696.0,1.0,1.0,1.0,1.0003896860559338,3472.0,0.809475831778514,1579.05
6637088,long,close,1596.45,-153276.0,1592.3223035626274,766380.0,813.4739783622399,0.24888321559644977,0.024002630837169973,0.27288584643361974,122.55184998621984,203.6270835684605,473.5513571359547,392.1238564204095,-91.12434927067562,423.5513571359545,1.0546066045385332,1614222881455.0,1.0,1.0,1.0,1.0003897184446189,2759.0,0.8094761976661734,1580.5
6637134,long,close,1597.95,-191595.0,1592.3223035626274,574785.0,696.4278229919036,0.4237606929076028,0.029975124378109452,0.4537358172857123,122.58182511059795,203.82218996989334,474.00509295324036,392.5476171133171,-91.12434927067562,424.0050929532402,1.0546293895727181,1614222953113.0,0.49046415386016917,1.0,0.49046415386016917,1.000389816915526,71658.0,0.8094818079436162,1581.95
6637135,long,close,1598.0,-574785.0,1592.3223035626274,0.0,0.0,1.2825368187896882,0.08992255944931164,1.3724593782389998,122.67174767004725,204.41234750253614,475.37755233147936,393.8301539321068,-91.12434927067562,425.3775523314792,1.0547014688078349,1614222955177.0,1.0,1.0,1.0,1.0003902504747402,2064.0,0.8094819299061693,
6639230,long,entry,1594.85,349678.0,1594.85,349678.0,507.74505778756395,0.0,0.05481361883562718,0.05481361883562718,122.72656128888288,204.43591735863544,475.432365950315,393.8301539321068,-91.12434927067562,425.4323659503148,1.0546827009866202,1614224363431.0,1.0,1.0,1.0,1.000390202842172,1408254.0,0.8097374414549254,1586.3
6639677,long,close,1595.95,-349678.0,1594.85,0.0,0.0,0.15111997423276818,0.054775838842068984,0.20589581307483718,122.78133712772495,204.52445255825762,475.63826176338983,393.98127390633954,-91.12434927067562,425.63826176338966,1.0546900110272392,1614224590235.0,0.6806634856681989,1.0,0.6806634856681989,1.000390210266299,226804.0,0.8097919587161636,
6656438,long,entry,1604.8,352052.0,1604.8,352052.0,510.91224197992454,0.0,0.054843594217347955,0.054843594217347955,122.8361807219423,204.5480353037711,475.6931053576072,393.98127390633954,-91.12434927067562,425.693105357607,1.054462301328132,1614239660869.0,1.0,1.0,1.0,1.00039016265716,15070634.0,0.8118361730687657,1596.45
6656910,long,reentry,1596.45,652352.0,1599.376744815831,1004404.0,923.7813100280574,0.0,0.10215666008957373,0.10215666008957373,122.93833738203188,204.5919626676096,475.79526201769676,393.98127390633954,-91.12434927067562,425.7952620176966,1.05446499481239,1614239833920.0,0.6799196579501788,1.0,0.6799196579501788,1.0003901322858404,173051.0,0.8118937393938315,1586.3
6657186,long,close,1600.5,-143486.0,1599.376744815831,860918.0,860.956746035213,0.06296243347290562,0.022412683536394876,0.08537511700930049,122.96075006556828,204.62867396792362,475.8806371347061,394.04423633981247,-91.12434927067562,425.88063713470586,1.0544675339635692,1614239959562.0,0.42064514893191757,1.0,0.42064514893191757,1.0003900958105412,125642.0,0.8119274010584886,1586.3
6657213,long,close,1600.5,-143486.0,1599.376744815831,717432.0,786.1102520164774,0.06296243347290562,0.022412683536394876,0.08537511700930049,122.98316274910468,204.66538526823763,475.9660122517154,394.1071987732854,-91.12434927067562,425.96601225171514,1.0544717090686158,1614239977771.0,0.4617674755968911,1.0,0.4617674755968911,1.0003900593422963,18209.0,0.8119306940474225,1587.75
6657261,long,close,1600.5,-143486.0,1599.376744815831,573946.0,695.4260126351413,0.06296243347290562,0.022412683536394876,0.08537511700930049,123.00557543264108,204.70209656855164,476.05138736872476,394.17016120675834,-91.12434927067562,426.0513873687244,1.0544756916385198,1614240008561.0,0.5084045700603605,1.0,0.5084045700603605,1.000390022881104,30790.0,0.8119365482499715,1589.2
6657275,long,close,1600.8,-573946.0,1599.376744815831,0.0,0.0,0.3190552940720968,0.08963424537731135,0.40868953944940817,123.09520967801839,204.87783307051487,476.46007690817413,394.4892165008304,-91.12434927067562,426.46007690817385,1.0544968956803722,1614240014824.0,0.565562384735192,1.0,0.565562384735192,1.0003901039133303,6263.0,0.811938255725715,
6657374,long,entry,1601.25,351881.0,1601.25,351881.0,509.7828891436425,0.0,0.05493848555815769,0.05493848555815769,123.15014816357655,204.9014566193049,476.5150153937323,394.4892165008304,-91.12434927067562,426.515015393732,1.0544992269863502,1614240049625.0,1.0,1.0,1.0,1.0003900563720542,34801.0,0.8119503300184725,1592.1
6657440,long,close,1602.35,-351881.0,1601.25,0.0,0.0,0.1508592607457168,0.05490077074297126,0.20576003148868804,123.20504893431952,204.98993343284502,476.720775425221,394.64007576157616,-91.12434927067562,426.7207754252207,1.0545091815199337,1614240099528.0,0.6813359030200703,1.0,0.6813359030200703,1.0003900635917942,49903.0,0.8119583795469774,
6657838,long,entry,1600.1,351820.0,1600.1,351820.0,509.41609071427337,0.0,0.05496843947253297,0.05496843947253297,123.26001737379205,205.0135698618182,476.77574386469354,394.64007576157616,-91.12434927067562,426.77574386469325,1.054506509785264,1614240462463.0,1.0,1.0,1.0,1.0003900160738954,362935.0,0.8120069206431134,1590.65
6658091,long,reentry,1590.65,651922.0,1593.962304357096,1003742.0,920.8384848708815,0.0,0.10246157231320528,0.10246157231320528,123.36247894610526,205.0576283379129,476.8782054370067,394.64007576157616,-91.12434927067562,426.87820543700644,1.0545109660818637,1614240519966.0,0.6797333768928244,1.0,0.6797333768928244,1.0003899857961933,57503.0,0.8120377771690491,1580.5
6660838,long,reentry,1580.5,1859933.0,1585.218650091229,2863675.0,1280.2485851363137,0.0,0.2942000949066751,0.2942000949066751,123.65667904101193,205.18413437872275,477.1724055319134,394.64007576157616,-91.12434927067562,427.1724055319131,1.054510630502925,1614241545923.0,0.41733834164079886,1.0,0.41733834164079886,1.000390025021376,1025957.0,0.8123728083024301,1558.75
6660932,long,close,1586.3,-150719.0,1585.218650091229,2712956.0,1265.212393732713,0.06481264636854811,0.023753230788627625,0.08856587715717573,123.68043227180056,205.22221770590033,477.2609714090705,394.7048884079447,-91.12434927067562,427.2609714090703,1.0545149074402456,1614241567422.0,0.1898955388766325,1.0,0.1898955388766325,1.0003899896877617,21499.0,0.812384272782422,1558.75
6660987,long,close,1586.3,-142787.0,1585.218650091229,2570169.0,1249.7192795078636,0.06140170341513597,0.022503151988905,0.08390485540404097,123.70293542378946,205.25829679372407,477.3448762644746,394.7662901113598,-91.12434927067562,427.34487626447435,1.05451900365015,1614241584826.0,0.20160762684879596,1.0,0.20160762684879596,1.0003899526724451,17404.0,0.8123909807228428,1560.2
6660994,long,close,1587.4,-151186.0,1585.218650091229,2418983.0,1231.7656181824595,0.13105734442996403,0.023810318760236864,0.1548676631902009,123.7267457425497,205.32488988889585,477.4997439276648,394.89734745578977,-91.12434927067562,427.49974392766455,1.0545269994375381,1614241588269.0,0.21230387979712986,1.0,0.21230387979712986,1.0003899413526052,3443.0,0.8123918344607145,1561.65
6661022,long,close,1586.3,-142293.0,1585.218650091229,2276690.0,1213.2866895969528,0.061189272020911865,0.022425297862951523,0.08361456988386338,123.74917104041265,205.3608441539459,477.5833584975486,394.95853672781067,-91.12434927067562,427.58335849754843,1.0545311437179983,1614241601386.0,0.2228853233762597,1.0,0.2228853233762597,1.000389904238202,13117.0,0.8123952494122014,1563.1
6661041,long,close,1587.55,-151779.0,1585.218650091229,2124911.0,1191.5297838437225,0.14060558209165389,0.023901451922774087,0.16450703401442798,123.77307249233542,205.4315821785721,477.74786553156304,395.09914230990233,-91.12434927067562,427.74786553156287,1.0545396099778253,1614241606545.0,0.23555638118832328,1.0,0.23555638118832328,1.0003898963887972,5159.0,0.8123975667007105,1563.1
6661061,long,close,1588.9,-163454.0,1585.218650091229,1961457.0,1165.3464410620893,0.23890042010516385,0.025718106866385548,0.2646185269715494,123.79879059920181,205.54536814516987,478.0124840585346,395.3380427300075,-91.12434927067562,428.0124840585344,1.0545533143733774,1614241608810.0,0.24954823880099355,1.0,0.24954823880099355,1.0003899247047325,2265.0,0.8124000059517726,1564.55
6661089,long,close,1590.5,-178314.0,1585.218650091229,1783143.0,1132.899399942603,0.37351456175587117,0.028027978623074504,0.40154254037894566,123.82681857782488,205.71803143753283,478.41402659891355,395.71155729176337,-91.12434927067562,428.4140265989134,1.0545740476957495,1614241615396.0,0.2668010311676801,1.0,0.2668010311676801,1.0003900023979826,6586.0,0.8124034209032596,1566.0
6661105,long,close,1590.85,-178314.0,1585.218650091229,1604829.0,1095.5964960870024,0.39818009909269336,0.0280218122387403,0.42620191133143365,123.85484039006361,205.90129825940537,478.840228510245,396.1097373908561,-91.12434927067562,428.8402285102448,1.054596026054242,1614241623007.0,0.28757426742384423,1.0,0.28757426742384423,1.0003900888361745,7611.0,0.8124053723041093,1567.45
6661124,long,close,1591.75,-200603.0,1585.218650091229,1404226.0,1046.3210916102196,0.5192498060937678,0.031506675043191455,0.5507564811369593,123.8863470651068,206.13812354629425,479.39098499138197,396.6289871969498,-91.12434927067562,429.39098499138174,1.054624458138063,1614241628962.0,0.31161666546008454,1.0,0.31161666546008454,1.0003902199737318,5955.0,0.8124076895926182,1568.9
6661174,long,close,1588.35,-156025.0,1585.218650091229,1248201.0,1001.4556172303104,0.19403961789990237,0.024557717127837067,0.21859733502773943,123.91090478223464,206.23212040035617,479.6095823264097,396.8230268148497,-91.12434927067562,429.6095823264095,1.0546355702798818,1614241642045.0,0.34123207730893435,1.0,0.34123207730893435,1.0003902313227448,13083.0,0.8124137877202735,1570.35
6661196,long,close,1588.6,-156025.0,1585.218650091229,1092176.0,949.1169190144323,0.20949833446029806,0.02455385244869697,0.23405218690899504,123.93545863468333,206.33276284072704,479.8436345133187,397.03252514931,-91.12434927067562,429.8436345133185,1.0546474930467116,1614241654046.0,0.3691419463729186,1.0,0.3691419463729186,1.0003902481911977,12001.0,0.8124164708964419,1570.35
6661199,long,close,1588.9,-156025.0,1585.218650091229,936151.0,887.2720501655626,0.2280423730646432,0.024549216439045878,0.2525915895036891,123.96000785112237,206.4413772242136,480.09622610282236,397.26056752237463,-91.12434927067562,430.0962261028222,1.0546605476294426,1614241654307.0,0.40265786455130453,1.0,0.40265786455130453,1.0003902716768809,261.0,0.8124168367841011,1571.8
6661316,long,close,1586.3,-133735.0,1585.218650091229,802416.0,824.7037443674498,0.05750913462866514,0.021076561810502426,0.07858569643916756,123.98108441293287,206.47516907368245,480.17481179926153,397.3180766570033,-91.12434927067562,430.17481179926136,1.0546635842931253,1614241721347.0,0.43988886423485724,1.0,0.43988886423485724,1.0003902325927225,67040.0,0.8124311064028145,1573.25
6661339,long,close,1586.3,-133736.0,1585.218650091229,668680.0,750.6004937287844,0.05750956465173037,0.021076719409947677,0.07858628406167804,124.00216113234282,206.508961175829,480.25339808332325,397.37558622165506,-91.12434927067562,430.253398083323,1.0546674948861998,1614241731166.0,0.4800430336249607,1.0,0.4800430336249607,1.0003901935176358,9819.0,0.8124339115415359,1574.7
6661397,long,close,1586.3,-133736.0,1585.218650091229,534944.0,661.4493089639091,0.05750956465173037,0.021076719409947677,0.07858628406167804,124.02323785175277,206.54275327797552,480.33198436738496,397.4330957863068,-91.12434927067562,430.3319843673847,1.054670839467767,1614241777967.0,0.5267634488816693,1.0,0.5267634488816693,1.0003901544514062,46801.0,0.8124409853696161,1574.7
6661404,long,close,1586.45,-534944.0,1585.218650091229,0.0,0.0,0.26192336471422517,0.08429890636326388,0.34622227107748904,124.10753675811603,206.69162885453883,480.6782066384624,397.69501915102103,-91.12434927067562,430.67820663846214,1.0546886746799744,1614241780832.0,0.5829449502119111,1.0,0.5829449502119111,1.0003902114396495,2865.0,0.8124418391074878,
6693963,long,entry,1620.05,359164.0,1620.05,359164.0,515.7679906580054,0.0,0.055424832566896086,0.055424832566896086,124.16296159068293,206.7154615325426,480.7336314710293,397.69501915102103,-91.12434927067562,430.733631471029,1.0543442345451006,1614264636219.0,1.0,1.0,1.0,1.0003901640518986,22855387.0,0.8164128178740512,1611.0
6694249,long,close,1621.2,-359164.0,1620.05,0.0,0.0,0.15726266334057176,0.05538551690106094,0.2126481802416327,124.21834710758398,206.8069002500465,480.94627965127097,397.8522818143616,-91.12434927067562,430.94627965127063,1.0543533499380067,1614264754542.0,0.6811129030184213,1.0,0.6811129030184213,1.0003901730430338,118323.0,0.8164476991642394,
6699753,long,entry,1613.45,357900.0,1613.45,357900.0,513.6665080217671,0.0,0.055455700517524555,0.055455700517524555,124.27380280810151,206.83074620126905,481.0017353517885,397.8522818143616,-91.12434927067562,431.00173535178817,1.0542927371451647,1614268961207.0,1.0,1.0,1.0,1.0003901256782146,4206665.0,0.8171189810565324,1605.0
6700360,long,close,1614.55,-357900.0,1613.45,0.0,0.0,0.1511288484575086,0.05541791830541018,0.20654676676291878,124.32922072640692,206.91956131097712,481.20828211855144,398.00341066281914,-91.12434927067562,431.2082821185511,1.0543010455284998,1614269111338.0,0.6806251698810786,1.0,0.6806251698810786,1.0003901324453393,150131.0,0.8171930123262674,
6700437,long,entry,1611.2,357596.0,1611.2,357596.0,512.9505837936704,0.0,0.0554859731876862,0.0554859731876862,124.3847066995946,206.94342027944782,481.2637680917391,398.00341066281914,-91.12434927067562,431.26376809173877,1.0543035585986855,1614269132954.0,1.0,1.0,1.0,1.0003900851038525,21616.0,0.8172024034428566,1602.0
6701423,long,reentry,1602.0,662625.0,1605.2246770062566,1020221.0,927.2938207936584,0.0,0.1034058988764045,0.1034058988764045,124.488112598471,206.98788481596466,481.3671739906155,398.00341066281914,-91.12434927067562,431.3671739906152,1.0543014007555547,1614269627191.0,0.6797961335911418,1.0,0.6797961335911418,1.0003900549269635,494237.0,0.8173226585202186,1592.1
6701670,long,close,1606.35,-145745.0,1605.2246770062566,874476.0,864.2417162801646,0.06360552657043422,0.022682634544152893,0.08628816111458712,124.51079523301516,207.02498872524393,481.4534621517301,398.06701618938956,-91.12434927067562,431.45346215172975,1.0543047349530024,1614269698757.0,0.42044136200396354,1.0,0.42044136200396354,1.0003900186286325,71566.0,0.8173527832708356,1592.1
6702352,long,close,1606.35,-145746.0,1605.2246770062566,728730.0,789.1215225466475,0.06360596298696014,0.02268279017648707,0.08628875316344721,124.53347802319165,207.0620928891042,481.53975090489354,398.13062215237653,-91.12434927067562,431.5397509048932,1.0543061360054347,1614269898565.0,0.4590882702048727,1.0,0.4590882702048727,1.0003899823374802,199808.0,0.8174359617320537,1593.55
6702478,long,close,1606.35,-145746.0,1605.2246770062566,582984.0,698.1025447232004,0.06360596298696014,0.02268279017648707,0.08628875316344721,124.55616081336814,207.0991970529645,481.626039658057,398.1942281153635,-91.12434927067562,431.62603965805664,1.054309907129135,1614269941009.0,0.5086110451792468,1.0,0.5086110451792468,1.000389946053293,42444.0,0.817451329013745,1595.0
6702480,long,close,1606.45,-582984.0,1605.2246770062566,0.0,0.0,0.27701556926394744,0.09072551277661926,0.3677410820405667,124.64688632614475,207.25732571824193,481.9937807400975,398.47124368462744,-91.12434927067562,431.9937807400972,1.0543286722819103,1614269942543.0,0.5654647880718306,1.0,0.5654647880718306,1.000390010332232,1534.0,0.8174515729388512,
6703165,long,entry,1602.1,356156.0,1602.1,356156.0,510.05273190186057,0.0,0.05557643093439861,0.05557643093439861,124.70246275707915,207.28122358354372,482.04935717103194,398.47124368462744,-91.12434927067562,432.0493571710316,1.0543250477743407,1614270371333.0,1.0,1.0,1.0,1.0003899630605935,428790.0,0.8175351172877284,1593.55
6703207,long,close,1603.2,-356156.0,1602.1,0.0,0.0,0.15253012481998232,0.05553829840319362,0.20806842322317592,124.75800105548234,207.3706930055297,482.2574255942551,398.6237738094474,-91.12434927067562,432.25742559425476,1.0543353777376459,1614270390690.0,0.6815454488172443,1.0,0.6815454488172443,1.0003899702288541,19357.0,0.8175402397149589,
6703223,long,entry,1601.9,356307.0,1601.9,356307.0,509.98972268605473,0.0,0.055606935514077034,0.055606935514077034,124.81360799099642,207.39460398780074,482.31303252976915,398.6237738094474,-91.12434927067562,432.3130325297688,1.054338117931906,1614270397173.0,1.0,1.0,1.0,1.0003899229804138,6483.0,0.8175421911158086,1593.55
6703837,long,reentry,1593.55,660236.0,1596.4767462861876,1016543.0,922.109423512238,0.0,0.10357942957547614,0.10357942957547614,124.91718742057189,207.4391431425182,482.4166119593446,398.6237738094474,-91.12434927067562,432.41661195934427,1.054339596049482,1614270649737.0,0.6799562455688392,1.0,0.6799562455688392,1.0003898928544113,252564.0,0.8176170761234154,1583.4
6704188,long,close,1597.6,-145220.0,1596.4767462861876,871323.0,859.3987824757453,0.06395487384377276,0.022724712068102153,0.08667958591187491,124.93991213263999,207.47641536446028,482.5032915452565,398.6877286832912,-91.12434927067562,432.50329154525616,1.0543420474852263,1614270780452.0,0.4204214811362426,1.0,0.4204214811362426,1.000389856706358,130715.0,0.8176598849795554,1583.4
6704548,long,close,1597.6,-145220.0,1596.4767462861876,726103.0,784.6879954374202,0.06395487384377276,0.022724712068102153,0.08667958591187491,124.96263684470809,207.5136875864024,482.5899711311684,398.751683557135,-91.12434927067562,432.58997113116806,1.0543448849464991,1614270885494.0,0.4602105505459799,1.0,0.4602105505459799,1.0003898205651847,105042.0,0.8177037914986734,1584.85
6704560,long,close,1597.6,-145220.0,1596.4767462861876,580883.0,694.1681558110614,0.06395487384377276,0.022724712068102153,0.08667958591187491,124.98536155677618,207.55095980834452,482.6766507170803,398.81563843097877,-91.12434927067562,432.67665071707995,1.0543491590184773,1614270895173.0,0.5087563806069927,1.0,0.5087563806069927,1.000389784430889,9679.0,0.8177052550493107,1586.3
6704562,long,close,1597.95,-580883.0,1596.4767462861876,0.0,0.0,0.3354597569779656,0.0908794079914891,0.4263391649694547,125.07624096476768,207.7342856492814,483.10298988204977,399.15109818795673,-91.12434927067562,433.1029898820494,1.0543708792700355,1614270895729.0,0.5655747194373482,1.0,0.5655747194373482,1.0003898692177962,556.0,0.8177054989744169,
6704679,long,entry,1596.55,355739.0,1596.55,355739.0,508.2858219551217,0.0,0.05570433121418058,0.05570433121418058,125.13194529598186,207.7582385117035,483.15869421326397,399.15109818795673,-91.12434927067562,433.15869421326363,1.0543730224359313,1614270941775.0,1.0,1.0,1.0,1.0003898220353897,46046.0,0.8177197685931302,1587.75
6704725,long,close,1597.65,-355739.0,1596.55,0.0,0.0,0.15341223505928653,0.05566597815541577,0.2090782132147023,125.18761127413728,207.84814214338581,483.36777242647867,399.30451042301604,-91.12434927067562,433.3677724264783,1.0543835171848939,1614270951909.0,0.681335492959392,1.0,0.681335492959392,1.000389829406806,10134.0,0.8177253788705731,
6704783,long,entry,1596.25,355867.0,1596.25,355867.0,508.1902196918947,0.0,0.05573484729835552,0.05573484729835552,125.24334612143564,207.87210812772412,483.42350727377703,399.30451042301604,-91.12434927067562,433.4235072737767,1.0543860935348632,1614270969228.0,1.0,1.0,1.0,1.0003897822474428,17319.0,0.8177324526986532,1587.75
6704811,long,close,1597.35,-355867.0,1596.25,0.0,0.0,0.15352510602733874,0.055696466021848696,0.20922157204918743,125.29904258745748,207.9620734037053,483.63272884582625,399.4580355290434,-91.12434927067562,433.63272884582585,1.0543965631486767,1614270981126.0,0.6814054167814589,1.0,0.6814054167814589,1.0003897896333782,11898.0,0.8177358676501402,
6705420,long,entry,1594.75,355728.0,1594.75,355728.0,507.7131890299607,0.0,0.0557654804828343,0.0557654804828343,125.35480806794031,207.98605256031288,483.68849432630907,399.4580355290434,-91.12434927067562,433.68849432630867,1.054394077531458,1614271333952.0,1.0,1.0,1.0,1.00038974249707,352826.0,0.8178101428449814,1586.3
6705770,long,close,1595.85,-355728.0,1594.75,0.0,0.0,0.15375387042919925,0.055727042015227,0.20948091244442624,125.41053510995553,208.07612935266403,483.89797523875353,399.6117893994726,-91.12434927067562,433.8979752387531,1.0544018091709546,1614271527738.0,0.6807236894541815,1.0,0.6807236894541815,1.0003897499386334,193786.0,0.8178528297385684,
6706021,long,entry,1592.95,355521.0,1592.95,355521.0,507.1397713356746,0.0,0.055796007407639917,0.055796007407639917,125.46633111736317,208.1001216358493,483.9537712461612,399.6117893994726,-91.12434927067562,433.9537712461607,1.0544028192879462,1614271648837.0,1.0,1.0,1.0,1.0003897028253015,121099.0,0.8178834423393979,1583.4
6706119,long,close,1594.05,-355521.0,1592.95,0.0,0.0,0.15401175157214797,0.05575750446974687,0.20976925604189484,125.52208862183292,208.19032241594732,484.1635405022031,399.7658011510448,-91.12434927067562,434.16354050220264,1.0544128174267942,1614271692931.0,0.6812446440379166,1.0,0.6812446440379166,1.0003897103326247,44094.0,0.8178953946696023,
6706581,long,entry,1591.5,355393.0,1591.5,355393.0,506.6788135116731,0.0,0.05582673578385171,0.05582673578385171,125.57791535761677,208.21432791233437,484.21936723798694,399.7658011510448,-91.12434927067562,434.2193672379865,1.0544104624941275,1614272037022.0,1.0,1.0,1.0,1.0003896632422966,344091.0,0.817951741369137,1581.95
6707329,long,close,1592.6,-355393.0,1591.5,0.0,0.0,0.15423686892433694,0.05578817656662062,0.21002504549095757,125.6337035341834,208.3046386818955,484.4293922834779,399.9200380199691,-91.12434927067562,434.42939228347745,1.0544157389251243,1614272394440.0,0.6803489915389104,1.0,0.6803489915389104,1.0003896708036697,357418.0,0.8180429693588599,
6710222,long,entry,1585.3,354203.0,1585.3,354203.0,504.70506365386404,0.0,0.05585740869236107,0.05585740869236107,125.68956094287576,208.3286573676332,484.48524969217027,399.9200380199691,-91.12434927067562,434.4852496921698,1.0543885330444915,1614274386608.0,1.0,1.0,1.0,1.0003896237362846,1992168.0,0.8183958070249943,1576.15
6710410,long,close,1586.4,-354203.0,1585.3,0.0,0.0,0.15492473414422514,0.055818677508825014,0.21074341165305016,125.74537962038458,208.41927703464404,484.69599310382335,400.07496275411336,-91.12434927067562,434.69599310382284,1.0543978427519132,1614274478386.0,0.6814535069086948,1.0,0.6814535069086948,1.0003896315152934,91778.0,0.8184187359849782,
6710632,long,entry,1584.1,354129.0,1584.1,354129.0,504.32236780052403,0.0,0.05588804368411086,0.05588804368411086,125.80126766406869,208.4433088934282,484.75188114750745,400.07496275411336,-91.12434927067562,434.75188114750694,1.05439817974684,1614274644095.0,1.0,1.0,1.0,1.0003895844707507,165709.0,0.8184458116717676,1574.7
6710913,long,close,1585.2,-354129.0,1584.1,0.0,0.0,0.1551270453003529,0.05584926192278577,0.21097630722313868,125.85711692599148,208.53402870553415,484.96285745473057,400.2300897994137,-91.12434927067562,434.96285745473006,1.0544067348093302,1614274786270.0,0.6810609531696291,1.0,0.6810609531696291,1.0003895922951702,142175.0,0.8184800831491902,
6711653,long,entry,1581.5,353743.0,1581.5,353743.0,503.49518663220107,0.0,0.055918906101802085,0.055918906101802085,125.91303583209329,208.5580738351579,485.01877636083236,400.2300897994137,-91.12434927067562,435.01877636083185,1.0544013770314893,1614275329755.0,1.0,1.0,1.0,1.000389545273512,543485.0,0.8185703354384883,1573.25
6711692,long,close,1582.6,-353743.0,1581.5,0.0,0.0,0.15546770305063104,0.05588003917603943,0.21134774222667047,125.96891587126933,208.6489533643154,485.23012410305904,400.38555750246434,-91.12434927067562,435.23012410305853,1.054411794739117,1614275349111.0,0.6815035034113287,1.0,0.6815035034113287,1.0003895531921634,19356.0,0.8185750919780594,
6712132,long,entry,1580.35,353680.0,1580.35,353680.0,503.1284954549704,0.0,0.055949631410763444,0.055949631410763444,126.0248655026801,208.67301170582203,485.2860737344698,400.38555750246434,-91.12434927067562,435.2860737344693,1.0544112631285465,1614275572397.0,1.0,1.0,1.0,1.0003895061932893,223286.0,0.8186287555014259,1571.8
6712694,long,reentry,1571.8,655369.0,1574.7968455446662,1009049.0,909.638347204851,0.0,0.10423861178266955,0.10423861178266955,126.12910411446278,208.71783430888857,485.3903123462525,400.38555750246434,-91.12434927067562,435.39031234625196,1.0544151159012731,1614275667033.0,0.6798927975473388,1.0,0.6798927975473388,1.0003894762595609,94636.0,0.8186972984562711,1561.65
6712803,long,close,1575.9,-144149.0,1574.7968455446662,864900.0,847.7804244562547,0.06407590746515053,0.02286772637857732,0.08694363384372786,126.15197184084136,208.75522007144139,485.47725598009623,400.4496334099295,-91.12434927067562,435.47725598009566,1.054419246115337,1614275685093.0,0.4209628904771947,1.0,0.4209628904771947,1.0003894402237092,18060.0,0.8187105923745597,1561.65
6712982,long,close,1575.9,-144150.0,1574.7968455446662,720750.0,774.084176203286,0.06407635197678409,0.022867885018084903,0.08694423699486899,126.17483972585944,208.79260609334915,485.56420021709107,400.5137097619063,-91.12434927067562,435.56420021709056,1.0544225389493653,1614275758644.0,0.46085381127778013,1.0,0.46085381127778013,1.00038940419492,73551.0,0.8187324236715656,1563.1
6713316,long,close,1575.9,-144150.0,1574.7968455446662,576600.0,684.7922683764156,0.06407635197678409,0.022867885018084903,0.08694423699486899,126.19770761087753,208.82999211525694,485.6511444540859,400.57778611388306,-91.12434927067562,435.65114445408545,1.0544245859156145,1614275914772.0,0.5085803858536783,1.0,0.5085803858536783,1.0003893681729785,156128.0,0.8187731591643028,1564.55
6713317,long,close,1576.45,-576600.0,1574.7968455446662,0.0,0.0,0.38395765704869317,0.09143962701005424,0.4753972840587474,126.28914723788759,209.03441294740222,486.1265417381447,400.9617437709318,-91.12434927067562,436.1265417381442,1.0544486021578179,1614275916911.0,1.0,1.0,1.0,1.0003894690708715,2139.0,0.818773281126856,
6713746,long,entry,1575.1,353156.0,1575.1,353156.0,501.4568055850664,0.0,0.056052949019109906,0.056052949019109906,126.3452001869067,209.0585157154804,486.18259468716377,400.9617437709318,-91.12434927067562,436.1825946871633,1.0544495012100523,1614276045196.0,1.0,1.0,1.0,1.0003894221346552,128285.0,0.8188256030621383,1566.0
6714559,long,close,1576.2,-353156.0,1575.1,0.0,0.0,0.15647314787725614,0.05601383073214059,0.21248697860939672,126.40121401763884,209.14988511628246,486.39508166577315,401.118216918809,-91.12434927067562,436.3950816657727,1.054457754471376,1614276210036.0,0.6801831655441396,1.0,0.6801831655441396,1.0003894302860383,164840.0,0.818924758617813,
6720823,long,entry,1569.3,352050.0,1569.3,352050.0,499.6103477284875,0.0,0.05608392276811318,0.05608392276811318,126.45729794040695,209.17400120307272,486.45116558854124,401.118216918809,-91.12434927067562,436.4511655885408,1.0544010944996902,1614280158243.0,1.0,1.0,1.0,1.000389383372527,3948207.0,0.8196887320504661,1560.2
6721257,long,close,1570.4,-352050.0,1569.3,0.0,0.0,0.15713783760805994,0.05604463830871115,0.21318247591677109,126.51334257871565,209.26566966771694,486.664348064458,401.2753547564171,-91.12434927067562,436.66434806445756,1.0544103213543299,1614280259857.0,0.6807295601952343,1.0,0.6807295601952343,1.0003893917310687,101614.0,0.819741663798514,
6721290,long,entry,1567.75,351897.0,1567.75,351897.0,499.11690073437063,0.0,0.056114973688406955,0.056114973688406955,126.56945755240406,209.28979910640297,486.7204630381464,401.2753547564171,-91.12434927067562,436.72046303814597,1.0544130194515469,1614280268656.0,1.0,1.0,1.0,1.000389344840205,8799.0,0.8197456885627664,1558.75
6722246,long,close,1568.85,-351897.0,1567.75,0.0,0.0,0.15738017288393388,0.05607562864518597,0.21345580152911986,126.62553318104925,209.3815851010605,486.9339188396756,401.43273492930103,-91.12434927067562,436.9339188396751,1.0544183058128456,1614280632477.0,0.6802787132570811,1.0,0.6802787132570811,1.0003893532570483,363821.0,0.8198622847635354,
6725019,long,entry,1561.9,350778.0,1561.9,350778.0,497.25436377158263,0.0,0.05614604007939048,0.05614604007939048,126.68167922112863,209.40572789829463,486.990064879755,401.43273492930103,-91.12434927067562,436.99006487975447,1.0544037625372025,1614281786787.0,1.0,1.0,1.0,1.000389306388796,1154310.0,0.8202004869232971,1552.95
6725099,long,close,1563.0,-350778.0,1561.9,0.0,0.0,0.15805667072892782,0.056106525911708255,0.21416319664063607,126.73778574704033,209.49781807285012,487.2042280763956,401.59079160002995,-91.12434927067562,437.2042280763951,1.0544141540271923,1614281813230.0,0.6815126088697991,1.0,0.6815126088697991,1.0003893150161627,26443.0,0.8202102439275455,
6725367,long,entry,1561.0,350771.0,1561.0,350771.0,496.96833584492424,0.0,0.05617729019859065,0.05617729019859065,126.79396303723892,209.5219743076355,487.2604053665942,401.59079160002995,-91.12434927067562,437.2604053665937,1.0544152155699742,1614281930700.0,1.0,1.0,1.0,1.0003892681705016,117470.0,0.8202429298917777,1551.5
6725482,long,close,1562.1,-350771.0,1561.0,0.0,0.0,0.15823575755313712,0.056137731259202364,0.21437348881233947,126.85010076849812,209.61415490782483,487.47477885540656,401.7490273575831,-91.12434927067562,437.47477885540604,1.0544258875358998,1614281938790.0,0.6810727830290876,1.0,0.6810727830290876,1.00038927683351,8090.0,0.8202569555853849,
6725509,long,entry,1560.55,350865.0,1560.55,350865.0,496.82545001648106,0.0,0.05620854826823877,0.05620854826823877,126.90630931676637,209.63832458358016,487.53098740367477,401.7490273575831,-91.12434927067562,437.53098740367426,1.0544286716073,1614281941797.0,1.0,1.0,1.0,1.0003892300104074,3007.0,0.8202602485743188,1551.5
6725691,long,close,1561.65,-350865.0,1560.55,0.0,0.0,0.15836942489049452,0.05616895591201613,0.21453838080251064,126.96247827267838,209.73057608732523,487.7455257844773,401.9073967824736,-91.12434927067562,437.7455257844768,1.0544384926725907,1614282006563.0,0.6811542484812726,1.0,0.6811542484812726,1.0003892386930415,64766.0,0.8202824457589839,
6725721,long,entry,1559.85,350902.0,1559.85,350902.0,496.6022021232317,0.0,0.056239702535500216,0.056239702535500216,127.01871797521389,209.7547591594155,487.8017654870128,401.9073967824736,-91.12434927067562,437.8017654870123,1.054441199641528,1614282014689.0,1.0,1.0,1.0,1.0003891918924301,8126.0,0.8202861046355772,1551.5
6725814,long,close,1560.95,-350902.0,1559.85,0.0,0.0,0.1585282623762975,0.056200070469906147,0.21472833284620363,127.0749180456838,209.84709234253938,488.016493819859,402.0659250448499,-91.12434927067562,438.0164938198585,1.0544512636435333,1614282063539.0,0.6812770668614135,1.0,0.6812770668614135,1.0003892006033948,48850.0,0.8202974471530159,
6726070,long,entry,1558.9,350883.0,1558.9,350883.0,496.29964309898855,0.0,0.056270928218615686,0.056270928218615686,127.13118897390241,209.8712888416734,488.07276474807765,402.0659250448499,-91.12434927067562,438.07276474807713,1.0544523868007336,1614282176837.0,1.0,1.0,1.0,1.000389153825267,113298.0,0.820328669566611,1550.05
6726080,long,close,1560.0,-350883.0,1558.9,0.0,0.0,0.15871287446273027,0.05623125,0.21494412446273028,127.18742022390241,209.96371481519236,488.28770887254035,402.2246379193126,-91.12434927067562,438.28770887253984,1.054463147691029,1614282179707.0,0.681593864695587,1.0,0.681593864695587,1.0003891625735115,2870.0,0.820329889192142,
6731548,long,entry,1555.65,350346.0,1555.65,350346.0,495.2648832456748,0.0,0.05630218879568026,0.05630218879568026,127.24372241269809,209.98792475637447,488.344011061336,402.2246379193126,-91.12434927067562,438.3440110613355,1.0544180342930463,1614285365467.0,1.0,1.0,1.0,1.000389115817844,3185760.0,0.8209967804325231,1547.15
6732442,long,reentry,1547.15,649191.0,1550.129320425357,999537.0,895.4035112538717,0.0,0.10490110848980383,0.10490110848980383,127.34862352118789,210.0330322330251,488.4489121698258,402.2246379193126,-91.12434927067562,438.4489121698253,1.054418958543867,1614285654208.0,0.6798753259351853,1.0,0.6798753259351853,1.0003890860651314,288741.0,0.8211058149549995,1537.2
6733904,long,reentry,1537.2,1852142.0,1541.7318334041104,2851679.0,1245.0335932674418,0.0,0.30122007546187873,0.30122007546187873,127.64984359664977,210.1625568654737,488.75013224528766,402.2246379193126,-91.12434927067562,438.75013224528715,1.0544289157560822,1614285997075.0,0.4174721805647832,1.0,0.4174721805647832,1.000389124900458,342867.0,0.8212841242076397,1516.2
6737596,long,reentry,1516.2,653454.0,1536.971991576354,3505133.0,1293.2412096772475,0.0,0.10774535021764939,0.10774535021764939,127.75758894686743,210.2088873660673,488.85787759550533,402.2246379193126,-91.12434927067562,438.8578775955048,1.0544218624187356,1614286825609.0,0.1788189867312326,1.0,0.1788189867312326,1.000389096118964,828534.0,0.8217344099537055,0.05
6743489,long,close,1538.05,-184480.0,1536.971991576354,3320653.0,1280.364251472369,0.08412692928123654,0.029986021260687234,0.11411295054192377,127.78757496812811,210.25795593480032,488.97199054604727,402.30876484859385,-91.12434927067562,438.97199054604675,1.0543986265262055,1614288752834.0,0.1364286937482905,1.0,0.1364286937482905,1.0003890695613782,1927225.0,0.8224531352791564,1507.8
6743506,long,close,1539.0,-184480.0,1536.971991576354,3136173.0,1266.2346702442305,0.15816648794961063,0.029967511371020144,0.18813399932063077,127.81754247949914,210.33885355450818,489.16012454536786,402.46693133654344,-91.12434927067562,439.1601245453674,1.054407978083673,1614288757538.0,0.1677840419419116,1.0,0.1677840419419116,1.0003890688253338,4704.0,0.8224552086425593,1509.2
6743597,long,close,1538.05,-165061.0,1536.971991576354,2971112.0,1252.4484918616165,0.07527143903995112,0.02682958941516856,0.10210102845511967,127.84437206891431,210.3827569967439,489.262225573823,402.5422027755834,-91.12434927067562,439.26222557382255,1.0544127899061808,1614288777521.0,0.17522574809038885,1.0,0.17522574809038885,1.000389038068535,19983.0,0.8224663072348918,1510.6
6743606,long,close,1539.0,-165061.0,1536.971991576354,2806051.0,1237.3552850055692,0.14151733883050024,0.026813027940220925,0.16833036677072116,127.87118509685453,210.4551390544553,489.4305559405937,402.6837201144139,-91.12434927067562,439.43055594059325,1.0544211450515228,1614288782212.0,0.18582299170407818,1.0,0.18582299170407818,1.0003890303976573,4691.0,0.8224674048978697,1510.6
6743640,long,close,1540.0,-165061.0,1536.971991576354,2640990.0,1220.765184724227,0.2111615672466526,0.026795616883116883,0.2379571841297695,127.89798071373765,210.55746064363112,489.6685131247235,402.8948816816606,-91.12434927067562,439.668513124723,1.0544329083619137,1614288791700.0,0.19607881947466518,1.0,0.19607881947466518,1.0003890469603594,9488.0,0.8224715516246753,1512.0
6743667,long,close,1540.95,-165061.0,1536.971991576354,2475929.0,1202.4542811216954,0.27723985931054973,0.026779097310100912,0.30401895662065065,127.92475981104775,210.688188794978,489.9725320813442,403.17212154097115,-91.12434927067562,439.9725320813437,1.0544480066383901,1614288798663.0,0.20711513348863247,1.0,0.20711513348863247,1.000389086468295,6963.0,0.8224748446136092,1513.4
6743671,long,close,1541.15,-165061.0,1536.971991576354,2310868.0,1182.1804390556165,0.2911406981958502,0.026775622100379586,0.3179163202962298,127.95153543314812,210.8248928127054,490.29044840164045,403.463262239167,-91.12434927067562,440.2904484016399,1.0544638596308917,1614288800992.0,0.21966690605036154,1.0,0.21966690605036154,1.0003891307295438,2329.0,0.8224753324638217,1514.8
6743813,long,close,1538.05,-135933.0,1536.971991576354,2174935.0,1163.8955048720393,0.06198843168899786,0.022095022918630736,0.0840834546076286,127.97363045606676,210.86104869818666,490.37453185624804,403.525250670856,-91.12434927067562,440.37453185624753,1.0544677059259377,1614288824544.0,0.23035127665649968,1.0,0.23035127665649968,1.0003890936436397,23552.0,0.8224926511463626,1516.2
6743816,long,close,1539.2,-144995.0,1536.971991576354,2029940.0,1142.3935794864938,0.13655538993744973,0.023550383316008314,0.16010577325345804,127.99718083938276,210.92989418068564,490.5346376295015,403.6618060607934,-91.12434927067562,440.534637629501,1.0544756822551247,1614288825862.0,1.0,1.0,1.0,1.0003890829794688,1318.0,0.8224930170340219,1516.2
6745520,long,reentry,1516.2,1487990.0,1528.1859964753432,3517930.0,1287.1100186060332,0.0,0.24534856879039704,0.24534856879039704,128.24252940817317,211.0353940652655,490.7799861982919,403.6618060607934,-91.12434927067562,440.7799861982914,1.0544771977575893,1614289539555.0,0.24651678297893104,1.0,0.24651678297893104,1.0003891018989868,713693.0,0.8227008412245138,0.05
6806401,long,close,1529.25,-185154.0,1528.1859964753432,3332776.0,1274.350695072014,0.08429881322163649,0.03026875919568416,0.11456757241732064,128.27279816736885,211.08465812140497,490.89455377070925,403.7461048740151,-91.12434927067562,440.89455377070874,1.0541781644012354,1614309919782.0,0.11098907403920895,1.0,0.11098907403920895,1.0003890753877083,20380227.0,0.8301260434201324,1499.4
6808774,long,reentry,1499.4,148727.0,1526.9562819245334,3481503.0,1283.7854293767816,0.0,0.024797752434307055,0.024797752434307055,128.29759591980314,211.09532115495173,490.9193515231436,403.7461048740151,-91.12434927067562,440.91935152314306,1.0541504467583376,1614311867547.0,0.1500645645966491,1.0,0.1500645645966491,1.0003890177311028,1947765.0,0.8304154605586519,0.05
6886942,long,close,1528.0,-183237.0,1526.9562819245334,3298266.0,1270.9577983522788,0.08196839291653266,0.02997987565445026,0.11194826857098292,128.3275757954576,211.14345891043726,491.03129979171456,403.8280732669316,-91.12434927067562,441.03129979171405,1.053638012485732,1614347072056.0,0.08166570379714469,1.0,0.08166570379714469,1.0003889903234282,35204509.0,0.8399490294098061,1498.0
6886970,long,close,1529.0,-183237.0,1526.9562819245334,3115029.0,1256.8813077958364,0.1603984142492991,0.02996026814911707,0.19035868239841616,128.35753606360672,211.2253131438686,491.221658474113,403.9884716811809,-91.12434927067562,441.2216584741125,1.0536473406254503,1614347072892.0,0.1683029818065774,1.0,0.1683029818065774,1.0003889900988927,836.0,0.8399524443612931,1499.4
6886986,long,close,1529.95,-183237.0,1526.9562819245334,2931792.0,1241.374302050116,0.23481196957246148,0.029941664760286285,0.2647536343327478,128.387477728367,211.33915720663163,491.4864121084457,404.22328365075333,-91.12434927067562,441.4864121084452,1.0536602862009001,1614347075581.0,0.17815980135623863,1.0,0.17815980135623863,1.0003890156210935,2689.0,0.8399543957621428,1500.8
6887018,long,close,1530.9,-183237.0,1526.9562819245334,2748555.0,1224.215401391292,0.30913317023161097,0.029923084460121496,0.33905625469173245,128.4174008128271,211.48495139614909,491.8254683631374,404.53241682098496,-91.12434927067562,441.82546836313696,1.0536768365276912,1614347080286.0,0.18864424702606794,1.0,0.18864424702606794,1.0003890668033324,4705.0,0.8399582985638422,1502.2
6887049,long,close,1529.95,-161679.0,1526.9562819245334,2586876.0,1207.5613949965054,0.20718612741152714,0.026419000620935326,0.23360512803246247,128.44381981344804,211.58540160120305,492.0590734911699,404.7396029483965,-91.12434927067562,442.05907349116944,1.0536880734138128,1614347094464.0,0.1997546075360883,1.0,0.1997546075360883,1.0003890814180265,14178.0,0.8399620794029884,1502.2
6893102,long,close,1528.0,-136151.0,1526.9562819245334,2450725.0,1192.3091746211526,0.06090515924174069,0.022276014397905757,0.08318117363964644,128.46609582784595,211.6211695058681,492.1422546648095,404.8005081076382,-91.12434927067562,442.1422546648091,1.0536477270255786,1614350141980.0,0.19656593812607756,1.0,0.19656593812607756,1.000389043986748,3047516.0,0.8407003187369363,1503.6
6893118,long,close,1529.05,-144160.0,1526.9562819245334,2306565.0,1174.6514644910208,0.12927504152397348,0.023570190641247834,0.1528452321652213,128.48966601848718,211.6868929556991,492.2950998969747,404.9297831491622,-91.12434927067562,442.29509989697436,1.053655187069212,1614350143144.0,0.22012677854521198,1.0,0.22012677854521198,1.0003890306405199,1164.0,0.840702270137786,1505.0
6893140,long,close,1529.1,-144160.0,1526.9562819245334,2162405.0,1155.259321287903,0.13235792565728827,0.023569419920214506,0.15592734557750276,128.5132354384074,211.75394171429744,492.4510272425522,405.06214107481946,-91.12434927067562,442.45102724255185,1.053662783394351,1614350145142.0,0.2317266983936553,1.0,0.2317266983936553,1.0003890183470783,1998.0,0.8407049533139543,1506.4
6893410,long,close,1528.0,-135150.0,1526.9562819245334,2027255.0,1135.30830983362,0.06045737652695356,0.02211223821989529,0.08256961474684885,128.5353476766273,211.78944664863857,492.533596857299,405.1225984513464,-91.12434927067562,442.5335968572987,1.053665402201721,1614350242488.0,0.2424529040735062,1.0,0.2424529040735062,1.0003889807115596,97346.0,0.8407378832032928,1506.4
6893444,long,close,1529.25,-144803.0,1526.9562819245334,1882452.0,1111.6288156405026,0.14223697401136728,0.02367222494686938,0.16590919895823666,128.55901990157417,211.86078760419062,492.6995060562573,405.2648354253578,-91.12434927067562,442.6995060562569,1.0536733553869597,1614350253212.0,0.25738598257874157,1.0,0.25738598257874157,1.000388971849826,10724.0,0.8407420299300984,1507.8
6893446,long,close,1529.35,-144804.0,1526.9562819245334,1737648.0,1085.2171706286376,0.14842944638129726,0.023670840553176187,0.17210028693447346,128.58269074212734,211.93479072757245,492.87160634319173,405.41326487173905,-91.12434927067562,442.8716063431914,1.0536817623795025,1614350253364.0,0.2731839447902824,1.0,0.2731839447902824,1.0003889651074862,152.0,0.8407422738552046,1509.2
6893466,long,close,1529.6,-157968.0,1526.9562819245334,1579680.0,1052.6902837089804,0.1788050506879961,0.02581851464435147,0.20462356533234757,128.6085092567717,212.02277886066534,493.07622990852406,405.592069922427,-91.12434927067562,443.0762299085237,1.0536914918718598,1614350271555.0,0.29040627022680376,1.0,0.29040627022680376,1.0003889695595873,18191.0,0.8407447131062668,1509.2
6893471,long,close,1529.75,-157968.0,1526.9562819245334,1421712.0,1015.4822145483992,0.18893161305872794,0.025815983003758786,0.21474759606248672,128.63432523977545,212.11512032697223,493.2909775045866,405.78100153548576,-91.12434927067562,443.2909775045862,1.05370196754096,1614350272176.0,0.31183219996798045,1.0,0.31183219996798045,1.000388977469121,621.0,0.8407453229190323,1510.6
6893473,long,close,1529.95,-157968.0,1526.9562819245334,1263744.0,972.5043731344626,0.20243060740692434,0.025812608255171735,0.22824321566209607,128.66013784803062,212.21326490970694,493.5192207202487,405.9834321428927,-91.12434927067562,443.51922072024826,1.053713103928413,1614350272337.0,1.0,1.0,1.0,1.0003889899907292,161.0,0.8407455668441385,1512.0
6893480,long,close,1530.2,-157968.0,1526.9562819245334,1105776.0,922.3037625494843,0.2192993881252298,0.025808391059992157,0.24510777918522197,128.6859462390906,212.3186612547566,493.76432849943393,406.20273153101795,-91.12434927067562,443.7643284994335,1.0537250565545895,1614350272579.0,0.36435545401192027,1.0,0.36435545401192027,1.0003890082748956,242.0,0.8407464205820102,1513.4
6893494,long,close,1530.5,-157968.0,1526.9562819245334,947808.0,862.8965708719205,0.23953465063552284,0.025803332244364586,0.2653379828798874,128.71174957133496,212.43275658739495,494.0296664823138,406.44226618165345,-91.12434927067562,444.02966648231336,1.0537379927823716,1614350272593.0,0.3973052587404533,1.0,0.3973052587404533,1.0003890334673755,14.0,0.8407481280577537,1514.8
6893599,long,close,1530.9,-157968.0,1526.9562819245334,789840.0,791.4987376109585,0.2665026639551353,0.025796590241034686,0.29229925419617,128.737546161576,212.5584452666993,494.32196573651,406.7087688456086,-91.12434927067562,444.3219657365095,1.0537519746702237,1614350290491.0,0.436107452460761,1.0,0.436107452460761,1.0003890678662517,17898.0,0.8407609341258298,1514.8
6893621,long,close,1531.5,-157968.0,1526.9562819245334,631872.0,704.0778504810683,0.3069282706012145,0.025786483839373167,0.3327147544405877,128.76333264541537,212.70151261110874,494.65468049095057,407.01569711620976,-91.12434927067562,444.6546804909501,1.0537680135810803,1614350301686.0,0.48301846008428573,1.0,0.48301846008428573,1.00038911606941,11195.0,0.8407636173019981,1516.2
6893637,long,close,1532.35,-157968.0,1526.9562819245334,473904.0,594.5760110000008,0.3641436881323652,0.025772179984990377,0.38991586811735557,128.78910482540036,212.86917643439918,495.0445963590679,407.3798408043421,-91.12434927067562,445.04459635906744,1.0537869092785923,1614350307066.0,0.5404641513682941,1.0,0.5404641513682941,1.0003891837990544,5380.0,0.8407655687028478,1517.6
6893642,long,close,1532.4,-473904.0,1526.9562819245334,0.0,0.0,1.1025219727702622,0.07731401722787784,1.17983598999814,128.86641884262824,213.3765059100984,496.22443234906603,408.48236277711237,-91.12434927067562,446.2244323490656,1.0538442300009978,1614350307344.0,0.6119842000848364,1.0,0.6119842000848364,1.000389521848273,278.0,0.8407661785156133,
6906686,long,entry,1527.45,349587.0,1527.45,349587.0,486.28748566629497,0.0,0.057217421192183045,0.057217421192183045,128.9236362638204,213.40110940121104,496.28164977025824,408.48236277711237,-91.12434927067562,446.2816497702578,1.0537391188448497,1614357702355.0,1.0,1.0,1.0,1.0003894753172413,7395011.0,0.842357058058322,1519.0
6906713,long,close,1528.5,-349587.0,1527.45,0.0,0.0,0.15722156951726698,0.05717811579980373,0.2143996853170707,128.98081437962023,213.49330126589737,496.4960494555753,408.63958434662965,-91.12434927067562,446.49604945557485,1.0537491522004705,1614357726173.0,0.6816135884595574,1.0,0.6816135884595574,1.0003894825328297,23818.0,0.8423603510472558,
6906954,long,entry,1526.75,349618.0,1526.75,349618.0,486.06457599640385,0.0,0.05724873096446701,0.05724873096446701,129.0380631105847,213.5179182202121,496.5532981865398,408.63958434662965,-91.12434927067562,446.55329818653934,1.0537485777877655,1614357955896.0,1.0,1.0,1.0,1.0003894360242487,229723.0,0.8423897440225543,1517.6
6907364,long,reentry,1517.6,647842.0,1520.8071508631924,997460.0,878.5990656876124,0.0,0.10672146810753823,0.10672146810753823,129.14478457869222,213.56380845149835,496.66001965464733,408.63958434662965,-91.12434927067562,446.6600196546469,1.053751224045896,1614358128814.0,0.6797044077648816,1.0,0.6797044077648816,1.0003894064283954,172918.0,0.8424397486693276,1507.8
6907516,long,close,1521.85,-142494.0,1520.8071508631924,854966.0,818.8646446819555,0.06420547589185098,0.023408023129743407,0.08761349902159439,129.16819260182197,213.60148225607762,496.7476331536689,408.7037898225215,-91.12434927067562,446.74763315366846,1.0537547080155623,1614358180640.0,0.4205256129220338,1.0,0.4205256129220338,1.0003893703104358,51826.0,0.8424582869773997,1509.2
6907757,long,close,1525.35,-170993.0,1520.8071508631924,683973.0,731.5943180682445,0.3348597850904424,0.02802520732946537,0.3628849924199078,129.19621780915145,213.7575228028182,497.1105181460888,409.03864960761194,-91.12434927067562,447.1105181460884,1.0537700375149484,1614358332950.0,0.46196350426626664,1.0,0.46196350426626664,1.0003894281326733,152310.0,0.842487679952698,1510.6
6907783,long,close,1526.2,-170993.0,1520.8071508631924,512980.0,621.1989099171188,0.39729308670241875,0.02800959900406238,0.4253026857064811,129.2242274081555,213.94040295767195,497.53582083179526,409.43594269431435,-91.12434927067562,447.53582083179487,1.053790499334181,1614358338983.0,0.520376098555581,1.0,0.520376098555581,1.0003895071179085,6033.0,0.8424908509790788,1510.6
6907785,long,close,1526.35,-512980.0,1520.8071508631924,0.0,0.0,1.2249129174486864,0.08402070298424345,1.3089336204329298,129.30824811113976,214.50324441445812,498.8447544522282,410.66085561176305,-91.12434927067562,448.8447544522278,1.0538536363890272,1614358338998.0,1.0,1.0,1.0,1.0003898865144831,15.0,0.842491094904185,
6907926,long,entry,1523.35,350489.0,1523.35,350489.0,484.98153809894643,0.0,0.057519447270817606,0.057519447270817606,129.36576755841057,214.52797777678455,498.902273899499,410.66085561176305,-91.12434927067562,448.9022738994986,1.0538546691350292,1614358458125.0,1.0,1.0,1.0,1.0003898399846811,119127.0,0.8425082916241728,1514.8
6908281,long,close,1524.4,-350489.0,1523.35,0.0,0.0,0.15847656687057685,0.05747982812909997,0.2159563949996768,129.42324738653966,214.62083902663443,499.1182302944987,410.81933217863366,-91.12434927067562,449.1182302944983,1.053859902559687,1614358812206.0,0.6810486086620325,1.0,0.6810486086620325,1.0003898472728754,354081.0,0.8425515883305253,
6909021,long,entry,1520.75,350083.0,1520.75,350083.0,484.15415665093207,0.0,0.057551043892816046,0.057551043892816046,129.4807984304325,214.64558597550834,499.1757813383915,410.81933217863366,-91.12434927067562,449.1757813383911,1.0538468344142875,1614359898097.0,1.0,1.0,1.0,1.0003898007655054,1085891.0,0.8426418406198235,1512.0
6909639,long,close,1521.8,-350083.0,1520.75,0.0,0.0,0.15883452776306414,0.057511335260875276,0.21634586302393943,129.53830976569336,214.73861469660864,499.39212720141546,410.97816670639673,-91.12434927067562,449.39212720141506,1.0538527632200598,1614360205295.0,0.679887496015781,1.0,0.679887496015781,1.0003898081498328,307198.0,0.8427172134776427,
6909993,long,entry,1517.7,349573.0,1517.7,349573.0,483.18351970673683,0.0,0.05758269091388285,0.05758269091388285,129.59589245660723,214.7633752537016,499.44970989232934,410.97816670639673,-91.12434927067562,449.44970989232894,1.0538524753150311,1614360414960.0,1.0,1.0,1.0,1.0003897616648603,209665.0,0.8427603882214421,1509.2
6910055,long,close,1518.75,-349573.0,1517.7,0.0,0.0,0.15924102178649827,0.05754288065843621,0.21678390244493448,129.65343533726568,214.85659233175295,499.6664937947743,411.13740772818323,-91.12434927067562,449.6664937947739,1.0538624644264682,1614360444692.0,0.6812142774251257,1.0,0.6812142774251257,1.0003897691615358,29732.0,0.8427679498997346,
6910068,long,entry,1517.45,349707.0,1517.45,349707.0,483.10350764210017,0.0,0.05761425417641438,0.05761425417641438,129.7110495914421,214.8813664610488,499.7241080489507,411.13740772818323,-91.12434927067562,449.7241080489503,1.0538650194703951,1614360459380.0,1.0,1.0,1.0,1.000389722698876,14688.0,0.842769535412925,1509.2
6910111,long,close,1518.5,-349707.0,1517.45,0.0,0.0,0.15935453904572075,0.05757441554165295,0.2169289545873737,129.76862400698377,214.97464591152135,499.94103700353804,411.2967622672289,-91.12434927067562,449.9410370035377,1.0538747947049865,1614360503853.0,0.6814247039848988,1.0,0.6814247039848988,1.0003897302083962,44473.0,0.8427747798027085,
6911337,long,entry,1515.2,349380.0,1515.2,349380.0,482.3868671970305,0.0,0.05764585533262935,0.05764585533262935,129.8262698623164,214.99943362931438,499.99868285887067,411.2967622672289,-91.12434927067562,449.9986828588703,1.053860298023503,1614361687826.0,1.0,1.0,1.0,1.000389683768034,1183973.0,0.8429243058928159,1506.4
6911401,long,close,1516.25,-349380.0,1515.2,0.0,0.0,0.1596785440376107,0.05760593569661995,0.21728447973423065,129.883875798013,215.0928659556001,500.2159673386049,411.45644081126653,-91.12434927067562,450.21596733860457,1.0538696823266422,1614361759672.0,0.6814666751208199,1.0,0.6814666751208199,1.0003896913615595,71846.0,0.8429321114962146,
6911630,long,entry,1514.5,349411.0,1514.5,349411.0,482.1643582242109,0.0,0.05767761637504127,0.05767761637504127,129.94155341438804,215.11766733064138,500.27364495497994,411.45644081126653,-91.12434927067562,450.2736449549796,1.0538700961337915,1614361921152.0,1.0,1.0,1.0,1.0003896449435008,161480.0,0.8429600409208758,1506.4
6911752,long,close,1515.55,-349411.0,1514.5,0.0,0.0,0.15984031458889952,0.05763765629639405,0.21747797088529358,129.99919107068445,215.21118285812204,500.4911229258652,411.61628112585544,-91.12434927067562,450.4911229258649,1.0538781588861268,1614362083823.0,0.6813400580105671,1.0,0.6813400580105671,1.0003896525660385,162671.0,0.8429749203523547,
6911926,long,entry,1513.65,349407.0,1513.65,349407.0,481.89375717720173,0.0,0.05770934496085621,0.05770934496085621,130.05690041564532,215.23599787645523,500.5488322708261,411.61628112585544,-91.12434927067562,450.54883227082576,1.0538786504271374,1614362239945.0,1.0,1.0,1.0,1.00038960617024,156122.0,0.8429961418365951,1505.0
6913174,long,reentry,1505.0,647451.0,1508.0318967696503,996858.0,871.1491687919162,0.0,0.10754999999999999,0.10754999999999999,130.16445041564532,215.28224437645522,500.6563822708261,411.61628112585544,-91.12434927067562,450.65638227082576,1.0538728607831322,1614362990803.0,0.6797941744395484,1.0,0.6797941744395484,1.0003895766254758,750858.0,0.8431483511028708,1495.2
6913703,long,close,1509.1,-142408.0,1508.0318967696503,854450.0,811.9139655475963,0.06683732640247496,0.023591544629249225,0.09042887103172419,130.18804196027457,215.32112879099887,500.74681114185785,411.68311845225793,-91.12434927067562,450.7468111418575,1.0538726884222847,1614363300011.0,0.41971745625850715,1.0,0.41971745625850715,1.000389541301301,309208.0,0.8432128692934636,1496.6
6913788,long,close,1509.1,-142408.0,1508.0318967696503,712042.0,741.3417870237674,0.06683732640247496,0.023591544629249225,0.09042887103172419,130.21163350490383,215.36001320554251,500.8372400128896,411.7499557786604,-91.12434927067562,450.83724001288925,1.0538765043904628,1614363335534.0,0.46191665083995215,1.0,0.46191665083995215,1.0003895059835537,35523.0,0.8432232361104776,1496.6
6913963,long,close,1509.1,-142408.0,1508.0318967696503,569634.0,655.8335603529521,0.06683732640247496,0.023591544629249225,0.09042887103172419,130.23522504953308,215.39889762008616,500.92766888392134,411.8167931050629,-91.12434927067562,450.927668883921,1.0538790938885132,1614363455136.0,0.5083451357736065,1.0,0.5083451357736065,1.0003894706722325,119602.0,0.8432445795572711,1498.0
6913965,long,close,1509.4,-569634.0,1508.0318967696503,0.0,0.0,0.3423733076257026,0.09434775407446666,0.4367210617001693,130.32957280360756,215.58668767661723,501.3643899456215,412.1591664126886,-91.12434927067562,451.36438994562116,1.0538999946128869,1614363456072.0,0.565529274360416,1.0,0.565529274360416,1.0003895521450643,936.0,0.8432448234823773,
6915469,long,entry,1504.2,347831.0,1504.2,347831.0,478.88479317079555,0.0,0.05780996543012897,0.05780996543012897,130.38738276903769,215.6115459617522,501.4221999110516,412.1591664126886,-91.12434927067562,451.4221999110513,1.053887500075407,1614364502883.0,1.0,1.0,1.0,1.000389505813232,1046811.0,0.843428255162248,1495.2
6915478,long,close,1505.25,-347831.0,1504.2,0.0,0.0,0.16130334150906128,0.057769639594751704,0.21907298110381299,130.44515240863242,215.70574734362683,501.6412728921554,412.32046975419763,-91.12434927067562,451.6412728921551,1.0538978888708825,1614364509165.0,0.6816772180465331,1.0,0.6816772180465331,1.0003895138180112,6282.0,0.8434293528252259,
6915486,long,entry,1504.15,348012.0,1504.15,348012.0,478.8693263211337,0.0,0.057841970548150115,0.057841970548150115,130.50299437918056,215.73061939096254,501.6991148627036,412.32046975419763,-91.12434927067562,451.69911486270325,1.053900436695871,1614364524157.0,1.0,1.0,1.0,1.0003894675083265,14992.0,0.8434303285256508,1495.2
6915978,long,reentry,1495.2,644866.0,1498.337049466299,992878.0,865.6068297491094,0.0,0.10782269930444088,0.10782269930444088,130.610817078485,215.77698315166344,501.80693756200805,412.32046975419763,-91.12434927067562,451.8069375620077,1.0539028679753044,1614364711043.0,0.6797182046476048,1.0,0.6797182046476048,1.0003894380354803,186886.0,0.8434903341017788,1485.4
6917581,long,reentry,1485.4,1839802.0,1489.9345438948276,2832680.0,1203.3348680046615,0.0,0.3096475696782011,0.3096475696782011,130.9204646481632,215.91013160662507,502.11658513168624,412.32046975419763,-91.12434927067562,452.1165851316859,1.0539050463360353,1614365576781.0,0.41723712946503555,1.0,0.41723712946503555,1.0003894764556724,865738.0,0.843685840074407,1464.75
6920022,long,reentry,1464.75,646118.0,1485.257012422107,3478798.0,1249.6605856389122,0.0,0.1102778631165728,0.1102778631165728,131.03074251127978,215.95755108776518,502.2268629948028,412.32046975419763,-91.12434927067562,452.22686299480245,1.0538973675340684,1614366465109.0,0.17844277462643443,1.0,0.17844277462643443,1.0003894477864974,888328.0,0.8439835506665375,0.05
6950853,long,close,1486.3,-183094.0,1485.257012422107,3295704.0,1237.2145465674469,0.086505786559715,0.03079694543497275,0.11730273199468774,131.06153945671477,216.00799126252292,502.3441657267975,412.40697554075734,-91.12434927067562,452.34416572679714,1.0536561325636309,1614383482206.0,0.11248848717097248,1.0,0.11248848717097248,1.0003894214795954,17017097.0,0.8477437781413346,1456.65
6950874,long,close,1487.25,-183094.0,1485.257012422107,3112610.0,1223.556611720476,0.16519356107838082,0.030777273491343085,0.19597083456972392,131.0923167302061,216.0922587213879,502.5401365613672,412.5721691018357,-91.12434927067562,452.54013656136686,1.053665419938663,1614383483743.0,0.1676716024303227,1.0,0.1676716024303227,1.0003894215962161,1537.0,0.8477463393549498,1458.0
6950896,long,close,1488.15,-183094.0,1485.257012422107,2929516.0,1208.5103806230584,0.23964720121468494,0.03075866008130901,0.270405861295994,131.12307539028743,216.20853324174516,502.81054242266316,412.81181630305036,-91.12434927067562,452.8105424226629,1.0536781785279163,1614383489363.0,0.17752387206636244,1.0,0.17752387206636244,1.000389446671368,5620.0,0.8477490225311182,1459.35
6950940,long,close,1489.1,-183094.0,1485.257012422107,2746422.0,1191.858635972304,0.3181395175862899,0.030739037002216106,0.348878554588506,131.15381442728963,216.35855102021821,503.15942097725167,413.12995582063667,-91.12434927067562,453.1594209772514,1.0536945562309437,1614383501697.0,0.18766526811651654,1.0,0.18766526811651654,1.0003894980061483,12334.0,0.8477543888834548,1460.7
6950967,long,close,1490.05,-183094.0,1485.257012422107,2563328.0,1173.3392013740668,0.39653174644333866,0.03071943894500185,0.4272511853883405,131.18453386623463,216.5422690299352,503.58667216264,413.52648756708,-91.12434927067562,453.58667216263973,1.053714738057686,1614383507086.0,0.19971890420176994,1.0,0.19971890420176994,1.0003895754991097,5389.0,0.8477576818723886,1462.05
6951042,long,close,1487.25,-142407.0,1485.257012422107,2420921.0,1157.5694275038668,0.12848438207963656,0.023937972768532524,0.15242235484816907,131.20847183900315,216.60781064251992,503.7390945174882,413.65497194915963,-91.12434927067562,453.7390945174879,1.0537212030803975,1614383559559.0,0.21072299113812268,1.0,0.21072299113812268,1.0003895608463116,52473.0,0.8477668290638716,1463.4
6951043,long,close,1487.3,-142407.0,1485.257012422107,2278514.0,1140.3257371842951,0.1317033658446567,0.023937168022591274,0.15564053386724797,131.23240900702575,216.67473607208282,503.89473505135544,413.7866753150043,-91.12434927067562,453.89473505135516,1.0537285764122943,1614383559592.0,1.0,1.0,1.0,1.0003895472600735,33.0,0.8477669510264246,1463.4
6951103,long,close,1486.3,-142407.0,1485.257012422107,2136107.0,1121.431521650289,0.06728254091673858,0.023953273228823253,0.09123581414556182,131.25636228025456,216.71396747216542,503.985970865501,413.853957855921,-91.12434927067562,453.9859708655007,1.0537312637105434,1614383672611.0,0.23262063446548106,1.0,0.23262063446548106,1.0003895121163473,113019.0,0.8477742687796109,1464.75
6951118,long,close,1487.5,-152579.0,1485.257012422107,1983528.0,1098.9690677228518,0.1549041477477976,0.025643529411764707,0.1805476771595623,131.28200580966632,216.79160297334403,504.1665185426605,414.0088620036688,-91.12434927067562,454.16651854266024,1.0537396254367015,1614383685580.0,0.245589289168995,1.0,0.245589289168995,1.0003895068461899,12969.0,0.8477760982179076,1466.1
6951143,long,close,1488.9,-165294.0,1485.257012422107,1818234.0,1071.5836391245264,0.27229999812526123,0.027754382429981864,0.3000543805552431,131.3097601920963,216.92062635698278,504.4665729232158,414.2811620017941,-91.12434927067562,454.4665729232155,1.053753514597535,1614383707171.0,0.2613710604410042,1.0,0.2613710604410042,1.0003895414917472,21591.0,0.8477791472817352,1467.45
6951146,long,close,1489.1,-165294.0,1485.257012422107,1652940.0,1040.4606565732197,0.28721068642286585,0.027750654757907462,0.3149613411807733,131.3375108468542,217.0560597336905,504.7815342643965,414.5683726882169,-91.12434927067562,454.78153426439627,1.053768372824613,1614383709923.0,1.0,1.0,1.0,1.0003895810430068,2752.0,0.8477795131693945,1467.45
6951229,long,close,1489.35,-165294.0,1485.257012422107,1487646.0,1004.7797857024017,0.30584341530318965,0.02774599657568738,0.33358941187887703,131.36525684342988,217.1995031807984,505.11512367627535,414.8742161035201,-91.12434927067562,455.1151236762752,1.0537834913194737,1614383754887.0,0.3012587511680469,1.0,0.3012587511680469,1.0003896267295778,44964.0,0.8477896360613023,1468.8
6951230,long,close,1489.7,-165294.0,1485.257012422107,1322352.0,963.4603731201438,0.33191872926303495,0.027739477747197424,0.3596582070102324,131.39299632117707,217.3541562098128,505.4747818832856,415.2061348327831,-91.12434927067562,455.4747818832854,1.0538004775588965,1614383755144.0,1.0,1.0,1.0,1.00038968101612,257.0,0.8477897580238554,1470.15
6951244,long,close,1490.05,-165294.0,1485.257012422107,1157058.0,915.0592983446414,0.3579817934864344,0.027732961981141575,0.38571475546757594,131.4207292831582,217.52001355466385,505.86049663875315,415.56411662626954,-91.12434927067562,455.860496638753,1.0538185083067617,1614383767364.0,0.3532520822177997,1.0,0.3532520822177997,1.000389743875778,12220.0,0.8477914654995988,1471.5
6951257,long,close,1491.15,-192843.0,1485.257012422107,964215.0,846.9091599126288,0.5131170671987354,0.032331254400965695,0.5454483215997011,131.45306053755917,217.75455633295172,506.4059449603528,416.07723369346826,-91.12434927067562,456.40594496035266,1.0538441312694775,1614383774388.0,0.38615462645425547,1.0,0.38615462645425547,1.0003898597474485,7024.0,0.8477930510127892,1472.85
6951444,long,close,1486.3,-137745.0,1485.257012422107,826470.0,788.43296291091,0.06507990196111255,0.023169111215770706,0.08824901317688325,131.47622964877493,217.79250340861776,506.4941939735297,416.14231359542936,-91.12434927067562,456.49419397352955,1.0538457221892807,1614383951654.0,0.42990194883199573,1.0,0.42990194883199573,1.0003898234542958,177266.0,0.84781585801022,1474.2
6951493,long,close,1489.7,-165294.0,1485.257012422107,661176.0,703.2460151248863,0.33191872926303495,0.027739477747197424,0.3596582070102324,131.50396912652212,217.94715643763217,506.85385218053995,416.47423232469237,-91.12434927067562,456.8538521805398,1.0538620935277556,1614383991154.0,0.46981846351226547,1.0,0.46981846351226547,1.0003898773450302,39500.0,0.8478218341753222,1474.2
6951501,long,close,1490.5,-165294.0,1485.257012422107,495882.0,595.8899603905289,0.3914734617628852,0.027724589064072457,0.41919805082695766,131.5316937155862,218.12741159948774,507.2730502313669,416.86570578645524,-91.12434927067562,457.2730502313667,1.0538818166398203,1614383991890.0,1.0,1.0,1.0,1.0003899508914198,736.0,0.847822809875747,1475.55
6951503,long,close,1490.6,-495882.0,1485.257012422107,0.0,0.0,1.196739925659565,0.08316818730712465,1.2799081129666896,131.61486190289332,218.67777208806345,508.5529583443336,418.0624457121148,-91.12434927067562,458.5529583443334,1.053941968791544,1614383991969.0,1.0,1.0,1.0,1.0003903093862307,79.0,0.8478230538008532,
6975442,long,entry,1491.7,349887.0,1491.7,349887.0,474.90591968154393,0.0,0.058638968961587455,0.058638968961587455,131.6735008718549,218.70298684471692,508.6115973132952,418.0624457121148,-91.12434927067562,458.61159731329496,1.053629035420508,1614405866752.0,1.0,1.0,1.0,1.000390263121865,21874783.0,0.8507427153596469,1483.65
6975786,long,reentry,1483.65,648340.0,1486.47159303445,998227.0,858.6166966874525,0.0,0.10924746402453409,0.10924746402453409,131.78274833587943,218.74996325424746,508.7208447773197,418.0624457121148,-91.12434927067562,458.7208447773195,1.0536325249050802,1614405978736.0,0.6798962525737773,1.0,0.6798962525737773,1.0003902336090758,111984.0,0.8507846704779152,1474.2
6975832,long,close,1487.5,-142603.0,1486.47159303445,855624.0,800.228768958669,0.06632543134184966,0.02396689075630252,0.09029232209815219,131.80671522663573,218.78878895274968,508.81113709941786,418.1287711434567,-91.12434927067562,458.81113709941764,1.0536365501856342,1614405991684.0,0.4212028065068236,1.0,0.4212028065068236,1.000390197831828,12948.0,0.850790280755358,1474.2
6975898,long,close,1487.5,-142604.0,1486.47159303445,713020.0,730.6665241108337,0.06632589644729163,0.023967058823529414,0.09029295527082104,131.83068228545926,218.8276149235161,508.90143005468866,418.19509703990394,-91.12434927067562,458.90143005468843,1.0536402202008543,1614406029339.0,0.46163295952726796,1.0,0.46163295952726796,1.000390162061524,37655.0,0.850798330283863,1475.55
6975956,long,close,1491.75,-178255.0,1486.47159303445,534765.0,622.2029218413318,0.4243184649113816,0.029873470755823698,0.4541919356672053,131.8605557562151,219.02291745585302,509.35562199035587,418.6194155048153,-91.12434927067562,459.35562199035564,1.0536609013562648,1614406063228.0,0.508861649451614,1.0,0.508861649451614,1.000390246480215,33889.0,0.850805404111943,1476.9
6975962,long,close,1491.8,-534765.0,1486.47159303445,0.0,0.0,1.2849704654229166,0.0896174084997989,1.3745878739227155,131.9501731647149,219.6139902416398,510.7302098642786,419.90438597023825,-91.12434927067562,460.7302098642784,1.0537248207406333,1614406065352.0,0.5829040242390938,1.0,0.5829040242390938,1.000390634005383,2124.0,0.8508061358872617,
6976039,long,entry,1489.7,350913.0,1489.7,350913.0,474.268405595228,0.0,0.05888987715647446,0.05888987715647446,132.00906304187137,219.6393128888171,510.7890997414351,419.90438597023825,-91.12434927067562,460.7890997414349,1.0537268808856455,1614406112372.0,1.0,1.0,1.0,1.0003905877330523,47020.0,0.8508155270038509,1480.95
6976684,long,close,1490.75,-350913.0,1489.7,0.0,0.0,0.16591479728804565,0.058848398457152444,0.2247631957451981,132.06791144032852,219.73596106298754,511.0138629371803,420.0703007675263,-91.12434927067562,461.0138629371801,1.0537326474233215,1614406437445.0,0.680433659729649,1.0,0.680433659729649,1.0003905960398993,325073.0,0.850894192850604,
6976715,long,entry,1487.6,350613.0,1487.6,350613.0,473.59989218493837,0.0,0.05892259343909654,0.05892259343909654,132.1268340337676,219.76129777816635,511.0727855306194,420.0703007675263,-91.12434927067562,461.07278553061917,1.053735099190914,1614406457200.0,1.0,1.0,1.0,1.0003905497894972,19755.0,0.8508979736897502,1479.6
6976724,long,close,1488.65,-350613.0,1487.6,0.0,0.0,0.16624115302067363,0.05888103315084136,0.225122186171515,132.18571506691845,219.8581003182201,511.2979077167909,420.236541920547,-91.12434927067562,461.2979077167907,1.053745447043055,1614406464259.0,0.6815492925060931,1.0,0.6815492925060931,1.0003905581768746,7059.0,0.8508990713527281,
6978803,long,entry,1483.6,349865.0,1483.6,349865.0,472.32680326792644,0.0,0.05895541251011055,0.05895541251011055,132.24467047942855,219.88345114559942,511.356863129301,420.236541920547,-91.12434927067562,461.3568631293008,1.053719966163945,1614408427844.0,1.0,1.0,1.0,1.0003905119483878,1963585.0,0.8511526315006346,1475.55
6978896,long,close,1484.65,-349865.0,1483.6,0.0,0.0,0.16678188969957405,0.058913717037685644,0.2256956067372597,132.30358419646623,219.98050025649644,511.58255873603827,420.40332381024655,-91.12434927067562,461.58255873603804,1.053730002873572,1614408457631.0,0.6812049114012376,1.0,0.6812049114012376,1.0003905204864842,29787.0,0.8511639740180734,
6980625,long,entry,1480.8,349399.0,1480.8,349399.0,471.4352784628591,0.0,0.05898821582928147,0.05898821582928147,132.36257241229552,220.00586518930305,511.64154695186755,420.40332381024655,-91.12434927067562,461.6415469518673,1.053704474099832,1614410426051.0,1.0,1.0,1.0,1.0003904742798408,1968420.0,0.8513748472723929,1472.85
6980907,long,reentry,1472.85,647436.0,1475.636541453701,996835.0,852.350970074072,0.0,0.10989510133414808,0.10989510133414808,132.47246751362968,220.05312008287672,511.7514420532017,420.40332381024655,-91.12434927067562,461.75144205320146,1.0537090674501706,1614410460684.0,0.679905432874213,1.0,0.679905432874213,1.0003904447900018,34633.0,0.8514092407123687,1463.4
6981890,long,reentry,1463.4,1847135.0,1467.6890089557908,2843970.0,1185.2162229213561,0.0,0.31555538472051387,0.31555538472051387,132.7880228983502,220.18880889830652,512.0669974379222,420.40332381024655,-91.12434927067562,462.066997437922,1.053718837337809,1614410797911.0,0.4175344448873666,1.0,0.4175344448873666,1.0003904827406829,337227.0,0.8515291299020714,1443.15
6982145,long,close,1468.7,-149682.0,1467.6890089557908,2694288.0,1171.2909658646959,0.07020204267889865,0.025478654592496763,0.09568069727139542,132.81350155294268,220.22995159813323,512.1626781351936,420.47352585292543,-91.12434927067562,462.1626781351934,1.0537213577342888,1614410930808.0,0.18940175568761342,1.0,0.18940175568761342,1.0003904485709592,132897.0,0.8515602303531133,1444.5
6982167,long,close,1469.65,-149682.0,1467.6890089557908,2544606.0,1156.075091915941,0.13608091686764723,0.025462184873949578,0.1615431017415968,132.83896373781664,220.2994151318821,512.3242212369352,420.60960676979306,-91.12434927067562,462.324221236935,1.0537285996867891,1614410946967.0,0.20255244698754366,1.0,0.20255244698754366,1.000390435982848,16159.0,0.8515629135292816,1444.5
6982170,long,close,1469.7,-149682.0,1467.6890089557908,2394924.0,1139.421101950302,0.13954586684029474,0.02546131863645642,0.16500718547675117,132.8644250564531,220.3703682216371,512.4892284224119,420.74915263663337,-91.12434927067562,462.4892284224117,1.053736192987529,1614410949647.0,0.2133670656850673,1.0,0.2133670656850673,1.000390424516459,2680.0,0.851563279416941,1445.85
6982171,long,close,1469.75,-149682.0,1467.6890089557908,2245242.0,1121.1153876685505,0.14301058106195774,0.025460452457901003,0.16847103351985876,132.889885508911,220.44281076605063,512.6576994559317,420.8921632176953,-91.12434927067562,462.65769945593155,1.0537439764014072,1614410950071.0,1.0,1.0,1.0,1.000390414170066,424.0,0.851563401379494,1447.2
6982174,long,close,1469.85,-149682.0,1467.6890089557908,2095560.0,1100.8978316166063,0.1499393023485818,0.025458720277579346,0.17539802262616114,132.91534422918858,220.5182319157799,512.8330974785579,421.0421025200439,-91.12434927067562,462.8330974785577,1.0537520650977927,1614410951354.0,0.237232693108892,1.0,0.237232693108892,1.0003904060747326,1283.0,0.8515637672671533,1447.2
6982175,long,close,1469.9,-149682.0,1467.6890089557908,1945878.0,1078.455448984482,0.1534033094616767,0.02545785427580107,0.1788611637374778,132.94080208346438,220.59514221618699,513.0119586422953,421.1955058295056,-91.12434927067562,463.01195864229516,1.053760328477685,1614410951425.0,1.0,1.0,1.0,1.0003903990946437,71.0,0.8515638892297065,1448.55
6982177,long,close,1470.0,-149682.0,1467.6890089557908,1796196.0,1053.3980099328483,0.16033061674760485,0.02545612244897959,0.18578673919658445,132.96625820591336,220.67503051404154,513.1977453814919,421.3558364462532,-91.12434927067562,463.19774538149176,1.053768909235515,1614410951471.0,1.0,1.0,1.0,1.0003903943593857,46.0,0.8515641331548127,1449.9
6982178,long,close,1470.1,-149683.0,1467.6890089557908,1646513.0,1025.241172836174,0.1672580990223095,0.025454560914223524,0.19271265993653303,132.9917127668276,220.75789695781424,513.3904580414285,421.5230945452755,-91.12434927067562,463.3904580414283,1.0537778069205812,1614410951501.0,1.0,1.0,1.0,1.0003903918655006,30.0,0.8515642551173658,1451.25
6982638,long,close,1468.7,-137209.0,1467.6890089557908,1509304.0,996.2512373964502,0.06435210695961442,0.023355518485735683,0.0877076254453501,133.01506828531333,220.79561123675572,513.4781656668738,421.58744665223514,-91.12434927067562,463.4781656668737,1.05377890767434,1614411156655.0,0.29850073702622376,1.0,0.29850073702622376,1.0003903550732824,205154.0,0.8516203578917944,1451.25
6982686,long,close,1468.7,-137209.0,1467.6890089557908,1372095.0,963.5563890588138,0.06435210695961442,0.023355518485735683,0.0877076254453501,133.03842380379908,220.83332551569723,513.5658732923191,421.6517987591948,-91.12434927067562,463.56587329231905,1.0537825128931462,1614411187451.0,0.32128539197026246,1.0,0.32128539197026246,1.0003903182885037,30796.0,0.8516262120943434,1452.6
6982747,long,close,1468.7,-137209.0,1467.6890089557908,1234886.0,926.3979144078182,0.06435210695961442,0.023355518485735683,0.0877076254453501,133.06177932228482,220.8710397946387,513.6535809177644,421.7161508661544,-91.12434927067562,463.65358091776443,1.0537860347329657,1614411223998.0,0.34333568060870695,1.0,0.34333568060870695,1.0003902815111618,36547.0,0.8516336518100829,1453.95
6982791,long,close,1470.8,-154360.0,1467.6890089557908,1080526.0,877.9194800491015,0.22245689319712345,0.026237421811259178,0.24869431500838263,133.08801674409608,220.97797835009231,513.9022752327728,421.93860775935156,-91.12434927067562,463.9022752327728,1.0537968671219233,1614411268466.0,0.3692609944457408,1.0,0.3692609944457408,1.0003902972340686,44468.0,0.8516390181624195,1453.95
6982800,long,close,1471.1,-154360.0,1467.6890089557908,926166.0,820.6438468283023,0.24385918139881332,0.026232071239208756,0.2700912526380221,133.1142488153353,221.09411758872662,514.1723664854107,422.1824669407504,-91.12434927067562,464.1723664854108,1.0538092607617295,1614411272540.0,0.4031209980289618,1.0,0.4031209980289618,1.0003903198835848,4074.0,0.8516401158253974,1455.3
6982811,long,close,1471.5,-154361.0,1467.6890089557908,771805.0,751.9411840101485,0.2723837553544792,0.02622511043153245,0.29860886578601165,133.14047392576683,221.22251940101455,514.4709753511967,422.45485069610487,-91.12434927067562,464.47097535119684,1.0538229865328517,1614411274887.0,0.44217527320239114,1.0,0.44217527320239114,1.0003903517634347,2347.0,0.8516414574134816,1456.65
6982860,long,close,1472.05,-154361.0,1467.6890089557908,617444.0,668.0212271479397,0.31157756191633373,0.02621531197989199,0.3377928738962257,133.1666892377467,221.36777033678993,514.8087682250929,422.7664282580212,-91.12434927067562,464.80876822509305,1.0538382102574133,1614411297963.0,0.4886319262741688,1.0,0.4886319262741688,1.0003903963224872,23076.0,0.8516474335785837,1458.0
6982861,long,close,1472.1,-617444.0,1467.6890089557908,0.0,0.0,1.2605567319965159,0.10485768629848516,1.365414418295001,133.2715469240452,221.9548985366568,516.1741826433879,424.02698499001775,-91.12434927067562,466.17418264338806,1.0539009476492267,1614411300686.0,1.0,1.0,1.0,1.000390774452343,2723.0,0.8516475555411369,
6982946,long,entry,1471.05,350214.0,1471.05,350214.0,468.3314164954134,0.0,0.05951769144488631,0.05951769144488631,133.33106461549008,221.98049114397807,516.2337003348327,424.02698499001775,-91.12434927067562,466.233700334833,1.0539025823670234,1614411376926.0,1.0,1.0,1.0,1.0003907283501108,76240.0,0.8516579223581509,1463.4
6982971,long,close,1472.1,-350214.0,1471.05,0.0,0.0,0.16980796417943278,0.05947523945384146,0.22928320363327423,133.3905398549439,222.0790829215404,516.462983538466,424.1967929541972,-91.12434927067562,466.46298353846623,1.0539129787293544,1614411385804.0,0.6814288711683468,1.0,0.6814288711683468,1.0003907372870962,8878.0,0.8516609714219785,
6982979,long,entry,1470.95,350386.0,1470.95,350386.0,468.2994644338664,0.0,0.05955097046126653,0.05955097046126653,133.45009082540517,222.1046898388387,516.5225345089273,424.1967929541972,-91.12434927067562,466.5225345089275,1.0539156624545245,1614411389202.0,1.0,1.0,1.0,1.0003906912064997,3398.0,0.8516619471224033,1462.05
6983032,long,close,1472.0,-350386.0,1470.95,0.0,0.0,0.16991445376177022,0.059508491847826084,0.2294229456095963,133.509599317253,222.20334170545084,516.7519574545369,424.3667074079589,-91.12434927067562,466.7519574545371,1.0539257439950838,1614411419972.0,0.6812663165330158,1.0,0.6812663165330158,1.0003907001504173,30770.0,0.851668411137718,
6983170,long,entry,1470.45,350463.0,1470.45,350463.0,468.140391303445,0.0,0.05958431092522697,0.05958431092522697,133.56918362817822,222.22896295914867,516.811541765462,424.3667074079589,-91.12434927067562,466.8115417654623,1.0539262961790505,1614411571314.0,1.0,1.0,1.0,1.000390654091451,151342.0,0.8516852419700465,1462.05
6983178,long,close,1471.45,-350463.0,1470.45,0.0,0.0,0.16197440871308819,0.05954381732304869,0.22151822603613688,133.62872744550128,222.3242157963442,517.0330599914981,424.528681816672,-91.12434927067562,467.0330599914985,1.0539364175849146,1614411573732.0,0.6816021279307317,1.0,0.6816021279307317,1.0003906604398798,2418.0,0.8516862176704714,
6983656,long,entry,1469.3,350379.0,1469.3,350379.0,467.77389557673894,0.0,0.059616654189069626,0.059616654189069626,133.68834409969034,222.34985095764551,517.0926766456872,424.528681816672,-91.12434927067562,467.09267664568756,1.05393242872266,1614412040212.0,1.0,1.0,1.0,1.0003906144029304,466480.0,0.8517445157708557,1460.7
6983728,long,close,1470.3,-350379.0,1469.3,0.0,0.0,0.16218908845562904,0.05957610691695572,0.22176519537258477,133.7479202066073,222.44520999165573,517.3144418410599,424.69087090512767,-91.12434927067562,467.31444184106016,1.0539419977343136,1614412081285.0,0.6812660836898753,1.0,0.6812660836898753,1.0003906207967472,41073.0,0.8517532970746794,
6984191,long,entry,1468.05,350272.0,1468.05,350272.0,467.3764552873309,0.0,0.05964919450972379,0.05964919450972379,133.807569401117,222.4708591452949,517.3740910355696,424.69087090512767,-91.12434927067562,467.3740910355699,1.0539379006545886,1614412555265.0,1.0,1.0,1.0,1.000390574781842,473980.0,0.8518097657367673,1459.35
6984240,long,close,1469.05,-350272.0,1468.05,0.0,0.0,0.16241569588432841,0.0596085905857527,0.2220242864700811,133.86717799170276,222.56632958847703,517.5961153220396,424.853286601012,-91.12434927067562,467.59611532203996,1.0539477033989628,1614412580467.0,0.6813088846017313,1.0,0.6813088846017313,1.0003905812248366,25202.0,0.8518157419018694,
6984617,long,entry,1467.05,350224.0,1467.05,350224.0,467.0580957355139,0.0,0.05968167410790362,0.05968167410790362,133.92685966581067,222.5919927083434,517.6557969961475,424.853286601012,-91.12434927067562,467.65579699614784,1.0539457004589998,1614412909077.0,1.0,1.0,1.0,1.0003905352319185,328610.0,0.8518617217843902,1459.35
6984679,long,close,1468.05,-350224.0,1467.05,0.0,0.0,0.1626148267645077,0.0596410204012125,0.2222558471657202,133.98650068621188,222.68756272262468,517.8780528433132,425.0159014277765,-91.12434927067562,467.8780528433136,1.0539550408347074,1614412966656.0,0.6814499415253622,1.0,0.6814499415253622,1.0003905417150742,57579.0,0.8518692834626828,
6984692,long,entry,1466.85,350367.0,1466.85,350367.0,466.9944248064187,0.0,0.059714183454340944,0.059714183454340944,134.04621486966622,222.71323982151006,517.9377670267676,425.0159014277765,-91.12434927067562,467.9377670267679,1.0539575925078293,1614412979146.0,1.0,1.0,1.0,1.0003904957441179,12490.0,0.8518708689758732,1458.0
6984700,long,close,1467.85,-350367.0,1466.85,0.0,0.0,0.16272557401462892,0.05967350206083728,0.22239907607546622,134.10588837172705,222.8088714242225,518.160166102843,425.17862700179114,-91.12434927067562,468.1601661028434,1.0539676731566017,1614412985417.0,0.6817972030482292,1.0,0.6817972030482292,1.000390502238847,6271.0,0.851871844676298,
6984750,long,entry,1466.7,350522.0,1466.7,350522.0,466.94665725832397,0.0,0.05974671030203859,0.05974671030203859,134.1656350820291,222.83456250965241,518.2199128131451,425.17862700179114,-91.12434927067562,468.2199128131454,1.0539698644194038,1614413022910.0,1.0,1.0,1.0,1.0003904562898314,37493.0,0.8518779428039532,1458.0
6985145,long,close,1467.7,-350522.0,1466.7,0.0,0.0,0.16283085181448925,0.05970600258908496,0.2225368544035742,134.22534108461818,222.93025335704596,518.4424496675488,425.3414578536056,-91.12434927067562,468.442449667549,1.0539768131782212,1614413246490.0,0.67994334469425,1.0,0.67994334469425,1.000390462794333,223580.0,0.8519261180124299,
6985238,long,entry,1465.1,350330.0,1465.1,350330.0,466.4369324196365,0.0,0.059779195959320186,0.059779195959320186,134.2851202805775,222.95595841130847,518.5022288635081,425.3414578536056,-91.12434927067562,468.5022288635083,1.0539781340890961,1614413344346.0,1.0,1.0,1.0,1.0003904168672184,97856.0,0.8519374605298687,1456.65
6985279,long,close,1466.1,-350330.0,1465.1,0.0,0.0,0.16309718561986883,0.05973842166291522,0.22283560728278407,134.34485870224043,223.0517777224401,518.7250644707909,425.50455503922547,-91.12434927067562,468.7250644707911,1.0539877373785587,1614413384287.0,0.6815043138138365,1.0,0.6815043138138365,1.000390423433253,39941.0,0.8519424609945461,
6985323,long,entry,1464.85,350461.0,1464.85,350461.0,466.357193250731,0.0,0.05981175546984333,0.05981175546984333,134.40467045771027,223.0774967772921,518.7848762262607,425.50455503922547,-91.12434927067562,468.78487622626096,1.0539898760927968,1614413425398.0,1.0,1.0,1.0,1.0003903775280225,41111.0,0.8519478273468827,1456.65
6985932,long,close,1465.85,-350461.0,1464.85,0.0,0.0,0.16321384990237012,0.05977095200736774,0.22298480190973785,134.46444140971764,223.17338024211332,519.0078610281705,425.66776888912784,-91.12434927067562,469.0078610281707,1.0539944658821085,1614413813118.0,0.6800842440399719,1.0,0.6800842440399719,1.0003903841073416,387720.0,0.852022102541724,
6987249,long,entry,1460.3,349563.0,1460.3,349563.0,464.90872759667326,0.0,0.059844381291515446,0.059844381291515446,134.52428579100916,223.1991133260687,519.0677054094621,425.66776888912784,-91.12434927067562,469.0677054094622,1.0539787502696674,1614415092965.0,1.0,1.0,1.0,1.0003903382239892,1279847.0,0.852182727224164,1452.6
6987807,long,close,1461.3,-349563.0,1460.3,0.0,0.0,0.163811349596982,0.0598034284541162,0.2236147780510982,134.58408921946327,223.29526768063062,519.2913201875131,425.8315802387248,-91.12434927067562,469.2913201875133,1.0539841443943563,1614415426406.0,0.6802333533278263,1.0,0.6802333533278263,1.0003903449709874,333441.0,0.8522507823287969,
6987921,long,entry,1458.15,349239.0,1458.15,349239.0,464.2242670421481,0.0,0.05987707026026128,0.05987707026026128,134.64396628972352,223.32101482084255,519.3511972577734,425.8315802387248,-91.12434927067562,469.35119725777355,1.0539858036883227,1614415500713.0,1.0,1.0,1.0,1.0003902991094629,74307.0,0.852264686059851,1449.9
6987997,long,close,1459.15,-349239.0,1458.15,0.0,0.0,0.1641423301518466,0.059836034677723325,0.22397836482956993,134.70380232440124,223.41732551771926,519.575175622603,425.99572256887666,-91.12434927067562,469.5751756226031,1.053995689878817,1614415523109.0,0.6811646517567664,1.0,0.6811646517567664,1.0003903059382286,22396.0,0.8522739552138869,
6997153,long,entry,1457.25,349214.0,1457.25,349214.0,463.93753121955007,0.0,0.05990976153714188,0.05990976153714188,134.76371208593838,223.44308671518024,519.6350853841401,425.99572256887666,-91.12434927067562,469.63508538414027,1.0538621629081173,1614425001355.0,1.0,1.0,1.0,1.000390260098486,9478246.0,0.8533906443501214,1448.55
6997304,long,close,1458.25,-349214.0,1457.25,0.0,0.0,0.16433330783371808,0.05986867821018344,0.2242019860439015,134.82358076414857,223.53949356917911,519.859287370184,426.1600558767104,-91.12434927067562,469.8592873701842,1.053871608030569,1614425053096.0,0.680703694962457,1.0,0.680703694962457,1.000390266963925,51741.0,0.8534090606956403,
7005717,long,entry,1466.6,351647.0,1466.6,351647.0,466.91442259150335,0.0,0.05994255420700942,0.05994255420700942,134.88352331835557,223.56526886748816,519.9192299243911,426.1600558767104,-91.12434927067562,469.9192299243912,1.0537617146787064,1614432921402.0,1.0,1.0,1.0,1.000390221145963,7868306.0,0.8544351316549172,1458.0
7005884,long,close,1467.6,-351647.0,1466.6,0.0,0.0,0.16337572692018562,0.05990171027527937,0.223277437195465,134.94342502863086,223.66127816548223,520.1425073615866,426.3234316036306,-91.12434927067562,470.14250736158664,1.0537706997220493,1614433000705.0,0.6811347247206834,1.0,0.6811347247206834,1.0003902276801089,79303.0,0.8544554994012858,
7005929,long,entry,1466.0,351695.0,1466.0,351695.0,466.7237355316353,0.0,0.059975272851296044,0.059975272851296044,135.00340030148215,223.68706753280827,520.2024826344378,426.3234316036306,-91.12434927067562,470.20248263443796,1.0537730564610086,1614433025925.0,1.0,1.0,1.0,1.000390181883974,25220.0,0.8544609877161756,1458.0
7006682,long,close,1467.0,-351695.0,1466.0,0.0,0.0,0.16353175964906053,0.05993438991138378,0.2234661495604443,135.06333469139352,223.78315797711923,520.4259487839983,426.48696336327964,-91.12434927067562,470.4259487839984,1.0537704716502796,1614433915372.0,0.6804356483864188,1.0,0.6804356483864188,1.0003901884439512,889447.0,0.8545528255186641,
7009728,long,entry,1462.3,350998.0,1462.3,350998.0,465.54529713310865,0.0,0.06000786432332627,0.06000786432332627,135.12334255571685,223.80896135877828,520.4859566483216,426.48696336327964,-91.12434927067562,470.48595664832175,1.0537370187211228,1614436449554.0,1.0,1.0,1.0,1.000390142669572,2534182.0,0.8549243234554236,1453.95
7010279,long,reentry,1453.95,650399.0,1456.8767446377412,1001397.0,841.5966483519804,0.0,0.11183310980432615,0.11183310980432615,135.23517566552118,223.85704959599414,520.5977897581259,426.48696336327964,-91.12434927067562,470.59778975812605,1.0537396839601536,1614436617308.0,0.6797955174818704,1.0,0.6797955174818704,1.0003901134877595,167754.0,0.8549915248221847,1444.5
7010764,long,reentry,1444.5,1855588.0,1448.8381519153932,2856985.0,1170.0817412105425,0.0,0.321147109726549,0.321147109726549,135.55632277524774,223.99514285317656,520.9189368678525,426.48696336327964,-91.12434927067562,470.9189368678526,1.0537533389291396,1614436677829.0,0.4173584074547541,1.0,0.4173584074547541,1.0003901512278144,60521.0,0.8550506766604409,1424.25
7011083,long,close,1449.85,-150367.0,1448.8381519153932,2706618.0,1156.3375790762973,0.07243107026307202,0.02592802703727972,0.09835909730035175,135.58225080228502,224.0374372650157,521.0172959651528,426.5593944335427,-91.12434927067562,471.017295965153,1.0537567967365877,1614436747006.0,0.1895818387515289,1.0,0.1895818387515289,1.000390117719235,69177.0,0.8550895827148816,1425.6
7011097,long,close,1450.75,-150367.0,1448.8381519153932,2556251.0,1141.3208596484835,0.13677082372454094,0.025911942098914356,0.1626827658234553,135.60816274438392,224.1073908543198,521.1799787309762,426.69616525726724,-91.12434927067562,471.1799787309764,1.053764119542437,1614436748884.0,0.2028831357830647,1.0,0.2028831357830647,1.0003901047608115,1878.0,0.855091290190625,1425.6
7011112,long,close,1451.8,-159765.0,1448.8381519153932,2396486.0,1123.7658051459846,0.22496645122304948,0.027511537401845986,0.25247798862489546,135.63567428178575,224.2159563894285,521.4324567196012,426.9211317084903,-91.12434927067562,471.4324567196013,1.053775479150365,1614436751846.0,0.21337041860329212,1.0,0.21337041860329212,1.0003901204530607,2962.0,0.8550931196289216,1426.95
7011113,long,close,1451.9,-159765.0,1448.8381519153932,2236721.0,1104.348619784723,0.23254590914767506,0.02750964253736483,0.2600555516850399,135.6631839243231,224.32778027665307,521.6925122712862,427.153677617638,-91.12434927067562,471.6925122712863,1.0537872158852661,1614436751965.0,1.0,1.0,1.0,1.0003901385180325,119.0,0.8550932415914747,1428.3
7011119,long,close,1452.05,-159765.0,1448.8381519153932,2076956.0,1082.7552768060978,0.24391313859735314,0.02750680073000241,0.27141993932735553,135.69069072505312,224.4444908505638,521.9639322106135,427.39759075623533,-91.12434927067562,471.9639322106137,1.0537994555751384,1614436752358.0,0.2393769407089173,1.0,0.2393769407089173,1.000390160157989,393.0,0.8550939733667934,1429.65
7011121,long,close,1452.2,-159765.0,1448.8381519153932,1917191.0,1058.5998884792425,0.25527801976937653,0.027503959509709408,0.28278197927908594,135.71819468456283,224.56608710165378,522.2467141898925,427.6528687760047,-91.12434927067562,472.24671418989277,1.0538122027627879,1614436752645.0,1.0,1.0,1.0,1.0003901853647932,287.0,0.8550942172918996,1431.0
7011156,long,close,1451.1,-147476.0,1448.8381519153932,1769715.0,1033.6654300751684,0.15866004256210697,0.02540762180414858,0.18406766436625555,135.74360230636697,224.64523619733126,522.4307818542587,427.81152881856684,-91.12434927067562,472.430781854259,1.053820378663594,1614436761081.0,0.27013245416489073,1.0,0.27013245416489073,1.0003901790917074,8436.0,0.8550984859812583,1431.0
7011158,long,close,1451.2,-147476.0,1448.8381519153932,1622239.0,1005.6664541803741,0.16566324592599252,0.025405871003307608,0.19106911692930012,135.76900817737027,224.72739591761083,522.621850971188,427.97719206449284,-91.12434927067562,472.62185097118834,1.0538289866859072,1614436761145.0,0.2877903813172781,1.0,0.2877903813172781,1.000390175027808,64.0,0.8550987299063645,1432.35
7011180,long,close,1451.35,-147476.0,1448.8381519153932,1474763.0,974.0001156660846,0.17616624148321527,0.025403245254418304,0.20156948673763359,135.79441142262468,224.81407079690803,522.8234204579256,428.15335830597604,-91.12434927067562,472.823420457926,1.0538378812819724,1614436774030.0,0.30650866863402126,1.0,0.30650866863402126,1.0003901742822434,12885.0,0.8551014130825328,1433.7
7011185,long,close,1451.5,-147476.0,1448.8381519153932,1327287.0,937.8977036484836,0.18666706625251708,0.025400620048225974,0.21206768630074305,135.8198120426729,224.90525990201735,523.0354881442264,428.3400253722286,-91.12434927067562,473.03548814422675,1.0538473432436204,1614436780038.0,0.32896995131513285,1.0,0.32896995131513285,1.0003901768488261,6008.0,0.8551020228952984,1433.7
7011187,long,close,1451.9,-165910.0,1448.8381519153932,1161377.0,890.7106975546699,0.24149026248984928,0.028567738824987945,0.2700580013148372,135.8483797814979,225.02138484258273,523.3055461455413,428.5815156347184,-91.12434927067562,473.3055461455416,1.053859480877558,1614436781127.0,1.0,1.0,1.0,1.0003901978063698,1089.0,0.8551022668204046,1435.05
7011247,long,close,1449.85,-145172.0,1448.8381519153932,1016205.0,842.3789775148302,0.06992866341837432,0.02503224471497052,0.09496090813334485,135.87341202621286,225.06221803308011,523.4005070536747,428.65144429813677,-91.12434927067562,473.4005070536749,1.0538633366790247,1614436810239.0,0.3856743930238845,1.0,0.3856743930238845,1.0003901631292962,29112.0,0.8551095845735909,1436.4
7011283,long,close,1452.6,-169367.0,1448.8381519153932,846838.0,774.9300766002177,0.3027360463429358,0.029148939832025336,0.33188498617496115,135.9025609660449,225.20492857713535,523.7323920398496,428.9541803444797,-91.12434927067562,473.73239203984986,1.0538781204241918,1614436820074.0,0.4189888764252645,1.0,0.4189888764252645,1.0003902036376642,9835.0,0.8551139752255027,1437.75
7011293,long,close,1453.15,-169367.0,1448.8381519153932,677471.0,691.8063802744981,0.3468661551620337,0.029137907304820562,0.37600406246685425,135.93169887334972,225.3666103239961,524.1083961023165,429.30104649964176,-91.12434927067562,474.1083961023167,1.053894986627541,1614436822237.0,0.46663220001361577,1.0,0.46663220001361577,1.0003902580505428,2163.0,0.8551151948510337,1439.1
7011356,long,close,1453.95,-169367.0,1448.8381519153932,508104.0,586.8417652950213,0.4109958043077681,0.029121874892534132,0.44011767920030226,135.96082074824224,225.55586092605222,524.5485137815168,429.71204230394954,-91.12434927067562,474.548513781517,1.0539144009782697,1614436846620.0,0.5234180350823242,1.0,0.5234180350823242,1.0003903326622876,24383.0,0.8551228784918794,1439.1
7011357,long,close,1454.0,-508104.0,1448.8381519153932,0.0,0.0,1.2450120437248018,0.08736313617606602,1.3323751799008678,136.0481838844183,226.12878225340964,525.8808889614178,430.95705434767433,-91.12434927067562,475.88088896141784,1.0539741284944115,1614436846834.0,1.0,1.0,1.0,1.000390689136915,214.0,0.8551230004544325,
7011371,long,entry,1454.4,352761.0,1454.4,352761.0,463.03028012109183,0.0,0.060636860561056105,0.060636860561056105,136.10882074497937,226.15485610345092,525.9415258219789,430.95705434767433,-91.12434927067562,475.94152582197887,1.0539767316414552,1614436854630.0,1.0,1.0,1.0,1.0003906434237653,7796.0,0.8551247079301759,1445.85
7011476,long,close,1455.4,-352761.0,1454.4,0.0,0.0,0.16665345763652115,0.060595197196646966,0.2272486548331681,136.16941594217602,226.25257302502916,526.168774476812,431.12370780531086,-91.12434927067562,476.168774476812,1.0539860320028605,1614436915435.0,0.6810317362166556,1.0,0.6810317362166556,1.0003906502998712,60805.0,0.855137513998252,
7011505,long,entry,1455.0,353100.0,1455.0,353100.0,463.2215509539057,0.0,0.060670103092783506,0.060670103092783506,136.2300860452688,226.27866116935905,526.2294445799048,431.12370780531086,-91.12434927067562,476.2294445799048,1.0539884411021416,1614436936770.0,1.0,1.0,1.0,1.0003906046083515,21335.0,0.8551410509122921,1447.2
7011911,long,close,1456.0,-353100.0,1455.0,0.0,0.0,0.1666761073977563,0.060628434065934066,0.22730454146369036,136.29071447933472,226.37640212218844,526.4567491213685,431.2903839127086,-91.12434927067562,476.4567491213685,1.0539948108305541,1614437201836.0,0.6805368614110995,1.0,0.6805368614110995,1.000390611467016,265066.0,0.8551905677088529,
7012848,long,entry,1451.95,352553.0,1451.95,352553.0,462.2508324957169,0.0,0.06070336444092428,0.06070336444092428,136.35141784377564,226.40250456889802,526.5174524858094,431.2903839127086,-91.12434927067562,476.51745248580943,1.0539864618366364,1614437973997.0,1.0,1.0,1.0,1.0003905657971142,772161.0,0.8553048466211128,1443.15
7012866,long,close,1452.95,-352553.0,1451.95,0.0,0.0,0.16711755928536756,0.060661585051102924,0.22777914433647048,136.41207942882673,226.5004496009627,526.7452316301458,431.45750147199396,-91.12434927067562,476.7452316301459,1.0539966098268458,1614437976328.0,0.6815247976191279,1.0,0.6815247976191279,1.0003905727702374,2331.0,0.8553070419470687,
7012905,long,entry,1451.8,352709.0,1451.8,352709.0,462.2024029331498,0.0,0.06073649951783992,0.06073649951783992,136.47281592834457,226.52656629575534,526.8059681296636,431.45750147199396,-91.12434927067562,476.8059681296637,1.0539991643509992,1614437987465.0,1.0,1.0,1.0,1.000390527121858,11137.0,0.8553117984866399,1443.15
7012914,long,close,1452.8,-352709.0,1451.8,0.0,0.0,0.16722604492797366,0.06069469300660794,0.2279207379345816,136.53351062135118,226.62457221306718,527.0338888675981,431.62472751692195,-91.12434927067562,477.0338888675983,1.0540092820564926,1614437991967.0,0.6815142787713007,1.0,0.6815142787713007,1.0003905341043602,4502.0,0.8553128961496178,
7012992,long,entry,1451.55,352842.0,1451.55,352842.0,462.12324951611777,0.0,0.06076986669422342,0.06076986669422342,136.5942804880454,226.6507032557457,527.0946587342924,431.62472751692195,-91.12434927067562,477.0946587342925,1.0540115739640563,1614438021427.0,1.0,1.0,1.0,1.000390488477551,29460.0,0.85532240922876,1443.15
7013056,long,close,1452.55,-352842.0,1451.55,0.0,0.0,0.1673467121798654,0.06072803001617844,0.22807474219604384,136.65500851806158,226.74877539489003,527.3227334764885,431.79207422910184,-91.12434927067562,477.32273347648857,1.0540215420415588,1614438036459.0,0.6811183759894301,1.0,0.6811183759894301,1.0003904954732932,15032.0,0.8553302148321588,
7013080,long,entry,1451.3,352975.0,1451.3,352975.0,462.04404248148154,0.0,0.06080324536622339,0.06080324536622339,136.7158117634278,226.7749207903975,527.3835367218546,431.79207422910184,-91.12434927067562,477.3835367218548,1.0540241770138434,1614438041981.0,1.0,1.0,1.0,1.0003904498680305,5522.0,0.8553331419334333,1443.15
7013447,long,close,1452.3,-352975.0,1451.3,0.0,0.0,0.16746745263710322,0.06076137850306411,0.22822883114016734,136.77657314193087,226.87305918778776,527.6117655529948,431.9595416817389,-91.12434927067562,477.61176555299494,1.0540324778150114,1614438173393.0,0.6805558334613652,1.0,0.6805558334613652,1.0003904568769892,131412.0,0.8553779021904231,
7033925,long,entry,1490.65,362744.0,1490.65,362744.0,474.5715979843973,0.0,0.0608365478147117,0.0608365478147117,136.83740968974558,226.8992189033481,527.6726021008095,431.9595416817389,-91.12434927067562,477.6726021008096,1.0537153336085971,1614460615043.0,1.0,1.0,1.0,1.0003904112932225,22441650.0,0.8578754513529184,1482.3
7034167,long,close,1491.7,-362744.0,1490.65,0.0,0.0,0.17129013931874948,0.06079372527988201,0.2320838645986315,136.89820341502548,226.9990149651255,527.9046859654081,432.13083182105765,-91.12434927067562,477.90468596540825,1.0537226825933743,1614460822459.0,0.6809709939266597,1.0,0.6809709939266597,1.00039041947689,207416.0,0.85790496629077,
7034453,long,entry,1489.2,362592.0,1489.2,362592.0,474.1096604329555,0.0,0.06087026591458501,0.06087026591458501,136.95907368094007,227.02518917946875,527.9655562313227,432.13083182105765,-91.12434927067562,477.9655562313228,1.0537199757814746,1614461203873.0,1.0,1.0,1.0,1.0003903739143967,381414.0,0.8579398475809581,1480.95
7034681,long,close,1490.25,-362592.0,1489.2,0.0,0.0,0.17155183146535904,0.06082737795671867,0.2323792094220777,137.01990105889678,227.1251122395202,528.1979354407447,432.302383652523,-91.12434927067562,478.19793544074486,1.0537281702471635,1614461352045.0,0.6807127345727285,1.0,0.6807127345727285,1.0003903821537508,148172.0,0.8579676550430662,
7034728,long,entry,1488.35,362586.0,1488.35,362586.0,473.83873900583234,0.0,0.06090402123156516,0.06090402123156516,137.08080508012836,227.15130096864976,528.2588394619762,432.302383652523,-91.12434927067562,478.25883946197644,1.0537301550995748,1614461402311.0,1.0,1.0,1.0,1.0003903366125038,50266.0,0.8579733872830622,1479.6
7034757,long,close,1489.4,-362586.0,1488.35,0.0,0.0,0.1717449235750392,0.06086108500067141,0.23260600857571062,137.14166616512904,227.2513215523373,528.4914454705519,432.47412857609805,-91.12434927067562,478.49144547055215,1.0537401269941666,1614461425317.0,0.6815278831832292,1.0,0.6815278831832292,1.0003903448859168,23006.0,0.8579769241971023,
7035479,long,entry,1486.9,362434.0,1486.9,362434.0,473.3770709561788,0.0,0.060937857286972895,0.060937857286972895,137.202604022416,227.2775248309707,528.5523833278388,432.47412857609805,-91.12434927067562,478.5523833278391,1.0537257874272123,1614462627747.0,1.0,1.0,1.0,1.0003902993659088,1202430.0,0.8580649811604444,1478.25
7035756,long,close,1487.95,-362434.0,1486.9,0.0,0.0,0.1720077963676823,0.06089485533788098,0.23290265170556326,137.2634988777539,227.37767297120408,528.7852859795444,432.6461363724657,-91.12434927067562,478.78528597954465,1.0537329611138624,1614462848584.0,0.680679233055969,1.0,0.680679233055969,1.0003903076951415,220837.0,0.8580987647876547,
7035774,long,entry,1485.95,362404.0,1485.95,362404.0,473.07478600375026,0.0,0.060971768902049195,0.060971768902049195,137.32447064665595,227.40389083183194,528.8462577484464,432.6461363724657,-91.12434927067562,478.8462577484467,1.053735467510354,1614462861975.0,1.0,1.0,1.0,1.0003902621963572,13391.0,0.8581009601136106,1478.25
7036040,long,reentry,1478.25,671534.0,1480.9489150219838,1033938.0,855.3737726542323,0.0,0.11356908506680197,0.11356908506680197,137.43803973172277,227.4527255384107,528.9598268335133,432.6461363724657,-91.12434927067562,478.9598268335135,1.0537377773836385,1614463053355.0,0.6799656433474833,1.0,0.6799656433474833,1.0003902331641346,191380.0,0.8581334021527366,1468.8
7036403,long,reentry,1468.8,1915887.0,1473.0582949497002,2949825.0,1189.5064485165196,0.0,0.32609732434640526,0.32609732434640526,137.76413705606916,227.59294738787966,529.2859241578597,432.6461363724657,-91.12434927067562,479.2859241578599,1.0537514371314087,1614463106347.0,0.41761785691626735,1.0,0.41761785691626735,1.0003902705759324,52992.0,0.858177674559514,1448.55
7038444,long,reentry,1448.55,676652.0,1468.485375613853,3626477.0,1235.6013666226763,0.0,0.11678091884988437,0.11678091884988437,137.88091797491904,227.64316318298512,529.4027050767096,432.6461363724657,-91.12434927067562,479.40270507670976,1.0537491037159052,1614463635114.0,0.17874451220897572,1.0,0.17874451220897572,1.0003902425259439,528767.0,0.8584266001304024,0.05
7045584,long,close,1469.5,-190867.0,1468.485375613853,3435610.0,1223.2982795455912,0.08974224453323912,0.03247141884994896,0.12221366338318808,137.913389393769,227.69571505823987,529.5249187400927,432.73587861699895,-91.12434927067562,479.52491874009297,1.0537174210118312,1614466254006.0,0.13315464667975568,1.0,0.13315464667975568,1.0003902161739449,2618892.0,0.8592974127595759,1440.45
7045679,long,close,1469.5,-180821.0,1468.485375613853,3254789.0,1210.5747548261668,0.08501879528019422,0.030762334127254168,0.11578112940744839,137.94415172789624,227.7455009438851,529.6406998695003,432.8208974122791,-91.12434927067562,479.6406998695004,1.0537222795971222,1614466271614.0,0.1662930010593667,1.0,0.1662930010593667,1.0003901878136259,17608.0,0.859308999202121,1441.8
7045706,long,close,1470.45,-180821.0,1468.485375613853,3073968.0,1196.6269689785613,0.164516139415375,0.030742459791220374,0.19525859920659536,137.97489418768745,227.82946214154393,529.8359584687068,432.9854135516945,-91.12434927067562,479.83595846870696,1.0537307691125133,1614466280227.0,0.17625561048845478,1.0,0.17625561048845478,1.0003901842562521,8613.0,0.8593122921910549,1443.15
7045786,long,close,1469.5,-161787.0,1468.485375613853,2912181.0,1183.0310970932048,0.07606934942289216,0.027524157876828853,0.10359350729972101,138.00241834556428,227.87400734968287,529.9395519760067,433.06148290111736,-91.12434927067562,479.93955197600667,1.053735108248018,1614466296360.0,0.1851365550026821,1.0,0.1851365550026821,1.0003901520878398,16133.0,0.8593220491953033,1444.5
7047425,long,reentry,1444.5,708623.0,1463.7912278987005,3620804.0,1231.738489899654,0.0,0.12264157147802009,0.12264157147802009,138.1250599170423,227.9267432254184,530.0621935474846,433.06148290111736,-91.12434927067562,480.0621935474847,1.0537319180547973,1614466903772.0,0.18098162131385317,1.0,0.18098162131385317,1.0003901258629773,607412.0,0.8595219458198433,0.05
7048894,long,close,1464.8,-190568.0,1463.7912278987005,3430236.0,1219.477867690612,0.08965728169572053,0.032524576734025125,0.12218185842974566,138.15758449377634,227.97928142454316,530.1843754059144,433.1511401828131,-91.12434927067562,480.18437540591447,1.0537314795000727,1614467315243.0,0.14575317990175882,1.0,0.14575317990175882,1.0003900994946526,411471.0,0.8597011088103553,1436.4
7048915,long,close,1465.75,-190568.0,1463.7912278987005,3239668.0,1206.0226710994084,0.17397820381020257,0.03250349650349651,0.20648170031369908,138.19008799027984,228.06806855567805,530.390857106228,433.3251183866233,-91.12434927067562,480.39085710622817,1.0537404862819848,1614467321448.0,0.16747824434010655,1.0,0.16747824434010655,1.0003900993878214,6205.0,0.8597036700239705,1437.75
7048934,long,close,1466.65,-190568.0,1463.7912278987005,3049100.0,1191.199047241395,0.25376042002579996,0.0324835509494426,0.28624397097524257,138.22257154122929,228.19115346319745,530.6771010772034,433.5788788066491,-91.12434927067562,480.6771010772034,1.053752987939345,1614467328538.0,0.17730981882096364,1.0,0.17730981882096364,1.0003901240863677,7090.0,0.8597059873124795,1437.75
7048953,long,close,1467.6,-190568.0,1463.7912278987005,2858532.0,1174.7928505078194,0.33786882395592854,0.03246252384846007,0.3703313478043886,138.25503406507775,228.35039594275332,531.0474324250077,433.916747630605,-91.12434927067562,481.0474324250078,1.0537692541929637,1614467330505.0,0.1879480215138081,1.0,0.1879480215138081,1.0003901748830428,1967.0,0.8597083046009886,1439.1
7048979,long,close,1464.8,-150449.0,1463.7912278987005,2708083.0,1160.6816921997374,0.07078233687628278,0.02567739623156745,0.09645973310785023,138.28071146130932,228.3918736279897,531.1438921581156,433.9875299674813,-91.12434927067562,481.14389215811565,1.0537733302919394,1614467342241.0,0.19787460705460916,1.0,0.19787460705460916,1.000390140456484,11736.0,0.8597114756273693,1440.45
7048989,long,close,1465.75,-150449.0,1463.7912278987005,2557634.0,1145.2721422426064,0.1373517420817827,0.025660753880266077,0.16301249596204875,138.30637221518958,228.4619690012534,531.3069046540777,434.12488170956306,-91.12434927067562,481.3069046540777,1.0537804945684859,1614467342470.0,0.20813120095532156,1.0,0.20813120095532156,1.0003901267189748,229.0,0.8597126952529003,1441.8
7048990,long,close,1465.8,-150449.0,1463.7912278987005,2407185.0,1128.4164299281147,0.14085300472064946,0.02565987856460636,0.16651288328525582,138.33203209375418,228.53356954106607,531.4734175373629,434.2657347142837,-91.12434927067562,481.47341753736293,1.0537878015819624,1614467343331.0,1.0,1.0,1.0,1.000390114057718,861.0,0.8597128172154535,1441.8
7049013,long,close,1464.8,-141599.0,1463.7912278987005,2265586.0,1111.0784078436814,0.06661864232626848,0.02416695111960677,0.09078559344587525,138.3561990448738,228.57260734624776,531.5642031308088,434.33235335661,-91.12434927067562,481.56420313080883,1.0537916907771676,1614467350420.0,0.22927639510408118,1.0,0.22927639510408118,1.0003900778723687,7089.0,0.8597156223541749,1443.15
7050043,long,close,1464.8,-141599.0,1463.7912278987005,2123987.0,1092.0617169235506,0.06661864232626848,0.02416695111960677,0.09078559344587525,138.3803659959934,228.61164515142949,531.6549887242546,434.39897199893625,-91.12434927067562,481.65498872425474,1.0537890743280014,1614467816770.0,0.23463635197101237,1.0,0.23463635197101237,1.0003900416941456,466350.0,0.8598412437838736,1444.5
7050080,long,close,1464.8,-141599.0,1463.7912278987005,1982388.0,1071.1101614220156,0.06661864232626848,0.02416695111960677,0.09078559344587525,138.404532947113,228.6506829566112,531.7457743177005,434.4655906412625,-91.12434927067562,481.74577431770064,1.053792872363291,1614467830166.0,0.2543363374937348,1.0,0.2543363374937348,1.0003900055230464,13396.0,0.8598457563983385,1444.5
7050109,long,close,1466.1,-152491.0,1463.7912278987005,1829897.0,1045.9696658753046,0.1640523834005326,0.026002830639110568,0.19005521403964318,138.4305357777521,228.73240669864822,531.9358295317401,434.62964302466304,-91.12434927067562,481.9358295317403,1.0538011002332124,1614467838506.0,0.2689416364044531,1.0,0.2689416364044531,1.0003900001489348,8340.0,0.8598492933123786,1445.85
7050111,long,close,1466.2,-152491.0,1463.7912278987005,1677406.0,1017.734278725617,0.1711463216461129,0.026001057154549173,0.19714737880066208,138.45653683490667,228.8171800715325,532.1329769105407,434.80078934630916,-91.12434927067562,482.13297691054095,1.0538097469917058,1614467839042.0,1.0,1.0,1.0,1.0003899969539056,536.0,0.8598495372374848,1447.2
7050114,long,close,1466.35,-152491.0,1463.7912278987005,1524915.0,985.7941263792602,0.18178541483171196,0.025998397381252772,0.2077838122129647,138.48253523228792,228.90652711078408,532.3407607227537,434.9825747611409,-91.12434927067562,482.3407607227539,1.0538188501723023,1614467840079.0,0.3058694047704154,1.0,0.3058694047704154,1.0003899970324617,1037.0,0.8598499031251441,1448.55
7050116,long,close,1466.5,-152491.0,1463.7912278987005,1372424.0,949.3711921970231,0.19242233159186775,0.025995738152062735,0.2184180697439305,138.50853097043998,229.00044688077398,532.5591787924976,435.1749970927327,-91.12434927067562,482.5591787924978,1.053828429963512,1614467840148.0,0.32779125374752116,1.0,0.32779125374752116,1.0003900003784705,69.0,0.8598501470502503,1448.55
7050121,long,close,1466.65,-152491.0,1463.7912278987005,1219933.0,907.4532126385204,0.2030570725943194,0.025993079466812122,0.22905015206113152,138.5345240499068,229.09893844616028,532.7882289445588,435.37805416532706,-91.12434927067562,482.7882289445589,1.0538384564468228,1614467841314.0,0.35267203586729634,1.0,0.35267203586729634,1.0003900069856146,1166.0,0.8598507568630158,1449.9
7050131,long,close,1467.2,-174276.0,1463.7912278987005,1045657.0,851.0547369337505,0.27660950000118484,0.029695338058887674,0.3063048380600725,138.5642193879657,229.23064952652612,533.0945337826189,435.65466366532826,-91.12434927067562,483.094533782619,1.0538518796695688,1614467841351.0,1.0,1.0,1.0,1.0003900374494639,37.0,0.8598519764885468,1451.25
7050306,long,close,1464.8,-149379.0,1463.7912278987005,896278.0,793.6351079139661,0.07027892973859744,0.02549477744401966,0.0957737071826171,138.5897141654097,229.27183222061464,533.1903074898015,435.72494259506686,-91.12434927067562,483.1903074898016,1.0538550231164976,1614467915559.0,0.4176641438750895,1.0,0.4176641438750895,1.0003900027866255,74208.0,0.8598733199353403,1452.6
7050321,long,close,1464.8,-149379.0,1463.7912278987005,746899.0,725.1410709625138,0.07027892973859744,0.02549477744401966,0.0957737071826171,138.6152089428537,229.31301491470316,533.2860811969841,435.79522152480547,-91.12434927067562,483.28608119698424,1.0538591024799813,1614467923706.0,0.45808459684945985,1.0,0.45808459684945985,1.000389968129891,8147.0,0.859875149373637,1452.6
7050390,long,close,1464.8,-149379.0,1463.7912278987005,597520.0,642.0268441240557,0.07027892973859744,0.02549477744401966,0.0957737071826171,138.64070372029772,229.3541976087917,533.3818549041667,435.8655004545441,-91.12434927067562,483.38185490416686,1.0538627656346873,1614467961148.0,0.5040922749444255,1.0,0.5040922749444255,1.000389933479259,37442.0,0.8598835647898012,1453.95
7050392,long,close,1465.25,-597520.0,1463.7912278987005,0.0,0.0,0.4063956260565916,0.1019484729568333,0.5083440990134249,138.74265219325454,229.57278557136743,533.8901990031801,436.27189608060064,-91.12434927067562,483.89019900318027,1.0538850096129366,1614467961502.0,1.0,1.0,1.0,1.0003900261791752,354.0,0.8598838087149074,
7057634,long,entry,1442.65,355241.0,1442.65,355241.0,459.2901057797815,0.0,0.06156049630887603,0.06156049630887603,138.80421268956343,229.59925658478025,533.951759499489,436.27189608060064,-91.12434927067562,483.9517594994891,1.0537816124631127,1614475453508.0,1.0,1.0,1.0,1.0003899809440149,7492006.0,0.8607670615244978,1435.05
7057945,long,close,1443.65,-355241.0,1442.65,0.0,0.0,0.1705690335160894,0.061517854050497,0.2320868875665864,138.86573054361392,229.6990539464339,534.1838463870556,436.4424651141167,-91.12434927067562,484.1838463870557,1.053790437667652,1614475545773.0,0.6804271459923591,1.0,0.6804271459923591,1.0003899882982479,92265.0,0.8608049918785136,
7057976,long,entry,1441.6,355177.0,1441.6,355177.0,458.95520565943235,0.0,0.06159423557158713,0.06159423557158713,138.9273247791855,229.72553946772967,534.2454406226271,436.4424651141167,-91.12434927067562,484.2454406226273,1.0537929428100097,1614475558672.0,1.0,1.0,1.0,1.0003899430841765,12899.0,0.8608087727176599,1433.7
7057990,long,close,1442.6,-355177.0,1441.6,0.0,0.0,0.17078673387381937,0.06155153888811868,0.23233827276193805,138.98887631807364,229.8254449250173,534.4777788953891,436.6132518479905,-91.12434927067562,484.47777889538924,1.0538029288329172,1614475569181.0,0.6816238037810466,1.0,0.6816238037810466,1.0003899504803289,10509.0,0.8608104801934033,
7058089,long,entry,1441.3,355299.0,1441.3,355299.0,458.8601584710841,0.0,0.061628217581350175,0.061628217581350175,139.050504535655,229.85194505857726,534.5394071129704,436.6132518479905,-91.12434927067562,484.5394071129706,1.0538045459126741,1614475644891.0,1.0,1.0,1.0,1.0003899052873872,75710.0,0.8608225544861607,1433.7
7058184,long,close,1442.3,-355299.0,1441.3,0.0,0.0,0.17091650164695674,0.061585488455938434,0.23250199010289518,139.11209002411093,229.95192091432153,534.7719091030733,436.78416834963747,-91.12434927067562,484.7719091030735,1.0538138132799442,1614475706323.0,0.6810037481517717,1.0,0.6810037481517717,1.0003899126983629,61432.0,0.8608341409287058,
7058268,long,entry,1440.75,355359.0,1440.75,355359.0,458.6851740373608,0.0,0.06166215512753775,0.06166215512753775,139.17375217923848,229.97843564102638,534.8335712582009,436.78416834963747,-91.12434927067562,484.833571258201,1.0538155527221353,1614475773362.0,1.0,1.0,1.0,1.0003898675265102,67039.0,0.8608443857831667,1432.35
7058285,long,close,1441.75,-355359.0,1440.75,0.0,0.0,0.17107585955273322,0.06161938616264956,0.23269524571538278,139.23537156540112,230.07849459668398,535.0662665039163,436.9552442091902,-91.12434927067562,485.0662665039164,1.0538254876703186,1614475787766.0,0.6814907478387884,1.0,0.6814907478387884,1.000389874961337,14404.0,0.8608464591465694,
7058336,long,entry,1440.6,355517.0,1440.6,355517.0,458.63689908756714,0.0,0.06169599472442039,0.06169599472442039,139.29706756012556,230.1050238744155,535.1279624986407,436.9552442091902,-91.12434927067562,485.1279624986408,1.053827729622761,1614475819260.0,1.0,1.0,1.0,1.0003898298105136,31494.0,0.8608526792367779,1432.35
7058359,long,close,1441.6,-355517.0,1440.6,0.0,0.0,0.17118755472921604,0.06165319783573807,0.23284075256495412,139.3587207579613,230.2051453980185,535.3608032512058,437.1264317639194,-91.12434927067562,485.36080325120577,1.0538374244289552,1614475850690.0,0.6815906004668376,1.0,0.6815906004668376,1.0003898372544482,31430.0,0.8608554843754993,
7058889,long,entry,1439.45,355429.0,1439.45,355429.0,458.27100779542144,0.0,0.06173000104206468,0.06173000104206468,139.42045075900336,230.23168929846656,535.4225332522478,437.1264317639194,-91.12434927067562,485.42253325224783,1.0538327064691582,1614476374223.0,1.0,1.0,1.0,1.0003897921246805,523533.0,0.8609201245286452,1431.3
7059206,long,close,1440.45,-355429.0,1439.45,0.0,0.0,0.17141865678660675,0.06168714637786803,0.23310580316447477,139.48213790538122,230.33192479382728,535.6556390554123,437.297850420706,-91.12434927067562,485.6556390554123,1.0538413345287052,1614476481391.0,0.6802462965424076,1.0,0.6802462965424076,1.000389799614372,107168.0,0.8609587866579796,
7059395,long,entry,1437.95,355254.0,1437.95,355254.0,457.79331831740075,0.0,0.06176396953997009,0.06176396953997009,139.5439018749212,230.35848330072943,535.7174030249522,437.297850420706,-91.12434927067562,485.71740302495226,1.0538422138621844,1614476609182.0,1.0,1.0,1.0,1.0003897545056128,127791.0,0.8609818375805166,1430.0
7059714,long,reentry,1430.0,658285.0,1432.7865423037495,1013539.0,827.63773520677,0.0,0.11508479020979022,0.11508479020979022,139.65898666513098,230.40796976051968,535.832487815162,437.297850420706,-91.12434927067562,485.83248781516204,1.053845110329922,1614476758287.0,0.6798536184360288,1.0,0.6798536184360288,1.0003897257646719,149105.0,0.8610207436349573,1420.9
7059940,long,close,1433.8,-144791.0,1432.7865423037495,868748.0,771.3576255574505,0.07142941987418151,0.025246024550146465,0.09667544442432797,139.68423268968112,230.44954020162214,535.9291632595864,437.3692798405802,-91.12434927067562,485.92916325958635,1.0538486080726395,1614476808209.0,0.42038116450257723,1.0,0.42038116450257723,1.0003896913811898,49922.0,0.8610483071719591,1420.9
7059945,long,close,1433.8,-144791.0,1432.7865423037495,723957.0,704.3067864380629,0.07142941987418151,0.025246024550146465,0.09667544442432797,139.70947871423127,230.49111064272464,536.0258387040108,437.44070926045435,-91.12434927067562,486.02583870401065,1.0538528024661031,1614476808827.0,0.4619623858281655,1.0,0.4619623858281655,1.0003896570036563,618.0,0.8610489169847246,1422.2
7060035,long,close,1437.85,-180989.0,1432.7865423037495,542968.0,599.7610468088608,0.444840470039542,0.03146868588517578,0.4763091559247178,139.74094740011645,230.69592357977228,536.5021478599356,437.8855497304939,-91.12434927067562,486.50214785993535,1.0538732160912465,1614476828890.0,0.5088687378835725,1.0,0.5088687378835725,1.000389738910436,20063.0,0.8610598936145042,1423.5
7060039,long,close,1438.15,-542968.0,1432.7865423037495,0.0,0.0,1.4132969290575266,0.09438653826096026,1.507683467318487,139.8353339383774,231.34422747071926,538.0098313272541,439.29884665955143,-91.12434927067562,488.00983132725383,1.0539385870172326,1614476830684.0,1.0,1.0,1.0,1.0003901358153202,1794.0,0.8610603814647166,
7060196,long,entry,1435.25,356145.0,1435.25,356145.0,456.9334229914375,0.0,0.062035359693433205,0.062035359693433205,139.89736929807083,231.37090267538747,538.0718666869476,439.29884665955143,-91.12434927067562,488.07186668694726,1.0539407926408741,1614476864652.0,1.0,1.0,1.0,1.0003900906957677,33968.0,0.8610795295855541,1427.4
7060263,long,close,1436.25,-356145.0,1435.25,0.0,0.0,0.17277036642209584,0.06199216710182768,0.2347625335239235,139.95936146517266,231.47185056480276,538.3066292204716,439.4716170259735,-91.12434927067562,488.30662922047117,1.0539507865197453,1614476876764.0,0.681046054033619,1.0,0.681046054033619,1.0003900982801335,12112.0,0.8610877010766123,
7060370,long,entry,1434.8,356230.0,1434.8,356230.0,456.7903839959589,0.0,0.06206962642877056,0.06206962642877056,140.02143109160144,231.49854050416712,538.3686988469003,439.4716170259735,-91.12434927067562,488.3686988468999,1.0539529131494276,1614476916298.0,1.0,1.0,1.0,1.0003900531815635,39534.0,0.8611007510697946,1426.1
7060505,long,close,1435.8,-356230.0,1434.8,0.0,0.0,0.17291997890725497,0.06202639643404374,0.2349463753412987,140.0834574880355,231.59956744556385,538.6036452222415,439.64453700488076,-91.12434927067562,488.6036452222412,1.0539620274458739,1614476990620.0,0.6811013795057533,1.0,0.6811013795057533,1.0003900607861527,74322.0,0.8611172160144638,
7061110,long,entry,1433.25,356042.0,1433.25,356042.0,456.2973516133152,0.0,0.06210395953253096,0.06210395953253096,140.145561447568,231.62627214816285,538.6657491817741,439.64453700488076,-91.12434927067562,488.6657491817737,1.0539601671553582,1614477311408.0,1.0,1.0,1.0,1.000390015708557,320788.0,0.8611910033590926,1424.8
7061450,long,reentry,1424.8,659745.0,1427.7617970105937,1015787.0,824.8218136960817,0.0,0.11576098399775409,0.11576098399775409,140.26132243156576,231.67604937128192,538.7815101657719,439.64453700488076,-91.12434927067562,488.78151016577146,1.053963005839008,1614477464389.0,0.6797351453845831,1.0,0.6797351453845831,1.0003899869849469,152981.0,0.8612324706271485,1415.7
7061647,long,close,1428.75,-145112.0,1427.7617970105937,870675.0,768.7413430332025,0.0702971131512864,0.025391426071741035,0.09568853922302743,140.2867138576375,231.71719544314783,538.877198704995,439.71483411803206,-91.12434927067562,488.8771987049945,1.0539657224730101,1614477564660.0,0.4206491439937616,1.0,0.4206491439937616,1.000389952152579,100271.0,0.8612564972501103,1417.0
7062379,long,close,1428.75,-145112.0,1427.7617970105937,725563.0,701.9268201800854,0.0702971131512864,0.025391426071741035,0.09568853922302743,140.31210528370923,231.75834151501374,538.972887244218,439.78513123118336,-91.12434927067562,488.97288724421753,1.0539663862344206,1614477809700.0,0.45828951939031604,1.0,0.45828951939031604,1.0003899173264628,245040.0,0.8613457738389836,1417.0
7062943,long,reentry,1417.0,1344468.0,1420.7720989320437,2070031.0,1057.0617844188307,0.0,0.23720324629498943,0.23720324629498943,140.54930853000423,231.86033891092055,539.2100904905129,439.78513123118336,-91.12434927067562,489.2100904905125,1.0539732213241881,1614478050727.0,0.5046213203147003,1.0,0.5046213203147003,1.000389925553313,241027.0,0.8614145607189351,1401.4
7064636,long,close,1421.75,-138002.0,1420.7720989320437,1932029.0,1036.6371927627204,0.06680864200725663,0.024266221206259892,0.09107486321351652,140.5735747512105,231.89950110210236,539.3011653537264,439.8519398731906,-91.12434927067562,489.30116535372605,1.0539700660762656,1614478550942.0,0.2470801777706965,1.0,0.2470801777706965,1.0003898893222456,500215.0,0.8616210433213428,1402.7
7064670,long,close,1423.0,-148617.0,1420.7720989320437,1783412.0,1012.1376170051735,0.1637702726560502,0.026109803232607167,0.18988007588865738,140.5996845544431,231.98114953473453,539.4910454296152,440.01571014584664,-91.12434927067562,489.4910454296147,1.0539781626472207,1614478558264.0,0.2708980216889011,1.0,0.2708980216889011,1.0003898831267986,7322.0,0.8616251900481484,1404.0
7064676,long,close,1423.1,-148617.0,1420.7720989320437,1634795.0,984.6316768384708,0.17110912536705966,0.02610796851942942,0.1972170938864891,140.6257925229625,232.0659528851057,539.6882625235016,440.1868192712137,-91.12434927067562,489.6882625235012,1.0539866081198963,1614478563113.0,0.2887297139809041,1.0,0.2887297139809041,1.000389879141539,4849.0,0.861625921823467,1405.3
7064680,long,close,1423.25,-148617.0,1420.7720989320437,1486178.0,953.5289359154391,0.18211547078188878,0.026105216933075708,0.2082206877149645,140.6518977398956,232.15548778082314,539.8964832112166,440.3689347419956,-91.12434927067562,489.89648321121615,1.053995540073047,1614478566921.0,0.3081321878660221,1.0,0.3081321878660221,1.000389878475983,3808.0,0.8616264096736794,1405.3
7064689,long,close,1423.55,-165130.0,1420.7720989320437,1321048.0,913.8221276592651,0.22680133683885667,0.02899968388886938,0.25580102072772604,140.68089742378444,232.26548221973607,540.1522842319443,440.5957360788344,-91.12434927067562,490.1522842319439,1.0540065091643558,1614478571545.0,0.3301047239599276,1.0,0.3301047239599276,1.0003898922211796,4624.0,0.8616275073366574,1406.6
7064754,long,close,1423.8,-165131.0,1420.7720989320437,1155917.0,867.3692732223803,0.2471706408526066,0.028994767523528586,0.2761654083761352,140.70989219130797,232.38423334533778,540.4284496403204,440.84290671968705,-91.12434927067562,490.42844964032,1.054017858067394,1614478610917.0,0.35782000867233654,1.0,0.35782000867233654,1.0003899120989483,39372.0,0.8616354349026092,1407.9
7064763,long,close,1424.1,-165131.0,1420.7720989320437,990786.0,812.2960250089675,0.2716027179737495,0.0289886595042483,0.3005913774779978,140.73888085081222,232.5134876376533,540.7290410177984,441.1145094376608,-91.12434927067562,490.729041017798,1.0540306432609405,1614478622791.0,0.39089236431012614,1.0,0.39089236431012614,1.0003899393272881,11874.0,0.8616365325655871,1409.2
7064766,long,close,1424.45,-165131.0,1420.7720989320437,825655.0,745.9645479027744,0.30009380106263767,0.028981536733476077,0.32907533779611375,140.7678623875457,232.65499003290563,541.0581163555945,441.41460323872343,-91.12434927067562,491.0581163555941,1.0540448131858327,1614478623010.0,1.0,1.0,1.0,1.0003899751186989,219.0,0.8616368984532465,1409.2
7064774,long,close,1425.0,-165131.0,1420.7720989320437,660524.0,664.5330988646987,0.34483722619502905,0.02897035087719298,0.373807577072222,140.7968327384229,232.81572729104673,541.4319239326668,441.75944046491844,-91.12434927067562,491.43192393266634,1.0540608852461029,1614478624231.0,0.4764242513403935,1.0,0.4764242513403935,1.000390024367697,1221.0,0.8616378741536713,1410.5
7064785,long,close,1425.8,-165131.0,1420.7720989320437,495393.0,562.1989277581422,0.40985695042494186,0.028954095946135502,0.4388110463710774,140.82578683436904,233.00441604098626,541.8707349790378,442.1692974153434,-91.12434927067562,491.8707349790374,1.0540797424776565,1614478625370.0,0.5338736023114379,1.0,0.5338736023114379,1.0003900931649563,1139.0,0.8616392157417555,1411.8
7064787,long,close,1425.9,-495393.0,1420.7720989320437,0.0,0.0,1.253937858172506,0.08685619608668209,1.340794054259188,140.9126430304557,233.58095748431774,543.2115290332971,443.4232352735159,-91.12434927067562,493.2115290332966,1.0541373012673876,1614478626546.0,0.6057372784753027,1.0,0.6057372784753027,1.0003904338815037,1176.0,0.8616394596668617,
7065222,long,entry,1417.4,355117.0,1417.4,355117.0,451.25130347074673,0.0,0.06263528291237477,0.06263528291237477,140.97527831336808,233.6078906559701,543.2741643162095,443.4232352735159,-91.12434927067562,493.27416431620895,1.0541363335675296,1614478883565.0,1.0,1.0,1.0,1.000390388860855,257019.0,0.8616925133774627,1409.2
7065471,long,close,1418.4,-355117.0,1417.4,0.0,0.0,0.17663644363332243,0.06259112380146643,0.23922756743478885,141.03786943716955,233.71075850996706,543.5133918836443,443.5998717171492,-91.12434927067562,493.51339188364375,1.054144966557522,1614478997736.0,0.6804169238875731,1.0,0.6804169238875731,1.0003903970326171,114171.0,0.8617228820531859,
7065582,long,entry,1416.35,355051.0,1416.35,355051.0,450.91691080065715,0.0,0.06267006742683659,0.06267006742683659,141.10053950459638,233.73770663896062,543.5760619510712,443.5998717171492,-91.12434927067562,493.5760619510706,1.0541467592580738,1614479060565.0,1.0,1.0,1.0,1.0003903520327178,62829.0,0.8617364198965807,1407.9
7065903,long,close,1417.35,-355051.0,1416.35,0.0,0.0,0.17686546703871267,0.06262585106007691,0.2394913180987896,141.16316535565647,233.8406879057431,543.81555326917,443.77673718418794,-91.12434927067562,493.81555326916936,1.0541535000671847,1614479308159.0,0.6802801355687189,1.0,0.6802801355687189,1.0003903602471815,247594.0,0.8617755698761275,
7065939,long,entry,1415.2,354960.0,1415.2,354960.0,450.5508388258747,0.0,0.06270491803278688,0.06270491803278688,141.22587027368925,233.86765102049716,543.8782581872027,443.77673718418794,-91.12434927067562,493.87825818720216,1.0541559313989703,1614479326056.0,1.0,1.0,1.0,1.0003903152680167,17897.0,0.8617799605280393,1406.6
7066060,long,close,1416.2,-354960.0,1415.2,0.0,0.0,0.177107521629125,0.06266064115237961,0.2397681627815046,141.28853091484163,233.97075133049321,544.1180263499842,443.95384470581706,-91.12434927067562,494.11802634998367,1.0541646788123948,1614479432910.0,0.6813305238703719,1.0,0.6813305238703719,1.0003903235289964,106854.0,0.861794717996965,
7066160,long,entry,1414.6,355007.0,1414.6,355007.0,450.3599463064714,0.0,0.06273982044394176,0.06273982044394176,141.35127073528557,233.99772945328414,544.1807661704282,443.95384470581706,-91.12434927067562,494.1807661704276,1.0541658190095426,1614479541587.0,1.0,1.0,1.0,1.0003902785705465,108677.0,0.8618069142522756,1406.6
7066356,long,close,1415.6,-355007.0,1414.6,0.0,0.0,0.177281210635576,0.06269550014128285,0.23997671077685884,141.41396623542684,234.1009194389182,544.4207428812051,444.1311259164526,-91.12434927067562,494.4207428812045,1.0541745348623557,1614479650839.0,0.6805051459233319,1.0,0.6805051459233319,1.0003902868574017,109252.0,0.8618308189126843,
7066387,long,entry,1413.9,355028.0,1413.9,355028.0,450.1364462198509,0.0,0.06277459509159064,0.06277459509159064,141.47674083051842,234.12791251480758,544.4835174762967,444.1311259164526,-91.12434927067562,494.4835174762961,1.0541769717605687,1614479668326.0,1.0,1.0,1.0,1.0003902419195987,17487.0,0.8618345997518306,1405.3
7066613,long,reentry,1405.3,657866.0,1408.3143734684973,1012894.0,813.6296533485703,0.0,0.11703301786095496,0.11703301786095496,141.59377384837939,234.1782367124878,544.6005504941577,444.1311259164526,-91.12434927067562,494.600550494157,1.0541812765889669,1614479717624.0,0.6796295888261266,1.0,0.6796295888261266,1.0003902132781841,49298.0,0.8618621632888325,1396.2
7066888,long,close,1409.3,-144699.0,1408.3143734684973,868195.0,758.3129796773658,0.07185795467873562,0.02566859433761442,0.09752654901635005,141.619442442717,234.22017312856485,544.6980770431741,444.2029838711314,-91.12434927067562,494.6980770431733,1.054184672813746,1614479772076.0,0.4196236155584776,1.0,0.4196236155584776,1.0003901787867584,54452.0,0.8618957029909364,1397.5
7067549,long,reentry,1397.5,1608765.0,1401.2905274907475,2476960.0,1092.7525688259238,0.0,0.2877933810375671,0.2877933810375671,141.90723582375458,234.343924282411,544.9858704242116,444.2029838711314,-91.12434927067562,494.9858704242109,1.05419397142987,1614479983264.0,0.4573594907314281,1.0,0.4573594907314281,1.0003902013517796,211188.0,0.8619763202385392,1380.6
7069394,long,reentry,1380.6,1081927.0,1395.000459743027,3558887.0,1174.4366671366565,0.0,0.19591608720846013,0.19591608720846013,142.10315191096305,234.42816819991066,545.1817865114201,444.2029838711314,-91.12434927067562,495.1817865114193,1.054198487437614,1614480254232.0,0.2084657789823448,1.0,0.2084657789823448,1.000390196336521,270968.0,0.8622013411490189,0.05
7070216,long,close,1395.95,-187309.0,1395.000459743027,3371578.0,1162.7729362515724,0.0913330189973968,0.033545076829399334,0.12487809582679614,142.13669698779245,234.48186578111617,545.306664607247,444.29431689012875,-91.12434927067562,495.3066646072461,1.054199963437874,1614480525397.0,0.14800198256254743,1.0,0.14800198256254743,1.0003901700260562,271165.0,0.8623015943676717,1368.9
7070233,long,close,1396.85,-187309.0,1395.000459743027,3184269.0,1149.972288885179,0.1777863078872558,0.033523463507176866,0.21130977139443266,142.17022045129963,234.5727289828158,545.5179743786414,444.472103198016,-91.12434927067562,495.51797437864053,1.0542089475392624,1614480528102.0,0.16673980705036195,1.0,0.16673980705036195,1.0003901695912336,2705.0,0.8623036677310745,1368.9
7070269,long,close,1395.95,-167593.0,1395.000459743027,3016676.0,1137.4835028011125,0.0817193762864076,0.030014148071205986,0.11173352435761359,142.20023459937084,234.62077439828957,545.629707902999,444.5538225743024,-91.12434927067562,495.6297079029981,1.0542135456208277,1614480540145.0,0.17567665038157837,1.0,0.17567665038157837,1.000390139337311,12043.0,0.8623080583829863,1370.2
7070283,long,close,1396.85,-167593.0,1395.000459743027,2849083.0,1123.808347834387,0.1590726590700333,0.02999480975051008,0.18906746882054337,142.23022940912136,234.70207340988242,545.8187753718196,444.7128952333724,-91.12434927067562,495.8187753718187,1.0542214927096705,1614480548664.0,0.18550463441973966,1.0,0.18550463441973966,1.0003901322178803,8519.0,0.8623097658587298,1371.5
7070304,long,close,1396.85,-158282.0,1395.000459743027,2690801.0,1109.6826893260634,0.15023502546599804,0.028328381716003867,0.17856340718200192,142.25855779083736,234.7788556749707,545.9973387790017,444.8631302588384,-91.12434927067562,495.9973387790007,1.0542291023362595,1614480549221.0,0.19506618355163352,1.0,0.19506618355163352,1.0003901219410962,557.0,0.8623123270723451,1372.8
7070324,long,close,1397.75,-158282.0,1395.000459743027,2532519.0,1094.1754111637756,0.2231966954195964,0.028310141298515473,0.2515068367181119,142.28686793213586,234.88700361475952,546.2488456157198,445.08632695425797,-91.12434927067562,496.24884561571884,1.0542398165931979,1614480549990.0,0.2053829650368325,1.0,0.2053829650368325,1.000390133444041,769.0,0.8623147663234071,1374.1
7070338,long,close,1397.85,-158282.0,1395.000459743027,2374237.0,1077.1123269383406,0.2312977481215146,0.02830811603533999,0.2596058641568546,142.3151760481712,234.99863413634694,546.5084514798766,445.3176247023795,-91.12434927067562,496.5084514798757,1.0542508694747963,1614480550877.0,0.21693593990998666,1.0,0.21693593990998666,1.00039014732676,887.0,0.8623164737991506,1374.1
7070360,long,close,1397.95,-158282.0,1395.000459743027,2215955.0,1058.2478150065651,0.2393976418331375,0.028306091061912085,0.26770373289504956,142.34348213923312,235.11374674149184,546.7761552127718,445.5570223442126,-91.12434927067562,496.77615521277073,1.0542622636018533,1614480551661.0,0.22923014996004107,1.0,0.22923014996004107,1.0003901635843313,784.0,0.8623191569753189,1375.4
7070377,long,close,1398.1,-158282.0,1395.000459743027,2057673.0,1037.279563527856,0.25154530983767215,0.028303054144910952,0.2798483639825831,142.37178519337803,235.23408153800435,547.0560035767543,445.8085676540503,-91.12434927067562,497.0560035767533,1.054274080129308,1614480558704.0,0.24300023963191453,1.0,0.24300023963191453,1.000390183418711,7043.0,0.8623212303387218,1376.7
7070382,long,close,1398.25,-158282.0,1395.000459743027,1899391.0,1013.8365305800594,0.2636903715125841,0.028300017879492222,0.29199038939207633,142.40008521125753,235.3596374054429,547.3479939661463,446.0722580255629,-91.12434927067562,497.3479939661454,1.054286472768524,1614480561153.0,0.2581321960178401,1.0,0.2581321960178401,1.0003902068218586,2449.0,0.8623218401514873,1378.0
7070402,long,close,1398.6,-172671.0,1395.000459743027,1726720.0,984.8822704132531,0.31856537073444724,0.030864972114972116,0.3494303428494194,142.43095018337252,235.50989245286814,547.6974243089957,446.3908233962974,-91.12434927067562,497.6974243089948,1.0543010472652454,1614480581445.0,0.2749765576714989,1.0,0.2749765576714989,1.000390247273135,20292.0,0.8623242794025494,1378.0
7070403,long,close,1398.85,-172672.0,1395.000459743027,1554048.0,951.6508864159518,0.3406318765364472,0.030859634699932092,0.3714915112363793,142.46180981807245,235.6696338026998,548.0689158202321,446.73145527283384,-91.12434927067562,498.0689158202312,1.0543168380114465,1614480581526.0,1.0,1.0,1.0,1.0003902942076204,81.0,0.8623244013651025,1379.3
7070409,long,close,1399.15,-172672.0,1395.000459743027,1381376.0,913.1216598952817,0.36709906135576154,0.03085301790372726,0.3979520792594888,142.49266283597618,235.84075319678138,548.4668678994916,447.0985543341896,-91.12434927067562,498.4668678994907,1.05433371959482,1614480583176.0,1.0,1.0,1.0,1.0003903489164465,1650.0,0.8623251331404211,1380.6
7070416,long,close,1399.5,-172672.0,1395.000459743027,1208704.0,867.9223040317098,0.3979631021311889,0.030845301893533406,0.4288084040247223,142.5235081378697,236.02514081051203,548.8956763035163,447.4965174363208,-91.12434927067562,498.8956763035154,1.05435187134703,1614480586731.0,0.34751390911052077,1.0,0.34751390911052077,1.000390412684046,3555.0,0.8623259868782929,1381.9
7070511,long,close,1395.95,-134300.0,1395.000459743027,1074404.0,827.1419790045036,0.06548550497493655,0.024051721050180882,0.08953722602511743,142.54755985891987,236.06364181770286,548.9852135295415,447.56200294129576,-91.12434927067562,498.98521352954054,1.0543552147038664,1614480618665.0,0.3778334738123944,1.0,0.3778334738123944,1.000390375655862,31934.0,0.8623375733208378,1383.2
7070536,long,close,1395.95,-134300.0,1395.000459743027,940104.0,780.0203980853362,0.06548550497493655,0.024051721050180882,0.08953722602511743,142.57161157997004,236.1021428248937,549.0747507555667,447.6274884462707,-91.12434927067562,499.0747507555657,1.0543588071355015,1614480633097.0,0.4072791264747377,1.0,0.4072791264747377,1.000390338635407,14432.0,0.8623406223846655,1383.2
7071046,long,reentry,1383.2,1742012.0,1387.3361594376452,2682116.0,1102.6122044857877,0.0,0.3148517929438982,0.3148517929438982,142.88646337291394,236.23752909585957,549.3896025485107,447.6274884462707,-91.12434927067562,499.3896025485096,1.054369890513234,1614480792040.0,0.43603470603330474,1.0,0.43603470603330474,1.000390368446036,158943.0,0.8624028232867493,1365.0
7073210,long,reentry,1365.0,864990.0,1381.889309371149,3547106.0,1163.011458118085,0.0,0.15842307692307694,0.15842307692307694,143.044886449837,236.30565101893652,549.5480256254338,447.6274884462707,-91.12434927067562,499.5480256254327,1.054370586532838,1614481213785.0,0.1921959013254788,1.0,0.1921959013254788,1.0003903518371693,421745.0,0.8626667502516697,0.05
7073771,long,close,1382.85,-186689.0,1381.889309371149,3360417.0,1151.4431525600194,0.09385425197688245,0.033750768340745564,0.12760502031762802,143.07863721817776,236.36052117767306,549.6756306457513,447.7213426982476,-91.12434927067562,499.6756306457503,1.054374795392359,1614481297726.0,0.14528444321445944,1.0,0.14528444321445944,1.000390326090076,83941.0,0.8627351712439619,1355.0
7073785,long,close,1383.75,-186689.0,1381.889309371149,3173728.0,1138.7473811486686,0.18166112896094447,0.03372881662149955,0.215389945582444,143.11236603479927,236.45313885427353,549.8910205913338,447.9030038272086,-91.12434927067562,499.89102059133273,1.054383850752466,1614481302493.0,0.16761139842404438,1.0,0.16761139842404438,1.0003903263379745,4767.0,0.8627368787197054,1356.25
7073828,long,close,1382.85,-167038.0,1381.889309371149,3006690.0,1126.3616089931363,0.08397509516744153,0.030198141519326035,0.11417323668676757,143.1425641763186,236.50223334604888,550.0051938280207,447.986978922376,-91.12434927067562,500.0051938280195,1.0543885884796291,1614481309285.0,0.17473103514971286,1.0,0.17473103514971286,1.0003902966041787,6792.0,0.862742123109489,1357.5
7075473,long,close,1382.85,-158246.0,1381.889309371149,2848444.0,1113.576767892546,0.07955508872153014,0.028608670499331093,0.10816375922086123,143.1711728468179,236.54874376251388,550.1133575872416,448.06653401109753,-91.12434927067562,500.1133575872404,1.054385377147336,1614481855079.0,0.1750683982765957,1.0,0.1750683982765957,1.0003902650949335,545794.0,0.8629427515093476,1358.75
7075490,long,close,1383.75,-158246.0,1381.889309371149,2690198.0,1099.593570337248,0.15398415018321174,0.028590063233965672,0.18257421341717742,143.19976291005187,236.62725067428326,550.2959318006588,448.2205181612807,-91.12434927067562,500.29593180065757,1.0543930552858753,1614481858464.0,0.19475249989692242,1.0,0.19475249989692242,1.0003902555972783,3385.0,0.8629448248727504,1360.0
7075511,long,close,1382.85,-141589.0,1381.889309371149,2548609.0,1085.9879385178172,0.07118110699159999,0.02559731713490256,0.09677842412650255,143.22536022718677,236.66886539665768,550.3927102247853,448.29169926827234,-91.12434927067562,500.3927102247841,1.0543970405511913,1614481866123.0,0.2044900919969268,1.0,0.2044900919969268,1.000390220722128,7659.0,0.8629473860863656,1360.0
7075515,long,close,1382.85,-141589.0,1381.889309371149,2407020.0,1071.1746542419,0.07118110699159999,0.02559731713490256,0.09677842412650255,143.25095754432166,236.71048011903213,550.4894886489119,448.36288037526396,-91.12434927067562,500.4894886489106,1.0544011089536074,1614481867908.0,0.21456048998819868,1.0,0.21456048998819868,1.0003901858532922,1785.0,0.862947873936578,1361.25
7075522,long,close,1382.85,-141589.0,1381.889309371149,2265431.0,1054.985461134015,0.07118110699159999,0.02559731713490256,0.09677842412650255,143.27655486145656,236.75209484140655,550.5862670730385,448.4340614822556,-91.12434927067562,500.5862670730371,1.0544050527513804,1614481878371.0,0.2252181445575928,1.0,0.2252181445575928,1.0003901509907696,10463.0,0.8629487276744497,1362.5
7075531,long,close,1382.85,-141589.0,1381.889309371149,2123842.0,1037.2193240538154,0.07118110699159999,0.02559731713490256,0.09677842412650255,143.30215217859146,236.79370956378096,550.683045497165,448.5052425892472,-91.12434927067562,500.6830454971636,1.0544090671712818,1614481883837.0,0.23695540204396426,1.0,0.23695540204396426,1.0003901161345585,5466.0,0.8629498253374277,1363.75
7075555,long,close,1384.0,-151703.0,1381.889309371149,1972139.0,1016.1103191021497,0.16742079661531062,0.027402998554913297,0.1948237951702239,143.32955517714637,236.8774837957041,550.8778692923352,448.6726633858625,-91.12434927067562,500.87786929233386,1.0544170914393671,1614481898689.0,0.25013062170776795,1.0,0.25013062170776795,1.0003901102289867,14852.0,0.8629527524387022,1363.75
7075577,long,close,1385.3,-164344.0,1381.889309371149,1807795.0,990.3953314875394,0.2928054053864663,0.02965855771313073,0.3224639630995971,143.3592137348595,237.01614329983695,551.2003332554348,448.96546879124895,-91.12434927067562,501.20033325543346,1.054430598681936,1614481907014.0,0.2658958067390459,1.0,0.2658958067390459,1.0003901419589594,8325.0,0.8629554356148705,1365.0
7075580,long,close,1385.5,-164345.0,1381.889309371149,1643450.0,961.1949830158386,0.3099324057732019,0.02965445687477445,0.3395868626479764,143.38886819173428,237.16216565077562,551.5399201180828,449.2754011970222,-91.12434927067562,501.53992011808145,1.0544449393467403,1614481907055.0,1.0,1.0,1.0,1.0003901786698193,41.0,0.8629558015025298,1366.25
7075586,long,close,1385.7,-164345.0,1381.889309371149,1479105.0,927.7527100959834,0.3270526810851781,0.029650176805946452,0.35670285789112455,143.41851836854022,237.3155478796688,551.896622975974,449.6024538781074,-91.12434927067562,501.8966229759726,1.0544599660515548,1614481909020.0,0.3063219550277209,1.0,0.3063219550277209,1.0003902203478559,1965.0,0.8629565332778485,1367.5
7075594,long,close,1386.35,-184888.0,1381.889309371149,1294217.0,883.7859680655819,0.4304916028686657,0.03334078695856025,0.46383238982722597,143.45185915549877,237.5149958072945,552.3604553658012,450.032945480976,-91.12434927067562,502.36045536579985,1.0544795155826505,1614481909892.0,0.3305774514063184,1.0,0.3305774514063184,1.0003902934654412,872.0,0.8629575089782734,1368.75
7075615,long,close,1386.8,-184888.0,1381.889309371149,1109329.0,831.2338105179998,0.47376634798361184,0.03332996827228151,0.5070963162558934,143.48518912377105,237.73304722328453,552.8675516820571,450.5067118289596,-91.12434927067562,502.86755168205576,1.0545008426402238,1614481912773.0,0.36220973654789507,1.0,0.36220973654789507,1.0003903791598792,2881.0,0.8629600701918886,1370.0
7075619,long,close,1387.35,-184888.0,1381.889309371149,924441.0,767.319895531265,0.5266195791069812,0.03331675496450067,0.5599363340714819,143.51850587873554,237.97381984693527,553.4274880161286,451.0333314080666,-91.12434927067562,503.42748801612726,1.0545244096337192,1614481913164.0,1.0,1.0,1.0,1.000390480201289,391.0,0.862960558042101,1370.0
7075671,long,close,1388.1,-184888.0,1381.889309371149,739553.0,687.926190376292,0.5986246687212108,0.033298753692097116,0.6319234224133079,143.55180463242763,238.24554691857298,554.0594114385418,451.6319560767878,-91.12434927067562,504.05941143854056,1.0545508073635557,1614481925557.0,0.44651790995689034,1.0,0.44651790995689034,1.0003906021486533,12393.0,0.8629669000948624,1371.25
7075746,long,close,1386.8,-184888.0,1381.889309371149,554665.0,586.8209072556723,0.47376634798361184,0.03332996827228151,0.5070963162558934,143.58513460069992,238.46359833456302,554.5665077547977,452.1057224247714,-91.12434927067562,504.5665077547965,1.0545714967424569,1614481968481.0,0.5034457987755941,1.0,0.5034457987755941,1.0003906872945159,42924.0,0.8629760472863454,1372.5
7075747,long,close,1387.0,-554665.0,1381.889309371149,0.0,0.0,1.4789743303165774,0.09997566690699351,1.578949997223571,143.68511026760692,239.14254683336912,556.1454577520212,453.584696755088,-91.12434927067562,506.14545775202004,1.0546376694479211,1614481971240.0,1.0,1.0,1.0,1.0003910855222247,2759.0,0.8629761692488985,
7080226,long,entry,1373.5,352311.0,1373.5,352311.0,437.27442390605717,0.0,0.06412650163815072,0.06412650163815072,143.74923676924507,239.17012122907354,556.2095842536594,453.584696755088,-91.12434927067562,506.2095842536582,1.0546025307234541,1614484610702.0,1.0,1.0,1.0,1.0003910407610648,2639462.0,0.8635224395242582,1366.25
7080295,long,close,1374.45,-352311.0,1373.5,0.0,0.0,0.17729324909959945,0.0640821783258758,0.24137542742547524,143.81331894757093,239.2739126628665,556.4509596810849,453.76199000418757,-91.12434927067562,506.45095968108365,1.054612259197166,1614484636460.0,0.6812868630422324,1.0,0.6812868630422324,1.0003910477257252,25758.0,0.8635308549404225,
7080367,long,entry,1373.15,352415.0,1373.15,352415.0,437.1632484300307,0.0,0.06416178130575684,0.06416178130575684,143.8774807288767,239.30150222882799,556.5151214623907,453.76199000418757,-91.12434927067562,506.5151214623894,1.0546144992858322,1614484667405.0,1.0,1.0,1.0,1.0003910029852379,30945.0,0.8635396362442461,1365.0
7080391,long,close,1374.1,-352415.0,1373.15,0.0,0.0,0.1774359718811091,0.06411742231278655,0.24155339419389565,143.94159815118948,239.40537018833132,556.7566748565845,453.93942597606866,-91.12434927067562,506.7566748565833,1.0546243137541003,1614484687285.0,0.681599964726853,1.0,0.681599964726853,1.0003910099669906,19880.0,0.8635425633455206,
7080468,long,entry,1372.9,352545.0,1372.9,352545.0,437.08415274811625,0.0,0.06419713744628158,0.06419713744628158,144.00579528863577,239.43297495743323,556.8208719940308,453.93942597606866,-91.12434927067562,506.8208719940296,1.0546264527050695,1614484725283.0,1.0,1.0,1.0,1.0003909652471716,37998.0,0.8635519544621097,1365.0
7080795,long,reentry,1365.0,653265.0,1367.7690175082769,1005810.0,790.1321385208156,0.0,0.1196456043956044,0.1196456043956044,144.12544089303137,239.48442256732332,556.9405175984264,453.93942597606866,-91.12434927067562,506.9405175984252,1.0546295526574352,1614484857910.0,0.6797800998218864,1.0,0.6797800998218864,1.000390936690654,132627.0,0.8635918362169753,1356.25
7081218,long,close,1368.7,-143687.0,1367.7690175082769,862123.0,736.4083168911048,0.0714558783100185,0.026245159640534813,0.09770103795055331,144.1516860526719,239.52643401364205,557.0382186363769,454.0108818543787,-91.12434927067562,507.03821863637575,1.054632476017378,1614484938786.0,0.4184860066084154,1.0,0.4184860066084154,1.00039090174653,80876.0,0.8636434263769389,1357.5
7081279,long,close,1368.7,-143687.0,1367.7690175082769,718436.0,672.4018393711395,0.0714558783100185,0.026245159640534813,0.09770103795055331,144.17793121231242,239.56844545996077,557.1359196743274,454.0823377326887,-91.12434927067562,507.1359196743263,1.0546363426248246,1614484953771.0,0.46131574054269786,1.0,0.46131574054269786,1.0003908668087473,14985.0,0.8636508660926784,1357.5
7081351,long,close,1368.7,-143687.0,1367.7690175082769,574749.0,594.8481654606783,0.0714558783100185,0.026245159640534813,0.09770103795055331,144.20417637195294,239.6104569062795,557.2336207122779,454.1537936109987,-91.12434927067562,507.2336207122769,1.0546401073381033,1614484975816.0,0.5085859538323909,1.0,0.5085859538323909,1.0003908318773052,22045.0,0.8636596473965019,1358.75
7081352,long,close,1369.25,-574749.0,1367.7690175082769,0.0,0.0,0.45449869133682713,0.10493865254701479,0.5594373438838419,144.30911502449996,239.85101496414958,557.7930580561618,454.60829230233554,-91.12434927067562,507.7930580561607,1.0546634572560778,1614484975958.0,1.0,1.0,1.0,1.0003909312023902,142.0,0.8636597693590551,
7086092,long,entry,1368.25,352005.0,1368.25,352005.0,435.6037861031242,0.0,0.0643166453498995,0.0643166453498995,144.37343166984985,239.87867112165003,557.8573747015117,454.60829230233554,-91.12434927067562,507.8573747015106,1.0546297603873722,1614487515317.0,1.0,1.0,1.0,1.0003908865388118,2539359.0,0.8642378718607754,1360.0
7086608,long,close,1369.2,-352005.0,1368.25,0.0,0.0,0.1785007685726412,0.06427202015775636,0.24277278873039754,144.4377036900076,239.98306342080414,558.1001474902422,454.7867930709082,-91.12434927067562,508.100147490241,1.0546368944940696,1614487723748.0,0.6804198040401128,1.0,0.6804198040401128,1.0003908937152897,208431.0,0.8643008045381778,
7086735,long,entry,1366.45,351735.0,1366.45,351735.0,435.03033610260815,0.0,0.06435197043433714,0.06435197043433714,144.50205566044193,240.0107347680909,558.1644994606766,454.7867930709082,-91.12434927067562,508.16449946067536,1.0546389560000504,1614487767032.0,1.0,1.0,1.0,1.0003908490722286,43284.0,0.8643162937824223,1358.75
7086988,long,reentry,1358.75,651764.0,1361.4489159929408,1003499.0,786.4539994331687,0.0,0.11991977920883165,0.11991977920883165,144.62197543965075,240.06230027315073,558.2844192398854,454.7867930709082,-91.12434927067562,508.2844192398842,1.0546431576772028,1614487822481.0,0.6798186972086494,1.0,0.6798186972086494,1.0003908205673067,55449.0,0.864347150308358,1350.0
7087101,long,close,1362.4,-143357.0,1361.4489159929408,860142.0,732.9768236601037,0.07350752452156596,0.02630596741045214,0.0998134919320181,144.6482814070612,240.10522007468154,558.3842327318175,454.86030059542975,-91.12434927067562,508.3842327318162,1.0546467771141081,1614487860035.0,0.4210651850026363,1.0,0.4210651850026363,1.000390786231662,37554.0,0.8643609320768588,1351.25
7087749,long,close,1362.4,-143357.0,1361.4489159929408,716785.0,669.2648324290014,0.07350752452156596,0.02630596741045214,0.0998134919320181,144.67458737447166,240.14813987621233,558.4840462237496,454.9338081199513,-91.12434927067562,508.48404622374824,1.0546465808174221,1614488163993.0,0.45949647986129066,1.0,0.45949647986129066,1.000390751901961,303958.0,0.8644399638112712,1351.25
7087784,long,close,1362.4,-143357.0,1361.4489159929408,573428.0,592.068895780285,0.07350752452156596,0.02630596741045214,0.0998134919320181,144.7008933418821,240.1910596777431,558.5838597156817,455.0073156444729,-91.12434927067562,508.58385971568026,1.0546505103222537,1614488179767.0,0.5083815092158508,1.0,0.5083815092158508,1.0003907175782023,15774.0,0.86444423250063,1352.5
7087787,long,close,1362.45,-573428.0,1361.4489159929408,0.0,0.0,0.3094763705574222,0.10522000807369078,0.41469637863111297,144.8061133499558,240.3693791205545,558.9985560943128,455.31679201503033,-91.12434927067562,508.99855609431137,1.0546677570488159,1614488180457.0,0.5654221258218696,1.0,0.5654221258218696,1.0003907744850302,690.0,0.8644445983882892,
7087822,long,entry,1362.7,351334.0,1362.7,351334.0,433.8361455009847,0.0,0.06445549277170323,0.06445549277170323,144.87056884272752,240.39709498244633,559.0630115870845,455.31679201503033,-91.12434927067562,509.06301158708305,1.0546699867244007,1614488211965.0,1.0,1.0,1.0,1.0003907299045904,31508.0,0.8644488670776479,1355.0
7088011,long,reentry,1355.0,651021.0,1357.6989158531658,1002355.0,784.2908916519981,0.0,0.12011457564575646,0.12011457564575646,144.99068341837327,240.448744249974,559.1831261627302,455.31679201503033,-91.12434927067562,509.1831261627288,1.0546734895776904,1614488316144.0,0.679802092035586,1.0,0.679802092035586,1.0003907014471294,104179.0,0.8644719180001849,1346.25
7088333,long,close,1358.65,-143193.0,1357.6989158531658,859162.0,730.9611612997899,0.0738294556466453,0.026348397306149487,0.10017785295279479,145.01703181567942,240.4918207267437,559.283304015683,455.390621470677,-91.12434927067562,509.2833040156816,1.0546768029028217,1614488375611.0,0.41977443837242134,1.0,0.41977443837242134,1.0003906672230167,59467.0,0.8645111899422849,1347.5
7088344,long,close,1358.65,-143193.0,1357.6989158531658,715969.0,667.4248588370081,0.0738294556466453,0.026348397306149487,0.10017785295279479,145.04338021298557,240.5348972035134,559.3834818686358,455.46445092632365,-91.12434927067562,509.3834818686344,1.05468093301029,1614488378011.0,0.46173699462460244,1.0,0.46173699462460244,1.0003906330047847,2400.0,0.864512531530369,1347.5
7088503,long,close,1358.65,-143193.0,1357.6989158531658,572776.0,590.4418289162994,0.0738294556466453,0.026348397306149487,0.10017785295279479,145.06972861029172,240.57797368028312,559.4836597215887,455.5382803819703,-91.12434927067562,509.48365972158723,1.05468455490976,1614488415828.0,0.5079801998989989,1.0,0.5079801998989989,1.0003905987924322,37817.0,0.8645319235763128,1348.75
7088504,long,close,1358.7,-572776.0,1357.6989158531658,0.0,0.0,0.3108338799945838,0.1053904467505704,0.4162243267451542,145.17511905704228,240.75695014078352,559.8998840483338,455.84911426196487,-91.12434927067562,509.8998840483324,1.054701828862772,1614488417076.0,1.0,1.0,1.0,1.0003906559116722,1248.0,0.864532045538866,
7088518,long,entry,1359.65,351113.0,1359.65,351113.0,432.8652465355901,0.0,0.06455944544551906,0.06455944544551906,145.2396785024878,240.7847107023251,559.9644434937793,455.84911426196487,-91.12434927067562,509.96444349377794,1.0547044767016678,1614488419387.0,1.0,1.0,1.0,1.0003906113936527,2311.0,0.8645337530146094,1352.5
7088662,long,close,1360.6,-351113.0,1359.65,0.0,0.0,0.1803071385365968,0.06451436866088492,0.24482150719748172,145.3041928711487,240.88998395042,560.2092650009768,456.02942140050146,-91.12434927067562,510.2092650009754,1.0547137964779494,1614488478272.0,0.6810483391404119,1.0,0.6810483391404119,1.000390618925016,58885.0,0.8645513156222566,
7088821,long,entry,1359.4,351243.0,1359.4,351243.0,432.7861502406072,0.0,0.06459522583492716,0.06459522583492716,145.36878809698362,240.91775989752904,560.2738602268117,456.02942140050146,-91.12434927067562,510.2738602268103,1.0547154053831522,1614488553050.0,1.0,1.0,1.0,1.0003905744273947,74778.0,0.8645707076682004,1351.25
7089006,long,reentry,1351.25,650853.0,1354.1066429264263,1002096.0,782.2935219659333,0.0,0.1204168362627197,0.1204168362627197,145.48920493324633,240.969539137122,560.3942770630745,456.02942140050146,-91.12434927067562,510.39427706307305,1.0547197648975966,1614488597504.0,0.6797023754880054,1.0,0.6797023754880054,1.0003905460439906,44454.0,0.8645932707405249,1342.5
7089481,long,reentry,1342.5,1856883.0,1346.568225212567,2858979.0,1087.5435639812938,0.0,0.3457882681564246,0.3457882681564246,145.83499320140274,241.11822809242926,560.7400653312309,456.02942140050146,-91.12434927067562,510.74006533122946,1.054733909830972,1614488611313.0,0.4172643137800787,1.0,0.4172643137800787,1.000390582630894,13809.0,0.86465120295325,1323.75
7092241,long,reentry,1323.75,652003.0,1342.3307921259636,3510982.0,1129.3985058300036,0.0,0.12313559962228517,0.12313559962228517,145.95812880102503,241.17117640026686,560.8632009308532,456.02942140050146,-91.12434927067562,510.86320093085175,1.0547359519242723,1614488824913.0,0.1784063126227289,1.0,0.1784063126227289,1.000390555009759,213600.0,0.8649878195998213,0.05
7097453,long,close,1343.25,-184788.0,1342.3307921259636,3326194.0,1118.1507892827706,0.09420438072706663,0.034391959798994974,0.12859634052606161,145.99252076082402,241.22647282669308,560.9917972713793,456.12362578122855,-91.12434927067562,510.99179727137783,1.054731057790966,1614489537946.0,0.13796244259817309,1.0,0.13796244259817309,1.0003905289624222,713033.0,0.8656234884266074,1316.25
7097459,long,close,1344.1,-184788.0,1342.3307921259636,3141406.0,1105.808184607288,0.18120137746582934,0.03437021054981028,0.21557158801563964,146.02689097137383,241.31916860953982,561.2073688593949,456.30482715869437,-91.12434927067562,511.20736885939345,1.0547399759918403,1614489538849.0,1.0,1.0,1.0,1.0003905279515577,903.0,0.8656242202019261,1317.5
7097502,long,close,1343.25,-165337.0,1342.3307921259636,2976069.0,1093.766324433901,0.08428831794419019,0.03077182207332961,0.1150601400175198,146.05766279344715,241.36864446974738,561.3224289994125,456.38911547663855,-91.12434927067562,511.322428999411,1.0547446405692054,1614489545892.0,0.17455441002703098,1.0,0.17455441002703098,1.0003904979995644,7043.0,0.8656294645917096,1318.75
7097507,long,close,1344.1,-165337.0,1342.3307921259636,2810732.0,1080.5820988729686,0.16212790952912431,0.030752362175433378,0.19288027170455768,146.08841515562258,241.45158298658035,561.5153092711171,456.5512433861677,-91.12434927067562,511.51530927111554,1.0547526236684188,1614489546135.0,0.18576168805635299,1.0,0.18576168805635299,1.0003904904319314,243.0,0.8656300744044751,1320.0
7097511,long,close,1344.95,-165337.0,1342.3307921259636,2645395.0,1066.0913194048826,0.23986911284262918,0.030732926874605004,0.2706020397172342,146.1191480824972,241.56794186365875,561.7859113108343,456.79111249901035,-91.12434927067562,511.7859113108328,1.0547638236082781,1614489546159.0,1.0,1.0,1.0,1.0003905051864994,24.0,0.8656305622546876,1321.25
7097527,long,close,1345.8,-165337.0,1342.3307921259636,2480058.0,1050.0967471470842,0.31751211430914594,0.030713516124238373,0.34822563043338434,146.14986159862144,241.7176788847451,562.1341369412677,457.1086246133195,-91.12434927067562,512.1341369412662,1.0547782271110304,1614489546290.0,0.20683630726517174,1.0,0.20683630726517174,1.0003905421920212,131.0,0.8656325136555373,1322.5
7097540,long,close,1346.85,-177147.0,1342.3307921259636,2302911.0,1031.0106752456945,0.44280991537118886,0.03288172402271968,0.4756916393939085,146.18274332264417,241.92222628968446,562.6098285806615,457.55143452869066,-91.12434927067562,512.6098285806601,1.0547978835807474,1614489546835.0,0.2196650463349304,1.0,0.2196650463349304,1.000390615696136,545.0,0.8656340991687276,1322.5
7097551,long,close,1347.35,-191909.0,1342.3307921259636,2111002.0,1007.6746755673515,0.5325869806317125,0.03560860207073144,0.568195582702444,146.2183519247149,242.1665503902465,563.178024163364,458.0840215093224,-91.12434927067562,513.1780241633625,1.0548213375033704,1614489547742.0,0.2345022272371128,1.0,0.2345022272371128,1.0003907155704714,907.0,0.8656354407568118,1323.75
7097577,long,close,1347.65,-191909.0,1342.3307921259636,1919093.0,981.0131454696349,0.5642942655238631,0.0356006752495084,0.5998949407733715,146.2539525999644,242.424505214779,563.7779191041373,458.64831577484625,-91.12434927067562,513.7779191041359,1.0548460575495504,1614489549899.0,0.2518841266807591,1.0,0.2518841266807591,1.000390824320976,2157.0,0.8656386117831926,1325.0
7097581,long,close,1347.95,-191909.0,1342.3307921259636,1727184.0,950.2662334130489,0.5959874368576638,0.03559275195667495,0.6315801888143387,146.28954535192108,242.69608469596915,564.4094992929515,459.24430321170394,-91.12434927067562,514.4094992929503,1.0548720846622057,1614489550135.0,0.2722184461815091,1.0,0.2722184461815091,1.000390941910729,236.0,0.8656390996334049,1326.25
7097595,long,close,1348.85,-215898.0,1342.3307921259636,1511286.0,909.4836382196502,0.7773565093546293,0.040015198131741855,0.8173717074863711,146.32956055005283,243.04755453018828,565.2268710004379,460.02165972105854,-91.12434927067562,515.2268710004366,1.0549057263724908,1614489550407.0,1.0,1.0,1.0,1.0003911122894853,272.0,0.8656408071091485,1327.5
7097603,long,close,1349.4,-215898.0,1342.3307921259636,1295388.0,860.2201614025076,0.84259545695346,0.03999888839484215,0.8825943453483022,146.36955943844768,243.42707009868803,566.1094653457861,460.864255178012,-91.12434927067562,516.1094653457849,1.0549420020811633,1614489550497.0,1.0,1.0,1.0,1.0003913008580194,90.0,0.8656417828095733,1328.75
7097621,long,close,1350.9,-259077.0,1342.3307921259636,1036311.0,785.61232504815,1.2242969942295185,0.04794525871641128,1.2722422529459299,146.4175046971641,243.97413426745473,567.381707598732,462.0885521722415,-91.12434927067562,517.3817075987308,1.0549941938055922,1614489550750.0,0.36249293259531795,1.0,0.36249293259531795,1.0003915997495354,253.0,0.8656439781355292,1331.25
7097744,long,close,1345.8,-172718.0,1342.3307921259636,863593.0,723.2063609266189,0.33168653936654874,0.03208463367513747,0.3637711730416862,146.44958933083925,244.13055587186264,567.7454787717736,462.4202387116081,-91.12434927067562,517.7454787717725,1.055008901825919,1614489564289.0,0.4162054506590251,1.0,0.4162054506590251,1.000391639960535,13539.0,0.8656589795295612,1331.25
7097783,long,close,1346.35,-172718.0,1342.3307921259636,690875.0,646.1764569351841,0.3841143583477148,0.03207152672039217,0.41618588506810694,146.48166085755963,244.30951580244192,568.1616646568417,462.80435306995577,-91.12434927067562,518.1616646568406,1.0550258395134977,1614489571315.0,0.46247994282461713,1.0,0.46247994282461713,1.0003916949640659,7026.0,0.8656637360691323,1332.5
7097785,long,close,1347.1,-172718.0,1342.3307921259636,518157.0,548.7194914382283,0.45553784595902325,0.03205367084848935,0.4875915168075126,146.51371452840812,244.5191801546692,568.6492561736493,463.2598909159148,-91.12434927067562,518.649256173648,1.0550457858121136,1614489571351.0,1.0,1.0,1.0,1.0003917701030751,36.0,0.8656639799942385,1333.75
7097792,long,close,1347.65,-518157.0,1342.3307921259636,0.0,0.0,1.5236024560653658,0.09612232404556079,1.6197247801109267,146.60983685245367,245.21566181011693,570.2689809537603,464.78349337198017,-91.12434927067562,520.268980953759,1.0551119201279184,1614489571831.0,0.5928172369855831,1.0,0.5928172369855831,1.000392165333637,480.0,0.8656648337321102,
7104430,long,entry,1328.55,349436.0,1328.55,349436.0,422.96448326911616,0.0,0.06575514658838584,0.06575514658838584,146.67559199904204,245.24393652314993,570.3347361003487,464.78349337198017,-91.12434927067562,520.3347361003473,1.055075270260749,1614492297586.0,1.0,1.0,1.0,1.0003921207373814,2725755.0,0.8664744211596248,1321.2
7104842,long,close,1329.5,-349436.0,1328.55,0.0,0.0,0.18794250247150196,0.06570816096276796,0.2536506634342699,146.7413001600048,245.35300630842667,570.588386763783,464.9714358744517,-91.12434927067562,520.5883867637816,1.0550833751270217,1614492452048.0,0.6803110364165253,1.0,0.6803110364165253,1.0003921292104678,154462.0,0.8665246697315043,
7104916,long,entry,1327.1,349250.0,1327.1,349250.0,422.5027494006006,0.0,0.06579195237736418,0.06579195237736418,146.80709211238218,245.38129684794893,570.6541787161603,464.9714358744517,-91.12434927067562,520.654178716159,1.0550856248374685,1614492481828.0,1.0,1.0,1.0,1.0003920846343837,29780.0,0.8665336949604341,1320.0
7104997,long,close,1328.05,-349250.0,1327.1,0.0,0.0,0.18825301685479598,0.06574488912315049,0.25399790597794647,146.87283700150533,245.49051594751947,570.9081766221383,465.1596888913065,-91.12434927067562,520.9081766221369,1.0550954969604034,1614492514292.0,0.6809855410747504,1.0,0.6809855410747504,1.000392093168429,32464.0,0.8665435739272357,
7128050,long,entry,1355.15,356832.0,1355.15,356832.0,431.43312158252587,0.0,0.06582887503228424,0.06582887503228424,146.9386658765376,245.51882236378333,570.9740054971705,465.1596888913065,-91.12434927067562,520.9740054971692,1.0548270812894063,1614511401267.0,1.0,1.0,1.0,1.0003920486125106,18886975.0,0.8693551766639778,1347.5
7128247,long,close,1356.1,-356832.0,1355.15,0.0,0.0,0.18446259503181114,0.0657827593835263,0.25024535441533746,147.00444863592114,245.62642786618193,571.2242508515859,465.34415148633826,-91.12434927067562,521.2242508515845,1.054836097792328,1614511479255.0,0.6811874217014403,1.0,0.6811874217014403,1.000392056051895,77988.0,0.8693792032869396,
7129298,long,entry,1352.8,356410.0,1352.8,356410.0,430.68461210178026,0.0,0.0658652424600828,0.0658652424600828,147.07031387838123,245.65474992043977,571.290116094046,465.34415148633826,-91.12434927067562,521.2901160940446,1.0548294077030156,1614512134264.0,1.0,1.0,1.0,1.0003920115162668,655009.0,0.8695073859302536,1345.0
7129493,long,close,1353.75,-356410.0,1352.8,0.0,0.0,0.18488489111605033,0.06581902123730379,0.2507039123533541,147.13613289961853,245.76255260275173,571.5408200063994,465.5290363774543,-91.12434927067562,521.540820006398,1.0548381473160398,1614512232425.0,0.6812458926826924,1.0,0.6812458926826924,1.000392019049337,98161.0,0.8695311686281091,
7129547,long,entry,1352.15,356436.0,1352.15,356436.0,430.4775281845143,0.0,0.06590171208815589,0.06590171208815589,147.2020346117067,245.79089033894962,571.6067217184875,465.5290363774543,-91.12434927067562,521.6067217184861,1.0548402236682664,1614512273645.0,1.0,1.0,1.0,1.00039197453398,41220.0,0.8695377546059768,1345.0
7129766,long,close,1353.1,-356436.0,1352.15,0.0,0.0,0.18507612588494904,0.06585544305668466,0.2509315689416337,147.26789005476337,245.89879091359452,571.8576532874291,465.71411250333927,-91.12434927067562,521.8576532874278,1.05484931288407,1614512347550.0,0.6805835659386256,1.0,0.6805835659386256,1.0003919820955343,73905.0,0.8695644644051069,
7134265,long,entry,1346.6,355170.0,1346.6,355170.0,428.7108001860556,0.0,0.06593828902420913,0.06593828902420913,147.3338283437876,245.92714437787492,571.9235915764533,465.71411250333927,-91.12434927067562,521.9235915764519,1.054783344114765,1614517157789.0,1.0,1.0,1.0,1.0003919376004493,4810239.0,0.8701131739315288,1338.75
7134559,long,reentry,1338.75,658130.0,1341.5014896871608,1013300.0,774.974451705518,0.0,0.1229000933706816,0.1229000933706816,147.45672843715826,245.97999141802433,572.046491669824,465.71411250333927,-91.12434927067562,522.0464916698227,1.0547880658488695,1614517174518.0,0.6797558824336628,1.0,0.6797558824336628,1.0003919091335267,16729.0,0.8701490309221418,1330.0
7136259,long,reentry,1330.0,1877644.0,1334.0313681275045,2890944.0,1077.3936586000607,0.0,0.35294060150375944,0.35294060150375944,147.809669038662,246.13175587667095,572.3994322713278,465.71411250333927,-91.12434927067562,522.3994322713264,1.0547956400523397,1614517642070.0,0.41726862793780134,1.0,0.41726862793780134,1.0003919453084877,467552.0,0.8703563672624212,1311.25
7138545,long,close,1334.95,-152154.0,1334.0313681275045,2738790.0,1064.7400023603857,0.07848629750254268,0.028494325630173414,0.1069806231327161,147.83816336429217,246.177757544618,572.5064128944605,465.7925988008418,-91.12434927067562,522.5064128944591,1.0547918887753434,1614518207989.0,0.18184025621744257,1.0,0.18184025621744257,1.00039191234999,565919.0,0.8706351736588205,1312.5
7138559,long,close,1335.8,-152155.0,1334.0313681275045,2586635.0,1050.913837084742,0.15101364659852076,0.028476381194789638,0.1794900277933104,147.86663974548696,246.2549382565691,572.6859029222537,465.94361244744033,-91.12434927067562,522.6859029222525,1.0547991046499456,1614518209295.0,0.2024120735904823,1.0,0.2024120735904823,1.0003918997516879,1306.0,0.870636881134564,1313.75
7138572,long,close,1335.85,-152155.0,1334.0313681275045,2434480.0,1035.780555793344,0.15527705659136143,0.02847531534229143,0.18375237193365285,147.89511506082926,246.33395177650058,572.8696552941874,466.0988895040317,-91.12434927067562,522.8696552941861,1.0548064531759767,1614518213186.0,0.2131228055222627,1.0,0.2131228055222627,1.0003918883375456,3891.0,0.8706384666477543,1313.75
7138620,long,close,1334.95,-143204.0,1334.0313681275045,2291276.0,1020.2046781141889,0.07386957784582805,0.026818232892617703,0.10068781073844575,147.92193329372188,246.37724753511813,572.9703431049259,466.17275908187753,-91.12434927067562,522.9703431049246,1.054810423405263,1614518219207.0,0.22372738080390908,1.0,0.22372738080390908,1.0003918536144507,6021.0,0.8706443208503034,1315.0
7138625,long,close,1336.0,-152751.0,1334.0313681275045,2138525.0,1001.867437882283,0.16872369371843288,0.028583645209580837,0.19730733892801372,147.95051693893146,246.46208969085717,573.1676504438539,466.341482775596,-91.12434927067562,523.1676504438526,1.0548183654132028,1614518219500.0,1.0,1.0,1.0,1.0003918459857946,293.0,0.8706449306630689,1316.25
7138651,long,close,1334.95,-142568.0,1334.0313681275045,1995957.0,982.9786208150737,0.07354150704117214,0.026699127308138882,0.10024063434931102,147.9772160662396,246.50519316362738,573.2678910782032,466.41502428263715,-91.12434927067562,523.267891078202,1.054822272694726,1614518228527.0,0.24903122863182442,1.0,0.24903122863182442,1.0003918111406596,9027.0,0.8706481016894497,1316.25
7138812,long,close,1334.95,-142568.0,1334.0313681275045,1853389.0,962.0500337733108,0.07354150704117214,0.026699127308138882,0.10024063434931102,148.00391519354775,246.5482966363976,573.3681317125526,466.4885657896783,-91.12434927067562,523.3681317125513,1.054824657528781,1614518344286.0,0.26224960911507533,1.0,0.26224960911507533,1.0003917763018044,115759.0,0.8706677376604997,1317.5
7138838,long,close,1334.95,-142568.0,1334.0313681275045,1710821.0,938.7324117703846,0.07354150704117214,0.026699127308138882,0.10024063434931102,148.0306143208559,246.5914001091678,573.4683723469019,466.5621072967195,-91.12434927067562,523.4683723469007,1.054828469893806,1614518359863.0,0.27903924327539664,1.0,0.27903924327539664,1.0003917414692276,15577.0,0.8706709086868805,1318.75
7138857,long,close,1336.35,-155529.0,1334.0313681275045,1555292.0,909.9927469417153,0.20228185216258873,0.029095858121001236,0.23137771028358997,148.0597101789769,246.69089252458977,573.6997500571855,466.76438914888206,-91.12434927067562,523.6997500571842,1.0548376842764078,1614518366552.0,0.296803317150167,1.0,0.296803317150167,1.000391743351925,6689.0,0.8706732259753894,1320.0
7138889,long,close,1336.5,-155529.0,1334.0313681275045,1399763.0,877.1629150321677,0.2153439657971775,0.029092592592592594,0.24443655838977008,148.0888027715695,246.79600024469738,573.9441866155753,466.9797331146792,-91.12434927067562,523.944186615574,1.0548472661903274,1614518384030.0,0.31874022313927364,1.0,0.31874022313927364,1.000391748860927,17478.0,0.8706771287770888,1320.0
7138891,long,close,1336.65,-155529.0,1334.0313681275045,1244234.0,839.3056435497148,0.22840314774874645,0.029089327797104703,0.25749247554585114,148.1178920993666,246.9067220091821,574.2016790911212,467.20813626242796,-91.12434927067562,524.2016790911199,1.0548575778388667,1614518386847.0,0.3437847572139091,1.0,0.3437847572139091,1.0003917579890254,2817.0,0.870677372702195,1321.25
7138911,long,close,1336.85,-155529.0,1334.0313681275045,1088705.0,795.1710805459107,0.24581083166066292,0.029084975876126715,0.27489580753678966,148.14697707524272,247.02492720642294,574.476574898658,467.4539470940886,-91.12434927067562,524.4765748986567,1.0548684594665692,1614518398400.0,0.3718947475773884,1.0,0.3718947475773884,1.0003917719441957,11553.0,0.8706798119532572,1322.5
7138988,long,close,1334.95,-136088.0,1334.0313681275045,952617.0,750.1784411998609,0.07019889884279104,0.02548559871156223,0.09568449755435326,148.17246267395427,247.06607154037133,574.5722593962124,467.52414599293144,-91.12434927067562,524.572259396211,1.054871903614928,1614518426406.0,0.4036962275621217,1.0,0.4036962275621217,1.000391735813645,28006.0,0.8706892030698462,1322.5
7139054,long,close,1337.5,-158769.0,1334.0313681275045,793848.0,687.7666790054843,0.30864844089667387,0.02967644859813084,0.3383248894948047,148.2021391225524,247.2115512428541,574.9105842857073,467.8327944338281,-91.12434927067562,524.9105842857059,1.054885182830113,1614518447891.0,0.43811067245909596,1.0,0.43811067245909596,1.00039176742133,21485.0,0.8706972525983512,1323.75
7139134,long,close,1334.95,-132308.0,1334.0313681275045,661540.0,625.4476237416637,0.06824904406040208,0.024777707030225853,0.09302675109062794,148.22691682958265,247.2515527458231,575.0036110367979,467.9010434778885,-91.12434927067562,525.0036110367965,1.0548882822350953,1614518492365.0,0.48431680362488994,1.0,0.48431680362488994,1.0003917305414338,44474.0,0.8707070096025996,1325.0
7139149,long,close,1334.95,-132308.0,1334.0313681275045,529232.0,550.6107442185908,0.06824904406040208,0.024777707030225853,0.09302675109062794,148.2516945366129,247.29155424879207,575.0966377878885,467.9692925219489,-91.12434927067562,525.0966377878872,1.0548918111766796,1614518506701.0,0.5313594906776085,1.0,0.5313594906776085,1.0003916936691666,14336.0,0.8707088390408962,1325.0
7139158,long,close,1334.95,-529232.0,1334.0313681275045,0.0,0.0,0.2729961762416083,0.09911082812090341,0.37210700436251176,148.3508053647338,247.45156026066795,575.4687447922511,468.2422886981905,-91.12434927067562,525.4687447922497,1.0549065116429284,1614518522662.0,0.5874956965698301,1.0,0.5874956965698301,1.0003917345969682,15961.0,0.8707099367038742,
7139318,long,entry,1328.25,352542.0,1328.25,352542.0,422.86850764861447,0.0,0.06635460191981932,0.06635460191981932,148.4171599666536,247.48009273949347,575.5350993941709,468.2422886981905,-91.12434927067562,525.5350993941695,1.054907499157466,1614518639867.0,1.0,1.0,1.0,1.000391690284181,117205.0,0.8707294507123711,1321.2
7139527,long,reentry,1321.2,653260.0,1323.6710838713782,1005802.0,764.5598745824161,0.0,0.1236111111111111,0.1236111111111111,148.5407710777647,247.53324551727124,575.658710505282,468.2422886981905,-91.12434927067562,525.6587105052806,1.0549113475249778,1614518717455.0,0.6799239241201874,1.0,0.6799239241201874,1.0003916619300217,77588.0,0.8707549408859702,1312.8
7139654,long,close,1324.6,-143686.0,1323.6710838713782,862116.0,712.5654375527133,0.07612479323544456,0.027118752831043334,0.10324354606648789,148.56788983059573,247.5776402420798,575.7619540513484,468.318413491426,-91.12434927067562,525.7619540513471,1.0549146837717898,1614518773652.0,0.4207879738011999,1.0,0.4207879738011999,1.000391627907281,56197.0,0.8707704301302145,1312.8
7139662,long,close,1324.6,-143686.0,1323.6710838713782,718430.0,650.6211071780904,0.07612479323544456,0.027118752831043334,0.10324354606648789,148.59500858342676,247.62203496688838,575.8651975974149,468.39453828466145,-91.12434927067562,525.8651975974135,1.054918785213394,1614518776208.0,0.4617882566919345,1.0,0.4617882566919345,1.0003915938902894,2556.0,0.8707714058306394,1314.0
7139708,long,close,1328.35,-179607.0,1323.6710838713782,538823.0,554.0388607077729,0.47794279335158374,0.03380264990401626,0.5117454432556,148.62881123333077,247.8420855074883,576.3769430406704,468.87248107801304,-91.12434927067562,526.3769430406691,1.054939114956874,1614518788108.0,0.5091874568662564,1.0,0.5091874568662564,1.0003916734894578,11900.0,0.8707770161080822,1315.2
7139709,long,close,1328.45,-538823.0,1323.6710838713782,0.0,0.0,1.4643680319688146,0.10140069253641461,1.5657687245052292,148.73021192586717,248.51536605902552,577.9427117651757,470.33684910998187,-91.12434927067562,527.9427117651743,1.055001726499693,1614518788122.0,1.0,1.0,1.0,1.0003920453985418,14.0,0.8707771380706354,
7144978,long,entry,1328.65,354165.0,1328.65,354165.0,422.9964976873369,0.0,0.06664001053701125,0.06664001053701125,148.79685193640418,248.54402126355643,578.0093517757126,470.33684910998187,-91.12434927067562,528.0093517757113,1.0549571763740393,1614522091632.0,1.0,1.0,1.0,1.0003920010785878,3303510.0,0.8714197587629484,1321.2
7145022,long,close,1329.6,-354165.0,1328.65,0.0,0.0,0.1904573104998527,0.06659239620938628,0.257049706709239,148.86344433261357,248.65455263744136,578.2664014824218,470.52730642048175,-91.12434927067562,528.2664014824205,1.0549673390174104,1614522097946.0,0.6814785408980897,1.0,0.6814785408980897,1.0003920095180712,6314.0,0.8714251251152851,
7145126,long,entry,1328.3,354270.0,1328.3,354270.0,422.88506169080614,0.0,0.06667733192802831,0.06667733192802831,148.9301216645416,248.68322389017044,578.3330788143498,470.52730642048175,-91.12434927067562,528.3330788143486,1.0549693960591153,1614522140079.0,1.0,1.0,1.0,1.000391965218051,42133.0,0.871437809220808,1321.2
7145153,long,close,1329.25,-354270.0,1328.3,0.0,0.0,0.19061415183486927,0.06662967839006959,0.25724383022493885,148.99675134293165,248.79383873716716,578.5903226445748,470.71792057231664,-91.12434927067562,528.5903226445736,1.0549794435976843,1614522154589.0,0.6815624535460797,1.0,0.6815624535460797,1.0003919736744522,14510.0,0.8714411022097419,
7145175,long,entry,1328.2,354441.0,1328.2,354441.0,422.85259836151687,0.0,0.06671453847312152,0.06671453847312152,149.06346588140477,248.8225259887106,578.6570371830479,470.71792057231664,-91.12434927067562,528.6570371830467,1.0549819575963684,1614522164724.0,1.0,1.0,1.0,1.0003919293943082,10135.0,0.8714437853859103,1321.2
7145187,long,close,1329.15,-354441.0,1328.2,0.0,0.0,0.19073486528822794,0.06666685475679945,0.25740172004502737,149.13013273616156,248.93320872833,578.914438903093,470.90865543760486,-91.12434927067562,528.9144389030916,1.0549920620897573,1614522175287.0,0.681586898824159,1.0,0.681586898824159,1.0003919378575483,10563.0,0.8714452489365475,
7145228,long,entry,1328.05,354600.0,1328.05,354600.0,422.8052543437333,0.0,0.06675200481909567,0.06675200481909567,149.19688474098066,248.96191209040222,578.9811909079122,470.90865543760486,-91.12434927067562,528.9811909079108,1.054994412487046,1614522196871.0,1.0,1.0,1.0,1.000391893597329,21584.0,0.8714502494012248,1320.0
7145458,long,close,1329.0,-354600.0,1328.05,0.0,0.0,0.1908635201750167,0.06670428893905192,0.2575678091140686,149.26358902991973,249.0726662483213,579.2387587170263,471.0995189577799,-91.12434927067562,529.2387587170249,1.0550035526616222,1614522274973.0,0.6803830711390306,1.0,0.6803830711390306,1.0003919020696361,78102.0,0.8714783007884391,
7145492,long,entry,1327.3,354598.0,1327.3,354598.0,422.56624513760147,0.0,0.06678934679424396,0.06678934679424396,149.33037837671398,249.10138566744283,579.3055480638205,471.0995189577799,-91.12434927067562,529.3055480638192,1.0550061449402972,1614522279625.0,1.0,1.0,1.0,1.0003918578292834,4652.0,0.8714824475152447,1320.0
7146323,long,reentry,1320.0,657070.0,1322.558710367433,1011668.0,763.9594696999538,0.0,0.12444507575757575,0.12444507575757575,149.45482345247154,249.15489705001858,579.4299931395781,471.0995189577799,-91.12434927067562,529.4299931395767,1.055005340369091,1614522682510.0,0.6798619302719031,1.0,0.6798619302719031,1.0003918295184726,402885.0,0.8715837983968754,1311.6
7146647,long,reentry,1311.6,1874620.0,1315.4411193200401,2886288.0,1062.2885477747648,0.0,0.3573154925282099,0.3573154925282099,149.81213894499976,249.3085427118057,579.7873086321063,471.0995189577799,-91.12434927067562,529.7873086321049,1.055018687984303,1614522743157.0,0.41751403324314446,1.0,0.41751403324314446,1.000391865459713,60647.0,0.8716233142640816,1293.6
7147193,long,close,1316.35,-151909.0,1315.4411193200401,2734379.0,1049.8082945353326,0.07973474056180936,0.028850419721198773,0.10858516028300813,149.84098936472097,249.35523433072734,579.8958937923892,471.1792536983417,-91.12434927067562,529.8958937923879,1.0550218549572061,1614522823675.0,0.18797695476627066,1.0,0.18797695476627066,1.000391832754805,80518.0,0.8716899058180773,1293.6
7147202,long,close,1317.2,-151909.0,1315.4411193200401,2582470.0,1036.1713838936703,0.15420439365329244,0.028831802307925904,0.18303619596121834,149.8698211670289,249.4339398949907,580.0789299883504,471.333458091995,-91.12434927067562,530.0789299883492,1.0550291035502588,1614522825626.0,0.20281851732452538,1.0,0.20281851732452538,1.000391820576548,1951.0,0.8716910034810552,1294.8
7147208,long,close,1317.25,-151910.0,1315.4411193200401,2430560.0,1021.2452725068488,0.15858301242342385,0.02883089770354906,0.1874139101269729,149.89865206473246,249.51452787634526,580.2663438984773,471.49204110441843,-91.12434927067562,530.2663438984762,1.055036550006439,1614522825747.0,0.21335303378858925,1.0,0.21335303378858925,1.0003918095922921,121.0,0.8716917352563738,1296.0
7147281,long,close,1316.35,-142974.0,1315.4411193200401,2287586.0,1005.8831562845635,0.07504489396338683,0.02715349261214723,0.10219838657553407,149.9258055573446,249.55847318257273,580.3685422850529,471.5670859983818,-91.12434927067562,530.3685422850517,1.0550404545340517,1614522836660.0,0.22338762547007698,1.0,0.22338762547007698,1.000391775128383,10913.0,0.8717006385227505,1297.2
7147286,long,close,1317.35,-152505.0,1315.4411193200401,2135081.0,987.7992721133736,0.1679926480676393,0.02894162523247429,0.1969342733001136,149.95474718257708,249.64315492009177,580.565476558353,471.73507864644944,-91.12434927067562,530.5654765583519,1.0550482577521096,1614522838018.0,0.23597041032656296,1.0,0.23597041032656296,1.0003917667497464,1358.0,0.8717012483355161,1297.2
7147298,long,close,1318.5,-164237.0,1315.4411193200401,1970844.0,966.0371601175384,0.2896556421730209,0.031140879787637465,0.3207965219606584,149.98588806236472,249.78109742453483,580.8862730803136,472.0247342886225,-91.12434927067562,530.8862730803125,1.0550608597092637,1614522847469.0,0.2502187770971395,1.0,0.2502187770971395,1.0003917924292003,9451.0,0.8717027118861533,1298.4
7147299,long,close,1318.65,-164237.0,1315.4411193200401,1806607.0,941.5162236942177,0.30382507900052874,0.03113733742843059,0.33496241642895935,150.01702539979314,249.92513126359924,581.2212354967425,472.32855936762303,-91.12434927067562,531.2212354967415,1.055074147439066,1614522847783.0,1.0,1.0,1.0,1.0003918219454517,314.0,0.8717028338487064,1299.6
7147301,long,close,1318.85,-164237.0,1315.4411193200401,1642370.0,913.6761144323013,0.32271264767226016,0.031132615536262655,0.35384526320852283,150.0481580153294,250.0772847267789,581.575080759951,472.65127201529526,-91.12434927067562,531.5750807599501,1.0550881721744865,1614522848389.0,1.0,1.0,1.0,1.000391856585513,606.0,0.8717030777738126,1300.8
7147308,long,close,1319.1,-164237.0,1315.4411193200401,1478133.0,881.7948199851211,0.3463140543406436,0.03112671518459556,0.3774407695252392,150.079284730514,250.23958425767475,581.9525215294761,472.99758606963593,-91.12434927067562,531.9525215294753,1.055103112542793,1614522849760.0,0.3072175649753183,1.0,0.3072175649753183,1.0003918976308308,1371.0,0.8717039315116843,1302.0
7147322,long,close,1319.7,-184766.0,1315.4411193200401,1293367.0,839.8918271459185,0.4532845322398301,0.035001515495946045,0.48828604773577616,150.11428624600993,250.44954725820116,582.440807577212,473.45087060187575,-91.12434927067562,532.4408075772111,1.055122390312073,1614522854057.0,0.3315431755409764,1.0,0.3315431755409764,1.0003919689876375,4297.0,0.8717056389874278,1302.0
7147412,long,close,1316.35,-143707.0,1315.4411193200401,1149660.0,801.9454839833193,0.0754296345964751,0.027292703308390627,0.10272233790486573,150.14157894931833,250.49371786350025,582.5435299151169,473.52630023647225,-91.12434927067562,532.543529915116,1.055125919329742,1614522891584.0,0.3617115726367606,1.0,0.3617115726367606,1.0003919345754226,37527.0,0.8717166156172074,1303.2
7147447,long,close,1316.35,-143707.0,1315.4411193200401,1005953.0,757.9190525785147,0.0754296345964751,0.027292703308390627,0.10272233790486573,150.16887165262673,250.53788846879937,582.6462522530218,473.60172987106876,-91.12434927067562,532.6462522530209,1.0551297519879377,1614522907856.0,0.39015552548797017,1.0,0.39015552548797017,1.0003919001692279,16272.0,0.871720884306566,1304.4
7147487,long,close,1318.85,-167658.0,1315.4411193200401,838295.0,696.5802193453486,0.3294346406926319,0.031781097167987264,0.36121573786061917,150.20065274979473,250.6932112360794,583.0074679908823,473.9311645117614,-91.12434927067562,533.0074679908815,1.0551436468925617,1614522935515.0,0.42427053623114086,1.0,0.42427053623114086,1.0003919365494196,27659.0,0.8717257628086903,1305.6
7147541,long,close,1319.35,-167659.0,1315.4411193200401,670636.0,621.1444198972227,0.37761379396660233,0.03176924242998446,0.4093830363965868,150.23242199222472,250.86924594172993,583.4168510272789,474.30877830572797,-91.12434927067562,533.4168510272781,1.0551592735736703,1614522974564.0,0.47164728508392856,1.0,0.47164728508392856,1.00039198603213,39049.0,0.8717323487865579,1305.6
7147607,long,close,1320.1,-167659.0,1315.4411193200401,502977.0,526.1350181294008,0.4498111481745768,0.03175119309143247,0.4815623412660093,150.26417318531614,251.07631774847428,583.8984133685449,474.7585894539026,-91.12434927067562,533.8984133685441,1.0551776225513665,1614523021771.0,0.5289185697188405,1.0,0.5289185697188405,1.0003920551449497,47207.0,0.8717403983150629,1306.8
7147609,long,close,1320.3,-502977.0,1315.4411193200401,0.0,0.0,1.4071497691616497,0.09523915019313793,1.5023889193547877,150.3594123355093,251.72234498379683,585.4008022878996,476.16573922306424,-91.12434927067562,535.4008022878988,1.0552368642547014,1614523022870.0,1.0,1.0,1.0,1.000392402554076,1099.0,0.8717406422401691,
7147620,long,entry,1319.55,356278.0,1319.55,356278.0,420.0990931048963,0.0,0.06749990527073624,0.06749990527073624,150.42691224078,251.75136994306328,585.4683021931704,476.16573922306424,-91.12434927067562,535.4683021931696,1.055239467335985,1614523026756.0,1.0,1.0,1.0,1.0003923583679348,3886.0,0.8717419838282533,1311.6
7147855,long,reentry,1311.6,660183.0,1314.3865408510508,1016461.0,759.3526654512143,0.0,0.12583543000914915,0.12583543000914915,150.55274767078916,251.80547917796721,585.5941376231796,476.16573922306424,-91.12434927067562,535.5941376231788,1.0552428346602314,1614523137445.0,0.6796926589875366,1.0,0.6796926589875366,1.0003923300811728,110689.0,0.8717706450282331,1303.2
7148227,long,reentry,1303.2,1883502.0,1307.120975026233,2899963.0,1055.6797157662124,0.0,0.3613225138121547,0.3613225138121547,150.91407018460131,251.96084785890645,585.9554601369917,476.16573922306424,-91.12434927067562,535.955460136991,1.055256335579222,1614523187825.0,0.4172721468412138,1.0,0.4172721468412138,1.0003923658898053,50380.0,0.8718160150979883,1285.2
7148427,long,close,1308.05,-152629.0,1307.120975026233,2747334.0,1043.2808663449077,0.08293241622234952,0.02917109437712626,0.11210351059947578,150.94324127897843,252.0090523684642,586.0675636475912,476.2486716392866,-91.12434927067562,536.0675636475904,1.0552603159169038,1614523217849.0,0.18918608620106572,1.0,0.18918608620106572,1.0003923338469956,30024.0,0.8718404076086095,1286.4
7148435,long,close,1308.05,-144596.0,1307.120975026233,2602738.0,1030.5052854360958,0.07856760940638313,0.027635793738771456,0.10620340314515458,150.9708770727172,252.05471983181664,586.1737670507364,476.327239248693,-91.12434927067562,536.1737670507356,1.05526449375919,1614523217887.0,1.0,1.0,1.0,1.0003923002041433,38.0,0.8718413833090344,1286.4
7148440,long,close,1308.05,-144596.0,1307.120975026233,2458142.0,1016.5919715377407,0.07856760940638313,0.027635793738771456,0.10620340314515458,150.99851286645597,252.10038729516907,586.2799704538816,476.40580685809937,-91.12434927067562,536.2799704538808,1.0552686260499475,1614523221046.0,0.212151922449468,1.0,0.212151922449468,1.00039226656678,3159.0,0.8718419931217999,1287.6
7148456,long,close,1308.05,-144596.0,1307.120975026233,2313546.0,1001.3818601819287,0.07856760940638313,0.027635793738771456,0.10620340314515458,151.02614866019474,252.1460547585215,586.3861738570267,476.48437446750575,-91.12434927067562,536.3861738570259,1.0552727636530665,1614523223783.0,0.22278901258582512,1.0,0.22278901258582512,1.0003922329349046,2737.0,0.8718439445226496,1288.8
7151485,long,close,1308.05,-144596.0,1307.120975026233,2168950.0,984.6847861519025,0.07856760940638313,0.027635793738771456,0.10620340314515458,151.0537844539335,252.1917222218739,586.4923772601719,476.5629420769121,-91.12434927067562,536.4923772601711,1.0552656991931686,1614524006710.0,0.22460655837862198,1.0,0.22460655837862198,1.0003921993085167,782927.0,0.8722133690960062,1288.8
7151498,long,close,1308.05,-144596.0,1307.120975026233,2024354.0,966.2714917015613,0.07856760940638313,0.027635793738771456,0.10620340314515458,151.08142024767227,252.23738968522633,586.5985806633171,476.6415096863185,-91.12434927067562,536.5985806633163,1.0552697483205722,1614524015447.0,0.24701018111806802,1.0,0.24701018111806802,1.0003921656876156,8737.0,0.8722149546091966,1290.0
7151541,long,close,1308.05,-144596.0,1307.120975026233,1879758.0,945.8630369427342,0.07856760940638313,0.027635793738771456,0.10620340314515458,151.10905604141104,252.28305714857876,586.7047840664623,476.7200772957249,-91.12434927067562,536.7047840664615,1.055273710279144,1614524030203.0,0.26111910403245164,1.0,0.26111910403245164,1.0003921320722002,14756.0,0.8722201989989802,1291.2
7151546,long,close,1308.05,-144596.0,1307.120975026233,1735162.0,923.1165707650209,0.07856760940638313,0.027635793738771456,0.10620340314515458,151.1366918351498,252.3287246119312,586.8109874696074,476.79864490513125,-91.12434927067562,536.8109874696066,1.055277827890884,1614524034064.0,0.2771118216647681,1.0,0.2771118216647681,1.00039209846227,3861.0,0.8722208088117457,1291.2
7151559,long,close,1309.4,-157742.0,1307.120975026233,1577420.0,895.0689259705132,0.2100430455870684,0.030117229265312354,0.24016027485238076,151.1668090644151,252.43199353011772,587.0511477444599,477.0086879507183,-91.12434927067562,537.0511477444591,1.0552872530771489,1614524034669.0,1.0,1.0,1.0,1.000392101194216,605.0,0.8722223943249361,1292.4
7151560,long,close,1309.5,-157742.0,1307.120975026233,1419678.0,863.0153629081034,0.21924265742830926,0.030114929362352043,0.2493575867906613,151.19692399377746,252.53921729243768,587.3005053312504,477.2279306081466,-91.12434927067562,537.3005053312497,1.0552970430629278,1614524034751.0,1.0,1.0,1.0,1.0003921063917396,82.0,0.8722225162874891,1293.6
7151563,long,close,1309.7,-157742.0,1307.120975026233,1261936.0,826.0285578693338,0.23763766658300492,0.030110330610063372,0.2677479971930683,151.22703432438752,252.65434893123074,587.5682533284436,477.4655682747296,-91.12434927067562,537.5682533284428,1.055307549812853,1614524034890.0,1.0,1.0,1.0,1.0003921165409286,139.0,0.8722228821751484,1294.8
7151567,long,close,1309.9,-157742.0,1307.120975026233,1104194.0,782.8790605289827,0.2560270585121966,0.030105733262081075,0.28613279177427764,151.2571400576496,252.77738603169368,587.8543861202179,477.7215953332418,-91.12434927067562,537.8543861202171,1.0553187746594046,1614524034911.0,1.0,1.0,1.0,1.0003921316311175,21.0,0.8722233700253609,1296.0
7151656,long,close,1312.3,-184032.0,1307.120975026233,920162.0,722.3478436976021,0.5556386386607065,0.03505905661815134,0.5906976952788578,151.29219911426773,253.03138604066362,588.4450838154968,478.2772339719025,-91.12434927067562,538.445083815496,1.0553416564823739,1614524054020.0,0.4022911432821937,1.0,0.4022911432821937,1.0003922290571716,19109.0,0.8722342246925873,1296.0
7151762,long,close,1311.0,-184032.0,1307.120975026233,736130.0,647.3569327025617,0.4165790700761298,0.03509382151029748,0.4516728915864273,151.32729293577802,253.2256053840458,588.8967567070832,478.6938130419786,-91.12434927067562,538.8967567070824,1.0553588331978285,1614524089789.0,0.44867360426072195,1.0,0.44867360426072195,1.0003922887376306,35769.0,0.8722471527232165,1297.2
7151772,long,close,1311.75,-184032.0,1307.120975026233,552098.0,551.8251707923882,0.4968393822780838,0.03507375643224699,0.5319131387103307,151.36236669221026,253.45432803369118,589.4286698457935,479.1906524242567,-91.12434927067562,539.4286698457928,1.0553796022167727,1614524093101.0,0.5062678315199927,1.0,0.5062678315199927,1.0003923699615938,3312.0,0.8722483723487475,1298.4
7151773,long,close,1311.95,-552098.0,1307.120975026233,0.0,0.0,1.5546855344886492,0.10520560996989214,1.6598911444585414,151.46757230218014,254.16808122580832,591.088560990252,480.7453379587454,-91.12434927067562,541.0885609902514,1.055444443697446,1614524093178.0,1.0,1.0,1.0,1.0003927548266116,77.0,0.8722484943113006,
7152968,long,entry,1302.0,354955.0,1302.0,354955.0,414.51172581126497,0.0,0.06815572196620583,0.06815572196620583,151.53572802414635,254.1973881862538,591.1567167122181,480.7453379587454,-91.12434927067562,541.1567167122175,1.0554407772843304,1614524532399.0,1.0,1.0,1.0,1.0003927107179056,439221.0,0.8723942395622618,1294.8
7153010,long,close,1302.9,-354955.0,1302.0,0.0,0.0,0.1883188265242013,0.06810864225957479,0.2564274687837761,151.60383666640593,254.30765199783082,591.4131441810019,480.9336567852696,-91.12434927067562,541.4131441810013,1.055450697051995,1614524537900.0,0.6812919223348723,1.0,0.6812919223348723,1.0003927172437863,5501.0,0.8723993619894922,
7168190,long,entry,1331.1,363088.0,1331.1,363088.0,423.77648191815837,0.0,0.06819322364961311,0.06819322364961311,151.67202989005554,254.33697508400016,591.4813374046515,480.9336567852696,-91.12434927067562,541.4813374046508,1.0553539214503016,1614531454318.0,1.0,1.0,1.0,1.0003926731550927,6916418.0,0.8742507535456344,1323.75
7168212,long,close,1332.05,-363088.0,1331.1,0.0,0.0,0.19453793015918586,0.0681445891670733,0.2626825193262592,151.74017447922262,254.44992856731045,591.7440199239778,481.1281947154288,-91.12434927067562,541.7440199239771,1.055363792553475,1614531478521.0,0.6816224169504087,1.0,0.6816224169504087,1.0003926813271753,24203.0,0.8742534367218027,
7168239,long,entry,1330.95,363250.0,1330.95,363250.0,423.7285688233135,0.0,0.06823133851760022,0.06823133851760022,151.8084058177402,254.47926804287306,591.8122512624955,481.1281947154288,-91.12434927067562,541.8122512624948,1.0553661176163098,1614531501402.0,1.0,1.0,1.0,1.0003926372581864,22881.0,0.8742567297107365,1323.75
7168697,long,close,1331.9,-363250.0,1330.95,0.0,0.0,0.1946685835024458,0.0681826713717246,0.2628512548741704,151.87658848911192,254.59229408246892,592.0751025173696,481.3228632989312,-91.12434927067562,542.0751025173689,1.0553731576127456,1614531722871.0,0.680204853718254,1.0,0.680204853718254,1.0003926454392176,221469.0,0.8743125885600589,
7216570,long,entry,1425.8,389354.0,1425.8,389354.0,453.92497957217955,0.0,0.06826939262168608,0.06826939262168608,151.9448578817336,254.62164992129624,592.1433719099913,481.3228632989312,-91.12434927067562,542.1433719099906,1.0548461573098413,1614568974378.0,1.0,1.0,1.0,1.0003926013898938,37251507.0,0.8801513018648807,1418.3
7216660,long,close,1426.8,-389354.0,1425.8,0.0,0.0,0.19139162495564305,0.06822154471544715,0.2596131696710902,152.01307942644905,254.73328358425482,592.4029850796624,481.5142549238869,-91.12434927067562,542.4029850796617,1.0548554653076774,1614569022685.0,0.6813443456846756,1.0,0.6813443456846756,1.000392608666353,48307.0,0.8801622784946601,
7278002,long,entry,1532.05,418601.0,1532.05,418601.0,487.7519333806929,0.0,0.06830733331157599,0.06830733331157599,152.08138675976062,254.7626557375788,592.471292412974,481.5142549238869,-91.12434927067562,542.4712924129733,1.0542362032059804,1614613680407.0,1.0,1.0,1.0,1.000392564636891,44657722.0,0.8876437054272605,1523.2
7278059,long,close,1533.1,-418601.0,1532.05,0.0,0.0,0.18713117207527913,0.06826055051855719,0.2553917225938363,152.14964731027916,254.87247417829414,592.7266841355678,481.70138609596216,-91.12434927067562,542.7266841355671,1.0542456997862344,1614613695644.0,0.6813848950709129,1.0,0.6813848950709129,1.000392570747429,15237.0,0.8876506572927875,
7278291,long,entry,1531.25,418611.0,1531.25,418611.0,487.49721861896546,0.0,0.06834465306122449,0.06834465306122449,152.21799196334038,254.90186237911047,592.795028788629,481.70138609596216,-91.12434927067562,542.7950287886283,1.0542468989229754,1614613797140.0,1.0,1.0,1.0,1.0003925267379605,101496.0,0.887678952605108,1523.2
7278348,long,close,1532.3,-418611.0,1531.25,0.0,0.0,0.1873311641696128,0.0682978202701821,0.25562898443979487,152.28628978361056,255.01178284241956,593.0506577730688,481.8887172601318,-91.12434927067562,543.0506577730681,1.0542562119913144,1614613825955.0,0.6814888643827608,1.0,0.6814888643827608,1.0003925328787275,28815.0,0.887685904470635,
7285097,long,entry,1524.6,417021.0,1524.6,417021.0,485.3802132980972,0.0,0.06838203463203463,0.06838203463203463,152.3546718182426,255.04118711731135,593.1190398077008,481.8887172601318,-91.12434927067562,543.1190398077001,1.054206331961638,1614617639694.0,1.0,1.0,1.0,1.0003924888892402,3813739.0,0.8885090297415442,1516.2
7285130,long,close,1525.65,-417021.0,1524.6,0.0,0.0,0.18825061151284844,0.06833497197915642,0.2565855834920049,152.42300679022176,255.15151891821293,593.3756253911929,482.0769678716446,-91.12434927067562,543.3756253911921,1.0542160253814052,1614617642450.0,0.6815090463923247,1.0,0.6815090463923247,1.0003924952525274,2756.0,0.8885130545057968,
7285420,long,entry,1523.8,417030.0,1523.8,417030.0,485.12506496727514,0.0,0.06841941199632498,0.06841941199632498,152.4914262022181,255.18093926537134,593.4440448031892,482.0769678716446,-91.12434927067562,543.4440448031884,1.054216430346553,1614617801675.0,1.0,1.0,1.0,1.0003924512829383,159225.0,0.8885484236461973,1514.8
7285577,long,close,1524.85,-417030.0,1523.8,0.0,0.0,0.18845232671054377,0.06837229891464734,0.2568246256251911,152.55979850113275,255.29137385439012,593.7008694288143,482.2654201983552,-91.12434927067562,543.7008694288136,1.0542256009963822,1614617842697.0,0.6811429458955107,1.0,0.6811429458955107,1.0003924576764756,41022.0,0.8885675717670349,
7285632,long,entry,1523.15,417081.0,1523.15,417081.0,484.9184510077216,0.0,0.06845698059941568,0.06845698059941568,152.62825548173217,255.32081035604787,593.7693264094137,482.2654201983552,-91.12434927067562,543.769326409413,1.0542277959188273,1614617871724.0,1.0,1.0,1.0,1.000392413726807,29027.0,0.8885742797074557,1514.8
7285659,long,close,1524.2,-417081.0,1523.15,0.0,0.0,0.18863621474708023,0.0684098215457289,0.25704603629280914,152.6966653032779,255.4313401516538,594.0263724457066,482.45405641310225,-91.12434927067562,544.0263724457058,1.0542373869709896,1614617882389.0,0.6814985543463241,1.0,0.6814985543463241,1.0003924201457992,10665.0,0.8885775726963896,
7287215,long,entry,1520.15,416487.0,1520.15,416487.0,483.962765266055,0.0,0.0684943920007894,0.0684943920007894,152.7651596952787,255.46079274021417,594.0948668377074,482.45405641310225,-91.12434927067562,544.0948668377066,1.0542232833627256,1614619096739.0,1.0,1.0,1.0,1.000392376215981,1214350.0,0.8887673464290218,1512.0
7287497,long,close,1521.2,-416487.0,1520.15,0.0,0.0,0.18911152143263615,0.06844711412043124,0.2575586355530674,152.83360680939913,255.57154295350202,594.3524254732605,482.64316793453486,-91.12434927067562,544.3524254732597,1.0542322899004395,1614619150729.0,0.6808686018687405,1.0,0.6808686018687405,1.0003923827380246,53990.0,0.8888017398689976,
7287515,long,entry,1519.2,416456.0,1519.2,416456.0,483.6609732325437,0.0,0.06853212216956292,0.06853212216956292,152.9021389315687,255.60101176603493,594.4209575954301,482.64316793453486,-91.12434927067562,544.4209575954293,1.0542346944365657,1614619164456.0,1.0,1.0,1.0,1.0003923388280929,13727.0,0.8888039351949535,1510.6
7287655,long,close,1520.25,-416456.0,1519.2,0.0,0.0,0.1893339339662343,0.06848478868607137,0.25781872265230565,152.97062372025476,255.71187381677544,594.6787763180824,482.8325018685011,-91.12434927067562,544.6787763180816,1.0542437038564565,1614619218548.0,0.6811517085948028,1.0,0.6811517085948028,1.000392345385633,54092.0,0.8888210099523882,
7287684,long,entry,1518.7,416547.0,1518.7,416547.0,483.5013654576446,0.0,0.06856966484493315,0.06856966484493315,153.0391933850997,255.74135877265877,594.7473459829274,482.8325018685011,-91.12434927067562,544.7473459829266,1.0542461450392857,1614619229606.0,1.0,1.0,1.0,1.0003923014955072,11058.0,0.8888245468664283,1510.6
7287766,long,close,1519.75,-416547.0,1518.7,0.0,0.0,0.18949997851533784,0.06852228985030433,0.2580222683656422,153.10771567495001,255.852308348056,595.005368251293,483.02200184701644,-91.12434927067562,545.0053682512922,1.0542550622928677,1614619290555.0,0.6815193719608441,1.0,0.6815193719608441,1.000392308073387,60949.0,0.888834547795783,
7288039,long,entry,1517.75,416515.0,1517.75,416515.0,483.1988737600101,0.0,0.06860731345742052,0.06860731345742052,153.17632298840743,255.88180949284268,595.0739755647504,483.02200184701644,-91.12434927067562,545.0739755647496,1.0542547364815682,1614619502793.0,1.0,1.0,1.0,1.0003922642030694,212238.0,0.8888678435727808,1509.2
7288149,long,close,1518.8,-416515.0,1517.75,0.0,0.0,0.18972262083299182,0.06855988280221227,0.2582825036352041,153.24488287120965,255.9928709694058,595.3322580683856,483.2117244678494,-91.12434927067562,545.3322580683848,1.0542638472506325,1614619549951.0,0.6813092772985027,1.0,0.6813092772985027,1.0003922708163062,47158.0,0.8888812594536224,
7293292,long,entry,1511.4,415000.0,1511.4,415000.0,481.1770576972501,0.0,0.06864496493317454,0.06864496493317454,153.31352783614284,256.0223883043271,595.4009030333187,483.2117244678494,-91.12434927067562,545.400903033318,1.054204392820378,1614624065769.0,1.0,1.0,1.0,1.0003922269657668,4515818.0,0.8895085128642443,1502.2
7294199,long,close,1512.45,-415000.0,1511.4,0.0,0.0,0.19062372489625057,0.06859730900195048,0.25922103389820106,153.38212514514478,256.13385334890324,595.6601240672169,483.40234819274565,-91.12434927067562,545.6601240672162,1.0542086193840254,1614624470234.0,0.6802385315674839,1.0,0.6802385315674839,1.000392233794567,404465.0,0.8896191328999109,
7318290,long,entry,1558.95,428293.0,1558.95,428293.0,496.31610710201215,0.0,0.0686829276115334,0.0686829276115334,153.45080807275633,256.16338700777624,595.7288069948285,483.40234819274565,-91.12434927067562,545.7288069948278,1.0539527113030565,1614643394910.0,1.0,1.0,1.0,1.000392189963809,18924676.0,0.8925573327667766,1550.05
7318726,long,close,1560.05,-428293.0,1558.95,0.0,0.0,0.1937148690687648,0.06863449889426622,0.26234936796303104,153.5194425716506,256.27619723600037,595.9911563627916,483.5960630618144,-91.12434927067562,545.9911563627908,1.0539594244527009,1614643624989.0,0.6805380361083855,1.0,0.6805380361083855,1.0003921975892462,230079.0,0.8926105084399306,
7319168,long,entry,1556.45,427843.0,1556.45,427843.0,495.5195470005277,0.0,0.06872096758649492,0.06872096758649492,153.5881635392371,256.3057472520626,596.0598773303781,483.5960630618144,-91.12434927067562,546.0598773303773,1.0539559081863108,1614644073213.0,1.0,1.0,1.0,1.0003921537780516,448224.0,0.8926644158884033,1547.15
7319178,long,close,1557.55,-427843.0,1556.45,0.0,0.0,0.19413325888767774,0.06867243427177298,0.26280569315945074,153.65683597350886,256.4187537001211,596.3226830235375,483.7901963207021,-91.12434927067562,546.3226830235367,1.0539656724821695,1614644079614.0,0.6817267987664412,1.0,0.6817267987664412,1.000392161489201,6401.0,0.8926656355139343,
7319230,long,entry,1556.25,428026.0,1556.25,428026.0,495.45588590321563,0.0,0.06875919678714859,0.06875919678714859,153.725595170296,256.4483201547396,596.3914422203246,483.7901963207021,-91.12434927067562,546.3914422203238,1.0539676762609849,1614644121757.0,1.0,1.0,1.0,1.0003921176975756,42143.0,0.8926719775666958,1547.15
7319542,long,reentry,1547.15,793132.0,1550.3396254211168,1221158.0,895.6228054919184,0.0,0.1281601654655334,0.1281601654655334,153.85375533576155,256.5034290258897,596.5196023857901,483.7901963207021,-91.12434927067562,546.5196023857893,1.0539714176082706,1614644199763.0,0.6797518674273055,1.0,0.6797518674273055,1.0003920896708998,78006.0,0.8927100298832648,1537.2
7319981,long,close,1551.4,-174451.0,1550.3396254211168,1046707.0,834.7279515367612,0.0769098804570586,0.02811186670104422,0.10502174715810282,153.8818672024626,256.5485883771677,596.6246241329482,483.8671062011591,-91.12434927067562,546.6246241329474,1.0539716550626743,1614644471652.0,0.4200273236251136,1.0,0.4200273236251136,1.0003920555119272,271889.0,0.8927635714440781,1538.6
7320063,long,close,1551.4,-174451.0,1550.3396254211168,872256.0,762.1775995625414,0.0769098804570586,0.02811186670104422,0.10502174715810282,153.90997906916363,256.5937477284457,596.7296458801062,483.94401608161616,-91.12434927067562,546.7296458801054,1.0539748781434648,1614644523882.0,0.4617089369080021,1.0,0.4617089369080021,1.0003920213588555,52230.0,0.8927735723734328,1538.6
7320222,long,close,1555.85,-218064.0,1550.3396254211168,654192.0,649.0495502786488,0.49816191763987655,0.0350393675482855,0.533201285188162,153.9450184367119,256.8230242810766,597.2628471652944,484.44217799925605,-91.12434927067562,547.2628471652936,1.0539930740134669,1614644653475.0,0.5088903640178218,1.0,0.5088903640178218,1.0003921006052783,129593.0,0.8927929644193765,1540.0
7320224,long,close,1555.95,-654192.0,1550.3396254211168,0.0,0.0,1.5215092697794135,0.10511134676564157,1.626620616545055,154.05012978347756,257.5224711461909,598.8894677818394,485.96368726903546,-91.12434927067562,548.8894677818387,1.05405383013853,1614644655008.0,1.0,1.0,1.0,1.0003924685961207,1533.0,0.8927932083444827,
7320651,long,entry,1551.55,428570.0,1551.55,428570.0,493.959458829343,0.0,0.06905513840997712,0.06905513840997712,154.11918492188752,257.55216485570725,598.9585229202494,485.96368726903546,-91.12434927067562,548.9585229202487,1.054052258678137,1614644959660.0,1.0,1.0,1.0,1.0003924247974674,304652.0,0.8928452863546588,1542.8
7320953,long,close,1552.65,-428570.0,1551.55,0.0,0.0,0.19569291791706758,0.06900621518049786,0.26469913309756543,154.18819113706803,257.66598548293916,599.223222053347,486.15938018695255,-91.12434927067562,549.2232220533463,1.0540588597373488,1614645199956.0,0.6804712731552216,1.0,0.6804712731552216,1.0003924326183684,240296.0,0.8928821190456967,
7331219,long,entry,1552.5,429072.0,1552.5,429072.0,494.26238806571416,0.0,0.06909371980676329,0.06909371980676329,154.2572848568748,257.6956957824561,599.2923157731537,486.15938018695255,-91.12434927067562,549.2923157731531,1.0539652254417247,1614652278417.0,1.0,1.0,1.0,1.0003923888392614,7078461.0,0.8941341866158782,1544.25
7331298,long,close,1553.6,-429072.0,1552.5,0.0,0.0,0.19568252262471053,0.0690447991761071,0.26472732180081765,154.32632965605092,257.80952853083045,599.5570430949546,486.3550627095773,-91.12434927067562,549.5570430949539,1.053974377887048,1614652329826.0,0.6813471806680973,1.0,0.6813471806680973,1.000392396631927,51409.0,0.8941438216575736,
7331341,long,entry,1552.15,429214.0,1552.15,429214.0,494.1507644339134,0.0,0.06913217150404277,0.06913217150404277,154.39546182755495,257.8392553645772,599.6261752664586,486.3550627095773,-91.12434927067562,549.626175266458,1.053976539141716,1614652360061.0,1.0,1.0,1.0,1.0003923528723193,30235.0,0.8941490660473571,1542.8
7331386,long,close,1553.25,-429214.0,1552.15,0.0,0.0,0.1958355413602061,0.06908321261870272,0.2649187539789088,154.46454504017365,257.95317042878816,599.8910940204375,486.5508982509375,-91.12434927067562,549.8910940204369,1.0539857566091935,1614652406783.0,0.6814602176020671,1.0,0.6814602176020671,1.0003923606797753,46722.0,0.8941545543622468,
7332172,long,entry,1550.3,428941.0,1550.3,428941.0,493.5615671179644,0.0,0.06917064439140812,0.06917064439140812,154.53371568456507,257.9829138058765,599.960264664829,486.5508982509375,-91.12434927067562,549.9602646648283,1.0539783856991163,1614653139415.0,1.0,1.0,1.0,1.0003923169396476,732632.0,0.8942504169289878,1541.4
7332178,long,close,1551.4,-428941.0,1550.3,0.0,0.0,0.19617818442839438,0.06912159984530102,0.2652997842736954,154.60283728441036,258.09699271311416,600.2255644491026,486.7470764353659,-91.12434927067562,550.225564449102,1.0539878971483485,1614653164983.0,0.6816142645349217,1.0,0.6816142645349217,1.0003923248117133,25568.0,0.8942511487043064,
7339295,long,entry,1551.55,429527.0,1551.55,429527.0,493.96015586603016,0.0,0.06920933904804874,0.06920933904804874,154.6720466234584,258.12675272890476,600.2947737881507,486.7470764353659,-91.12434927067562,550.29477378815,1.0538775061853296,1614661505970.0,1.0,1.0,1.0,1.0003922810910857,8340987.0,0.8951191561947586,1542.8
7340151,long,reentry,1542.8,795913.0,1545.8669484022066,1225440.0,892.9866345061448,0.0,0.12897216100596318,0.12897216100596318,154.8010187844644,258.1822107581374,600.4237459491567,486.7470764353659,-91.12434927067562,550.423745949156,1.0538726626319541,1614662218126.0,0.6798184048834677,1.0,0.6798184048834677,1.0003922530934877,712156.0,0.895223556140217,1533.0
7340704,long,close,1546.95,-175062.0,1545.8669484022066,1050378.0,832.265787389637,0.0792852946595619,0.028291476776883547,0.10757677143644545,154.82931026124126,258.22846876985506,600.5313227205932,486.82636173002544,-91.12434927067562,550.5313227205925,1.0538707461359038,1614662654980.0,0.41902564359900796,1.0,0.41902564359900796,1.0003922194749826,436854.0,0.8952910014320843,1533.0
7340735,long,close,1546.95,-175063.0,1545.8669484022066,875315.0,759.923399100701,0.0792857475579331,0.028291638385209605,0.10757738594314271,154.85760189962647,258.2747270458106,600.6389001065363,486.9056474775834,-91.12434927067562,550.6389001065356,1.0538742235195122,1614662692520.0,0.4618043278649528,1.0,0.4618043278649528,1.0003921858621816,37540.0,0.8952947822712306,1534.4
7340797,long,close,1546.95,-175063.0,1545.8669484022066,700252.0,672.2705305786185,0.0792857475579331,0.028291638385209605,0.10757738594314271,154.8858935380117,258.32098532176616,600.7464774924795,486.98493322514133,-91.12434927067562,550.7464774924788,1.0538774707402903,1614662747039.0,0.5087125684634723,1.0,0.5087125684634723,1.0003921522549228,54519.0,0.8953023439495231,1535.8
7340800,long,close,1547.35,-700252.0,1545.8669484022066,0.0,0.0,0.4341601393352574,0.11313729925356254,0.54729743858882,154.99903083726525,258.5563232203594,601.2937749310684,487.41909336447657,-91.12434927067562,551.2937749310676,1.0538976818350734,1614662750396.0,0.5655202413374145,1.0,0.5655202413374145,1.0003922340496578,3357.0,0.8953027098371824,
7341331,long,entry,1544.7,428391.0,1544.7,428391.0,491.7787888083697,0.0,0.06933239463973587,0.06933239463973587,155.06836323190498,258.5861361500545,601.3631073257081,487.41909336447657,-91.12434927067562,551.3631073257073,1.0538925937540728,1614663316670.0,1.0,1.0,1.0,1.0003921903846693,566274.0,0.8953674719528815,1535.8
7341461,long,close,1545.8,-428391.0,1544.7,0.0,0.0,0.1973492925441623,0.06928305731659982,0.2666323498607621,155.13764628922158,258.70078806049463,601.6297396755689,487.61644265702074,-91.12434927067562,551.6297396755681,1.0539007114605978,1614663445548.0,0.6810566257160843,1.0,0.6810566257160843,1.0003921984534374,128878.0,0.8953833270847852,
7342160,long,entry,1542.8,428103.0,1542.8,428103.0,491.1737863916226,0.0,0.06937111096707285,0.06937111096707285,155.20701740018865,258.73061763821045,601.6991107865359,487.61644265702074,-91.12434927067562,551.6991107865351,1.0538891314984897,1614664492398.0,1.0,1.0,1.0,1.0003921548078185,1046850.0,0.895468578909406,1534.4
7342214,long,close,1543.85,-428103.0,1542.8,0.0,0.0,0.18872213366691368,0.06932393043365613,0.2580460641005698,155.2763413306223,258.84157744577374,601.9571568506366,487.8051647906876,-91.12434927067562,551.9571568506357,1.053898070541088,1614664536430.0,0.6813456686183842,1.0,0.6813456686183842,1.0003921605920634,44032.0,0.8954751648872736,
7342274,long,entry,1542.45,428239.0,1542.45,428239.0,491.06251000509593,0.0,0.06940889493986839,0.06940889493986839,155.34575022556217,258.87142327059786,602.0265657455765,487.8051647906876,-91.12434927067562,552.0265657455756,1.0539000085811019,1614664582740.0,1.0,1.0,1.0,1.0003921169661727,46310.0,0.89548248264046,1534.4
7342286,long,close,1543.5,-428239.0,1542.45,0.0,0.0,0.1888677413329681,0.06936167800453515,0.25822941933750326,155.4151119035667,258.982461920913,602.2847951649139,487.9940325320206,-91.12434927067562,552.284795164913,1.053909405251936,1614664593006.0,0.6816037670977787,1.0,0.6816037670977787,1.000392122765787,10266.0,0.8954839461910973,
7342472,long,entry,1541.95,428333.0,1541.95,428333.0,490.9031754469816,0.0,0.0694466422387237,0.0694466422387237,155.4845585458054,259.01232397707565,602.3542418071527,487.9940325320206,-91.12434927067562,552.3542418071518,1.0539084096369449,1614664856416.0,1.0,1.0,1.0,1.0003920791595902,263410.0,0.8955066312259748,1533.0
7342494,long,close,1543.0,-428333.0,1541.95,0.0,0.0,0.1890316898266996,0.06939938431626702,0.2584310741429666,155.55395793012167,259.12344933895713,602.6126728812957,488.1830642218473,-91.12434927067562,552.6126728812948,1.0539172238137362,1614664909910.0,0.6815935297895369,1.0,0.6815935297895369,1.0003920849793058,53494.0,0.8955093144021432,
7342877,long,entry,1541.0,428303.0,1541.0,428303.0,490.60140861130134,0.0,0.06948458792991563,0.06948458792991563,155.62344251805158,259.15332771176696,602.6821574692256,488.1830642218473,-91.12434927067562,552.6821574692246,1.0539118458119767,1614665497635.0,1.0,1.0,1.0,1.000392041392829,587725.0,0.8955560260599826,1533.0
7342939,long,close,1542.05,-428303.0,1541.0,0.0,0.0,0.1892514959343734,0.06943727505593203,0.2586887709903054,155.6928797931075,259.26456388329285,602.9408462402159,488.3723157177817,-91.12434927067562,552.9408462402149,1.053920874404166,1614665535477.0,0.6813241905740166,1.0,0.6813241905740166,1.0003920472472214,37842.0,0.8955635877382752,
7343040,long,entry,1540.55,428411.0,1540.55,428411.0,490.4580598392578,0.0,0.06952241082730194,0.06952241082730194,155.76240220393478,259.2944585199486,603.0103686510432,488.3723157177817,-91.12434927067562,553.0103686510422,1.053922004255451,1614665641546.0,1.0,1.0,1.0,1.0003920036804024,106069.0,0.8955759059561389,1531.6
7343814,long,close,1541.6,-428411.0,1540.55,0.0,0.0,0.18940978559593802,0.06947505838090297,0.258884843976841,155.8318772623157,259.4057790028586,603.26925349502,488.56172550337766,-91.12434927067562,553.269253495019,1.0539247674291972,1614666143170.0,0.6799516722638534,1.0,0.6799516722638534,1.0003920095532919,501624.0,0.8956703049722425,
7371591,long,entry,1557.3,433305.0,1557.3,433305.0,495.7907747103566,0.0,0.06956029666730881,0.06956029666730881,155.901437558983,259.43568993042555,603.3388137916874,488.56172550337766,-91.12434927067562,553.3388137916863,1.0535419845621135,1614694866766.0,1.0,1.0,1.0,1.0003919660061218,28723596.0,0.8990580588098552,1548.6
7372211,long,close,1558.4,-433305.0,1557.3,0.0,0.0,0.19639714151450952,0.06951119738193018,0.2659083388964397,155.97094875636492,259.550030516151,603.6047221305838,488.7581226448922,-91.12434927067562,553.6047221305828,1.0535472537856727,1614695201052.0,0.6805986312060837,1.0,0.6805986312060837,1.000391973677748,334286.0,0.8991336755927807,
7372445,long,entry,1554.6,432794.0,1554.6,432794.0,494.9309625879022,0.0,0.06959893220120933,0.06959893220120933,156.04054768856614,259.57995805699755,603.674321062785,488.7581226448922,-91.12434927067562,553.674321062784,1.0535468705147286,1614695420803.0,1.0,1.0,1.0,1.0003919301499116,219751.0,0.8991622148302074,1545.7
7372549,long,close,1555.7,-432794.0,1554.6,0.0,0.0,0.1968472724081617,0.06954972038310729,0.266396992791269,156.11009740894923,259.6945087638978,603.9407180555762,488.95496991730033,-91.12434927067562,553.9407180555752,1.0535560756079507,1614695460468.0,0.6811525446365584,1.0,0.6811525446365584,1.0003919379135484,39665.0,0.8991748989357303,
7373158,long,entry,1552.75,432519.0,1552.75,432519.0,494.34151698749804,0.0,0.06963757848977621,0.06963757848977621,156.17973498743902,259.72445292264837,604.010355634066,488.95496991730033,-91.12434927067562,554.0103556340649,1.053551553057831,1614695990950.0,1.0,1.0,1.0,1.0003918944050028,530482.0,0.8992491741305716,1544.25
7373298,long,close,1553.85,-432519.0,1552.75,0.0,0.0,0.19719107079510678,0.06958828072207743,0.26677935151718424,156.2493232681611,259.8391680438008,604.2771349855832,489.15216098809543,-91.12434927067562,554.277134985582,1.0535605047587515,1614696050183.0,0.6811419892363028,1.0,0.6811419892363028,1.0003919022327468,59233.0,0.8992662488880064,
7374545,long,entry,1549.45,431841.0,1549.45,431841.0,493.29154167189455,0.0,0.06967649811223338,0.06967649811223338,156.31899976627335,259.86912893798905,604.3468114836954,489.15216098809543,-91.12434927067562,554.3468114836943,1.0535465024843764,1614697292602.0,1.0,1.0,1.0,1.0003918587435254,1242419.0,0.8994183361917291,1541.4
7375315,long,close,1550.55,-431841.0,1549.45,0.0,0.0,0.19772119034785077,0.06962706781464642,0.2673482581624972,156.388626834088,259.9840886889989,604.6141597418579,489.3498821784433,-91.12434927067562,554.6141597418568,1.0535525719086,1614697569253.0,0.679982132620653,1.0,0.679982132620653,1.0003918666837235,276651.0,0.8995122473576203,
7375678,long,entry,1545.85,431078.0,1545.85,431078.0,492.1454646408575,0.0,0.06971536695022157,0.06971536695022157,156.45834220103822,260.0140662967875,604.6838751088081,489.3498821784433,-91.12434927067562,554.6838751088071,1.053550920609467,1614697884249.0,1.0,1.0,1.0,1.0003918232137619,314996.0,0.8995565197643977,1537.2
7375719,long,close,1546.95,-431078.0,1545.85,0.0,0.0,0.19829187406249266,0.06966579398170593,0.26795766804419857,156.52800799501992,260.1292880940465,604.9518327768524,489.5481740525058,-91.12434927067562,554.9518327768513,1.053560180170086,1614697922463.0,0.6815623004588435,1.0,0.6815623004588435,1.0003918312766555,38214.0,0.899561520229075,
7377464,long,entry,1543.3,430607.0,1543.3,430607.0,491.33342746158274,0.0,0.0697542603511955,0.0697542603511955,156.59776225537112,260.1592824259975,605.0215870372035,489.5481740525058,-91.12434927067562,555.0215870372025,1.0535420724739812,1614699473906.0,1.0,1.0,1.0,1.0003917878259065,1551443.0,0.8997743448842441,1534.4
7377724,long,reentry,1534.4,797914.0,1537.5195252665603,1228521.0,888.1965619618413,0.0,0.1300042361835245,0.1300042361835245,156.72776649155466,260.2151842475564,605.151591273387,489.5481740525058,-91.12434927067562,555.151591273386,1.0535465103542998,1614699496259.0,0.679777477458479,1.0,0.679777477458479,1.0003917600332424,22353.0,0.8998060551480516,1524.6
7377827,long,close,1538.6,-175503.0,1537.5195252665603,1053018.0,827.8035456964406,0.08015909259181432,0.028516670999610035,0.10867576359142436,156.75628316255427,260.2619148259007,605.2602670369783,489.6283331450976,-91.12434927067562,555.2602670369774,1.0535503603643301,1614699504348.0,0.4209553673891119,1.0,0.4209553673891119,1.0003917267054319,8089.0,0.8998186172910214,1526.0
7377906,long,close,1538.6,-175503.0,1537.5195252665603,877515.0,755.8516510223253,0.08015909259181432,0.028516670999610035,0.10867576359142436,156.78479983355388,260.30864540424494,605.3689428005697,489.7084922376894,-91.12434927067562,555.3689428005689,1.0535541635109207,1614699515905.0,0.4616787217061027,1.0,0.4616787217061027,1.000391693383025,11557.0,0.8998282523327168,1526.0
7377946,long,close,1538.6,-175503.0,1537.5195252665603,702012.0,668.6712500578211,0.08015909259181432,0.028516670999610035,0.10867576359142436,156.81331650455348,260.35537598258924,605.477618564161,489.78865133028125,-91.12434927067562,555.4776185641604,1.0535579452843487,1614699529014.0,0.5084371274202028,1.0,0.5084371274202028,1.0003916600660214,13109.0,0.899833130834841,1527.4
7377951,long,close,1539.0,-702012.0,1537.5195252665603,0.0,0.0,0.4392242159797003,0.11403703703703703,0.5532612530167373,156.92735354159052,260.5932783213865,606.0308798171778,490.227875546261,-91.12434927067562,556.0308798171772,1.0535780568827555,1614699530405.0,0.5655016406914968,1.0,0.5655016406914968,1.0003917420069637,1391.0,0.8998337406476066,
7377969,long,entry,1539.85,430411.0,1539.85,430411.0,490.2352677369153,0.0,0.06987872195343703,0.06987872195343703,156.99723226354396,260.6233261718264,606.1007585391312,490.227875546261,-91.12434927067562,556.1007585391305,1.0535805861857388,1614699531300.0,1.0,1.0,1.0,1.0003916986111616,895.0,0.8998359359735624,1531.6
7378000,long,close,1540.9,-430411.0,1539.85,0.0,0.0,0.190467020705115,0.06983110519826076,0.26029812590337575,157.06706336874223,260.73525436596486,606.3610566650345,490.4183425669661,-91.12434927067562,556.361056665034,1.053589884701335,1614699543690.0,0.68151030194126,1.0,0.68151030194126,1.0003917045377357,12390.0,0.8998397168127087,
7378147,long,entry,1540.85,430925.0,1540.85,430925.0,490.5535053049399,0.0,0.06991676671966772,0.06991676671966772,157.1369801354619,260.7653185756543,606.4309734317542,490.4183425669661,-91.12434927067562,556.4309734317536,1.0535920375360943,1614699572855.0,1.0,1.0,1.0,1.0003916611614265,29165.0,0.8998576453080153,1531.6
7378515,long,reentry,1531.6,798504.0,1534.842201257657,1229429.0,886.709944721312,0.0,0.13033820840950638,0.13033820840950638,157.2673183438714,260.82136400527037,606.5613116401637,490.4183425669661,-91.12434927067562,556.5613116401631,1.0535957150968516,1614699652369.0,0.6797012795501681,1.0,0.6797012795501681,1.0003916334315754,79514.0,0.8999025275275581,1521.8
7379074,long,reentry,1521.8,2278131.0,1526.3714001898757,3507560.0,1232.7486405417899,0.0,0.3742494085950848,0.3742494085950848,157.6415677524665,260.9822912509663,606.9355610487588,490.4183425669661,-91.12434927067562,556.9355610487582,1.0536086636442943,1614699700866.0,0.4173090555470268,1.0,0.4173090555470268,1.0003916687794923,48497.0,0.899970704594744,1500.8
7383553,long,reentry,1500.8,800944.0,1521.61771780878,4308504.0,1280.2829896450576,0.0,0.13341950959488272,0.13341950959488272,157.7749872620614,261.0396616400921,607.0689805583537,490.4183425669661,-91.12434927067562,557.0689805583531,1.053600429641698,1614700682789.0,0.17857828383022498,1.0,0.17857828383022498,1.0003916418254923,981923.0,0.9005169748701037,0.05
7431990,long,close,1522.7,-226763.0,1521.61771780878,4081741.0,1267.5327212031682,0.10592361689495022,0.03723041308202535,0.14315402997697557,157.81221767514342,261.1012178729822,607.2121345883307,490.524266183861,-91.12434927067562,557.2121345883301,1.0531768448489862,1614733139672.0,0.12059416173022107,1.0,0.12059416173022107,1.0003916173873302,32456883.0,0.906424475054877,1492.4
7432011,long,close,1522.7,-214828.0,1521.61771780878,3866913.0,1254.3467611258952,0.10034864052031578,0.035270900374335064,0.13561954089465084,157.84748857551776,261.15953427556695,607.3477541292255,490.62461482438135,-91.12434927067562,557.3477541292247,1.0531815603028163,1614733152266.0,0.16749353308386047,1.0,0.16749353308386047,1.0003915910023096,12594.0,0.9064270362684923,1493.8
7432047,long,close,1523.65,-214828.0,1521.61771780878,3652085.0,1239.8934462308916,0.1883146572712053,0.03524890887014734,0.22356356614135264,157.88273748438792,261.25566660900773,607.5713176953668,490.81292948165253,-91.12434927067562,557.571317695366,1.0531891787263765,1614733184655.0,0.17623513421823395,1.0,0.17623513421823395,1.0003915873194191,32389.0,0.906431426920404,1495.2
7432070,long,close,1524.6,-214828.0,1521.61771780878,3437257.0,1223.9882545360626,0.27617104826329114,0.03522694477239932,0.3113979930356905,157.91796442916032,261.3895677460131,607.8827156884025,491.0891005299158,-91.12434927067562,557.8827156884017,1.0532002529933047,1614733194094.0,0.18634153871385523,1.0,0.18634153871385523,1.0003916062746685,9439.0,0.9064342320591255,1496.6
7432097,long,close,1525.55,-214828.0,1521.61771780878,3222429.0,1206.4090129486183,0.36391801829712356,0.035205008029890864,0.3991230263270144,157.9531694371902,261.56119064733366,608.2818387147295,491.4530185482129,-91.12434927067562,558.2818387147288,1.0532145963928792,1614733194171.0,0.19730579759578798,1.0,0.19730579759578798,1.0003916477944377,77.0,0.9064375250480593,1498.0
7432117,long,close,1525.55,-201401.0,1521.61771780878,3021028.0,1188.2060272778956,0.3411727186542675,0.033004654059191764,0.3741773727134593,157.9861740912494,261.72208691760045,608.6560160874429,491.7941912668672,-91.12434927067562,558.6560160874423,1.0532280354848642,1614733194202.0,0.20917141071870318,1.0,0.20917141071870318,1.0003916828093877,31.0,0.9064399642991214,1498.0
7432225,long,close,1523.7,-177707.0,1521.61771780878,2843321.0,1170.6122665640187,0.15960228177142227,0.029157150357681957,0.18875943212910423,158.0153312416071,261.80325347341596,608.8447755195721,491.9537935486386,-91.12434927067562,558.8447755195714,1.0532338813415538,1614733265153.0,0.21967161799573418,1.0,0.21967161799573418,1.0003916700315156,70951.0,0.9064531362548569,1499.4
7432226,long,close,1523.75,-177707.0,1521.61771780878,2665614.0,1151.2902392547355,0.16342930724904378,0.029156193601312552,0.19258550085035633,158.04448743520842,261.88606523878167,609.0373610204225,492.11722285588763,-91.12434927067562,559.0373610204217,1.053240766970255,1614733267148.0,1.0,1.0,1.0,1.0003916582270205,1995.0,0.90645325821741,1500.8
7432823,long,close,1522.7,-166600.0,1521.61771780878,2499014.0,1131.4095985524325,0.07782078458434007,0.027352728705588757,0.10517351328992883,158.071840163914,261.93128984949635,609.1425345337125,492.19504364047197,-91.12434927067562,559.1425345337117,1.0532356845997652,1614733942174.0,0.24124938922810452,1.0,0.24124938922810452,1.0003916239288095,675026.0,0.906526069861614,1500.8
7432911,long,close,1522.7,-166600.0,1521.61771780878,2332414.0,1109.5133503548384,0.07782078458434007,0.027352728705588757,0.10517351328992883,158.09919289261958,261.97651446021104,609.2477080470024,492.2728644250563,-91.12434927067562,559.2477080470017,1.0532384493576379,1614734018990.0,0.2557250280877332,1.0,0.2557250280877332,1.0003915896366715,76816.0,0.9065368025662872,1502.2
7432946,long,close,1524.0,-179416.0,1521.61771780878,2152998.0,1083.2519133167536,0.1843163453793439,0.02943175853018373,0.21374810390952764,158.12862465114978,262.06842614489216,609.461456150912,492.4571807704356,-91.12434927067562,559.4614561509112,1.0532459901781817,1614734028437.0,0.27139916577696455,1.0,0.27139916577696455,1.0003915832563581,9447.0,0.906541071255646,1503.6
7433009,long,close,1525.55,-195727.0,1521.61771780878,1957271.0,1050.8415041934147,0.33156097886328184,0.03207482547278031,0.36363580433606213,158.16069947662257,262.2247895407567,609.8250919552481,492.78874174929894,-91.12434927067562,559.8250919552472,1.053258273942305,1614734085568.0,0.28925141833426044,1.0,0.28925141833426044,1.0003916153550996,57131.0,0.9065487548964916,1505.0
7433019,long,close,1526.15,-217474.0,1521.61771780878,1739797.0,1009.2860693203882,0.42444508337181214,0.03562461094912033,0.4600696943209325,158.1963240875717,262.42261950931464,610.285161649569,493.2131868326708,-91.12434927067562,560.2851616495682,1.0532747508905107,1614734085705.0,1.0,1.0,1.0,1.000391672132031,137.0,0.9065499745220227,1506.4
7433990,long,close,1522.7,-173979.0,1521.61771780878,1565818.0,971.047653006629,0.0812676007274844,0.02856422801602417,0.10983182874350857,158.22488831558772,262.4698471956744,610.3949934783126,493.29445443339824,-91.12434927067562,560.3949934783117,1.0532579642164919,1614735664552.0,0.3330782242571856,1.0,0.3330782242571856,1.0003916389979957,1578847.0,0.9066684001610882,1506.4
7434076,long,close,1522.7,-173979.0,1521.61771780878,1391839.0,927.1399720599507,0.0812676007274844,0.02856422801602417,0.10983182874350857,158.25345254360374,262.51707488203414,610.5048253070562,493.3757220341257,-91.12434927067562,560.5048253070552,1.0532605183375987,1614735769426.0,0.3620761706696696,1.0,0.3620761706696696,1.0003916058692626,104874.0,0.9066788889406552,1507.8
7434090,long,close,1522.7,-173979.0,1521.61771780878,1217860.0,876.2012838423125,0.0812676007274844,0.02856422801602417,0.10983182874350857,158.28201677161977,262.5643025683939,610.6146571357998,493.4569896348532,-91.12434927067562,560.6146571357987,1.0532640891029101,1614735796740.0,0.39098106738926613,1.0,0.39098106738926613,1.0003915727458308,27314.0,0.9066805964163986,1509.2
7434152,long,close,1525.55,-202976.0,1521.61771780878,1014884.0,805.2420112760897,0.3438407641549377,0.033262757693946446,0.3771035218488841,158.3152795293137,262.72645708278895,610.9917606576487,493.80083039900813,-91.12434927067562,560.9917606576475,1.0532766212146483,1614735869361.0,0.42461171273817144,1.0,0.42461171273817144,1.00039160809417,72621.0,0.9066881580946913,1509.2
7434161,long,close,1526.15,-202976.0,1521.61771780878,811908.0,717.9856984739164,0.3961492649350126,0.03324968056875143,0.42939894550376406,158.34852920988246,262.91109862935554,611.4211596031524,494.1969796639431,-91.12434927067562,561.4211596031513,1.053291768009355,1614735884454.0,1.0,1.0,1.0,1.000391656754414,15093.0,0.9066892557576692,1510.6
7434178,long,close,1527.0,-202977.0,1521.61771780878,608931.0,608.1076336794682,0.4701849238375917,0.033231335952848724,0.5034162597904405,158.3817605458353,263.12756762106545,611.9245758629429,494.6671645877807,-91.12434927067562,561.9245758629418,1.0533096307132344,1614735893118.0,0.5295752999351899,1.0,0.5295752999351899,1.0003917242453402,8664.0,0.906691329121072,1512.0
7434186,long,close,1527.2,-608931.0,1521.61771780878,0.0,0.0,1.4627779291128464,0.09968095206914615,1.5624588811819926,158.48144149790446,263.7994249399737,613.4870347441248,496.12994251689355,-91.12434927067562,563.4870347441238,1.0533652201549213,1614735901647.0,0.6017240503785779,1.0,0.6017240503785779,1.000392061846363,8529.0,0.9066923048214969,
7485376,long,entry,1614.65,456871.0,1614.65,456871.0,514.0487004945271,0.0,0.07073839531787074,0.07073839531787074,158.55217989322233,263.8298424499604,613.5577731394427,496.12994251689355,-91.12434927067562,563.5577731394417,1.052857252155065,1614775112785.0,1.0,1.0,1.0,1.000392018576911,39211138.0,0.9129355679149697,1605.0
7485462,long,close,1615.75,-456871.0,1614.65,0.0,0.0,0.19263434281209954,0.07069023673216772,0.26332457954426725,158.6228701299545,263.9430720191644,613.821097718987,496.32257685970563,-91.12434927067562,563.8210977189859,1.0528664359520106,1614775120311.0,0.6812595253483013,1.0,0.6812595253483013,1.000392024384544,7526.0,0.9129460566945368,
7485483,long,entry,1614.3,457021.0,1614.3,457021.0,513.9375107730503,0.0,0.07077696215077742,0.07077696215077742,158.69364709210527,263.97350611288925,613.8918746811378,496.32257685970563,-91.12434927067562,563.8918746811368,1.052868723881268,1614775136278.0,1.0,1.0,1.0,1.000391981134484,15967.0,0.912948617908152,1605.0
7485520,long,close,1615.4,-457021.0,1614.3,0.0,0.0,0.1927811275618607,0.07072876686888696,0.2635098944307477,158.76437585897415,264.08681536749447,614.1553845755685,496.5153579872675,-91.12434927067562,564.1553845755675,1.0528777761897177,1614775154114.0,0.6815752721356566,1.0,0.6815752721356566,1.0003919869568232,17836.0,0.9129531305226168,
7485667,long,entry,1613.75,457114.0,1613.75,457114.0,513.7623326338284,0.0,0.07081549186676994,0.07081549186676994,158.83519135084092,264.1172660289972,614.2262000674353,496.5153579872675,-91.12434927067562,564.2262000674343,1.052879596127584,1614775206357.0,1.0,1.0,1.0,1.0003919437261213,52243.0,0.9129710590179234,1605.0
7486863,long,close,1614.85,-457114.0,1613.75,0.0,0.0,0.19295176902728026,0.07076725392451312,0.2637190229517934,158.90595860476543,264.23066520886647,614.4899190903872,496.7083097562948,-91.12434927067562,564.4899190903861,1.0528825457069226,1614775697428.0,0.6799387411949737,1.0,0.6799387411949737,1.0003919495691718,491071.0,0.9131169262314376,
7487037,long,entry,1609.3,456102.0,1609.3,456102.0,512.3457683340384,0.0,0.07085409805505499,0.07085409805505499,158.9768127028205,264.2611324710302,614.5607731884422,496.7083097562948,-91.12434927067562,564.5607731884412,1.0528841755353777,1614775764387.0,1.0,1.0,1.0,1.0003919063578222,66959.0,0.9131381477156779,1600.5
7487149,long,close,1610.4,-456102.0,1609.3,0.0,0.0,0.19359043184441135,0.07080570044709389,0.26439613229150527,159.0476184032676,264.3748228079155,614.8251693207337,496.9019001881392,-91.12434927067562,564.8251693207327,1.052892844224049,1614775813492.0,0.681287817900508,1.0,0.681287817900508,1.0003919123404232,49105.0,0.9131518075216258,
7487344,long,entry,1608.4,456095.0,1608.4,456095.0,512.0587561888374,0.0,0.0708926572991793,0.0708926572991793,159.11851106056676,264.40530665055417,614.8960619780329,496.9019001881392,-91.12434927067562,564.8960619780319,1.0528937950596402,1614775933066.0,1.0,1.0,1.0,1.0003918691483562,119574.0,0.9131755902194814,1599.0
7487401,long,close,1609.5,-456095.0,1608.4,0.0,0.0,0.19380409575420082,0.07084420627524077,0.26464830202944156,159.189355266842,264.51910542042685,615.1607102800624,497.09570428389344,-91.12434927067562,565.1607102800613,1.0529028206558644,1614775954775.0,0.6815554998825638,1.0,0.6815554998825638,1.0003918751622949,21709.0,0.9131825420850084,
7488563,long,entry,1605.55,455536.0,1605.55,455536.0,511.1519594867808,0.0,0.07093145651023014,0.07093145651023014,159.26028672335224,264.5496059467262,615.2316417365727,497.09570428389344,-91.12434927067562,565.2316417365715,1.0528954726022361,1614776717597.0,1.0,1.0,1.0,1.0003918319895426,762822.0,0.9133242625717171,1596.45
7489620,long,reentry,1596.45,844108.0,1599.639625466666,1299644.0,924.0566342522557,0.0,0.13218516082558177,0.13218516082558177,159.3924718841778,264.60644556588124,615.3638268973982,497.09570428389344,-91.12434927067562,565.3638268973971,1.0528939944036173,1614777192316.0,0.679809596913818,1.0,0.679809596913818,1.0003918043688578,474719.0,0.9134531769903496,1586.3
7492275,long,close,1600.75,-185663.0,1599.639625466666,1113981.0,861.224048800942,0.08050988235230133,0.028996251756988913,0.10950613410929025,159.4214681359348,264.65353320354825,615.4733330315075,497.17621416624576,-91.12434927067562,565.4733330315064,1.0528839918712165,1614778266349.0,0.4175501832636271,1.0,0.4175501832636271,1.0003917709980128,1074033.0,0.9137769875688448,1586.3
7492467,long,close,1604.4,-222796.0,1599.639625466666,891185.0,769.4311823613299,0.41325080244294304,0.034716404886561955,0.447967207329505,159.45618454082134,264.8461591026999,615.921300238837,497.5894649686887,-91.12434927067562,565.9213002388359,1.052898889847937,1614778330541.0,0.4620375733643938,1.0,0.4620375733643938,1.000391823418349,64192.0,0.9138004043790411,1587.75
7492712,long,close,1605.3,-222796.0,1599.639625466666,668389.0,653.3172722052868,0.49110482199790695,0.03469694138167321,0.5258017633795802,159.490881482203,265.0722538609531,616.4471020022165,498.0805697906866,-91.12434927067562,566.4471020022155,1.0529157350037537,1614778454453.0,0.5202897955913028,1.0,0.5202897955913028,1.0003918954435203,123912.0,0.9138302852045519,1589.2
7492836,long,close,1600.85,-668389.0,1599.639625466666,0.0,0.0,0.3159193864255167,0.10438032920011245,0.4202997156256292,159.59526181140313,265.25298273867213,616.8674017178422,498.3964891771121,-91.12434927067562,566.8674017178412,1.0529296094084903,1614778520867.0,0.591880764489451,1.0,0.591880764489451,1.0003919406513224,66414.0,0.913845408561137,
7493932,long,entry,1589.3,452176.0,1589.3,452176.0,505.97813552414306,0.0,0.07112816963443025,0.07112816963443025,159.66638998103755,265.283567851615,616.9385298874766,498.3964891771121,-91.12434927067562,566.9385298874756,1.0529226067649513,1614779256865.0,1.0,1.0,1.0,1.0003918975087283,735998.0,0.9139790795193407,1580.5
7493948,long,close,1590.4,-452176.0,1589.3,0.0,0.0,0.19678316548763516,0.07107897384305835,0.2678621393306935,159.73746895488063,265.39874857152716,617.2063920268074,498.59327234259973,-91.12434927067562,567.2063920268063,1.0529318562955279,1614779267007.0,0.6816245804472909,1.0,0.6816245804472909,1.0003919041007492,10142.0,0.9139810309201903,
7515978,long,entry,1604.95,456880.0,1604.95,456880.0,510.9608958986196,0.0,0.07116732608492476,0.07116732608492476,159.80863628096554,265.4293505217437,617.2775593528924,498.59327234259973,-91.12434927067562,567.2775593528912,1.0527324450674012,1614794977149.0,1.0,1.0,1.0,1.0003918609773221,15710142.0,0.9166678659651055,1596.45
7517101,long,reentry,1596.45,846598.0,1599.429321476849,1303478.0,923.8371216029077,0.0,0.13257508847755958,0.13257508847755958,159.9412113694431,265.48635780978907,617.4101344413699,498.59327234259973,-91.12434927067562,567.4101344413688,1.0527317774108818,1614795390362.0,0.6799292809454901,1.0,0.6799292809454901,1.0003918333740205,413213.0,0.9168048299122431,1586.3
7519311,long,close,1600.55,-186211.0,1599.429321476849,1117267.0,861.01087509675,0.08151773090888384,0.029085470619474557,0.1106032015283584,159.97029684006256,265.5339171864463,617.5207376428983,498.67479007350863,-91.12434927067562,567.5207376428971,1.0527192712153495,1614796668773.0,0.4181469868663784,1.0,0.4181469868663784,1.0003918002252878,1278411.0,0.9170743671546063,1586.3
7519579,long,close,1600.55,-186211.0,1599.429321476849,931056.0,786.1619405967142,0.08151773090888384,0.029085470619474557,0.1106032015283584,159.99938231068202,265.5814765631035,617.6313408444267,498.75630780441753,-91.12434927067562,567.6313408444254,1.0527211682889066,1614796821673.0,0.46119469643507505,1.0,0.46119469643507505,1.000391767081886,152900.0,0.9171070531188386,1587.75
7519851,long,close,1605.1,-232764.0,1599.429321476849,698292.0,669.457584254589,0.514142720269781,0.03625381596162233,0.5503965362314034,160.03563612664365,265.81814707368295,618.1817373806581,499.2704505246873,-91.12434927067562,568.1817373806568,1.0527378429537446,1614797016251.0,0.5089096788601591,1.0,0.5089096788601591,1.0003918448586768,194578.0,0.9171402269332833,1589.2
7519855,long,close,1605.35,-698292.0,1599.429321476849,0.0,0.0,1.6101775287881857,0.10874451054287228,1.718922039331058,160.14438063718652,266.55728355059534,619.9006594199892,500.8806280534755,-91.12434927067562,569.9006594199878,1.0527975850136881,1614797016329.0,1.0,1.0,1.0,1.0003922164969448,78.0,0.9171407147834957,
7524766,long,entry,1588.5,454171.0,1588.5,454171.0,505.7236670760357,0.0,0.07147796663519043,0.07147796663519043,160.21585860382172,266.5880190762485,619.9721373866244,500.8806280534755,-91.12434927067562,569.972137386623,1.0527490773864272,1614800999484.0,1.0,1.0,1.0,1.0003921733651422,3983155.0,0.917739672881797,1579.05
7525142,long,reentry,1579.05,841578.0,1582.36230504519,1295749.0,914.1489696885828,0.0,0.13324118932269402,0.13324118932269402,160.3490997931444,266.64531278765725,620.105378575947,500.8806280534755,-91.12434927067562,570.1053785759457,1.0527531953178704,1614801038667.0,0.6797190202178367,1.0,0.6797190202178367,1.0003921457609275,39183.0,0.9177855308017647,1568.9
7527707,long,reentry,1568.9,2401022.0,1573.6186499515388,3696771.0,1270.8992295841167,0.0,0.3825964051246096,0.3825964051246096,160.73169619826902,266.80982924186077,620.4879749810716,500.8806280534755,-91.12434927067562,570.4879749810702,1.0527500243485772,1614802323292.0,0.41731270058413306,1.0,0.41731270058413306,1.0003921807624983,1284625.0,0.9180983647504805,1547.15
7528307,long,close,1574.7,-194566.0,1573.6186499515388,3502205.0,1255.9733702267238,0.08490552134642522,0.030889375754111895,0.11579489710053711,160.76258557402312,266.859621047614,620.6037698781721,500.9655335748219,-91.12434927067562,570.6037698781707,1.0527505058167108,1614802599260.0,0.18774215985420598,1.0,0.18774215985420598,1.0003921487601948,275968.0,0.9181715422823438,1548.6
7528347,long,close,1574.7,-184326.0,1573.6186499515388,3317879.0,1240.5939647978437,0.08043694750213899,0.029263669270337207,0.1097006167724762,160.79184924329346,266.90679231282616,620.7134704949445,501.04597052232407,-91.12434927067562,570.7134704949432,1.0527541756222405,1614802609268.0,0.20237934129697158,1.0,0.20237934129697158,1.0003921152337194,10008.0,0.918176420784468,1548.6
7528351,long,close,1575.75,-195169.0,1573.6186499515388,3122710.0,1222.773575926796,0.16775628895461195,0.03096446136760273,0.19872075032221467,160.82281370466106,266.9922422354647,620.9121912452667,501.21372681127866,-91.12434927067562,570.9121912452654,1.0527610435053707,1614802610050.0,1.0,1.0,1.0,1.0003921040340777,782.0,0.9181769086346805,1550.05
7528369,long,close,1575.85,-195169.0,1573.6186499515388,2927541.0,1203.1822438818476,0.17561603737422835,0.03096249643049783,0.20657853380472618,160.85377620109156,267.0810710050007,621.1187697790714,501.3893428486529,-91.12434927067562,571.1187697790701,1.0527678173610784,1614802639272.0,0.22395609689537913,1.0,0.22395609689537913,1.000392094791179,29222.0,0.9181791039606363,1551.5
7528370,long,close,1575.9,-195169.0,1573.6186499515388,2732372.0,1181.5450454405504,0.17954553752404834,0.03096151405546037,0.21050705157950872,160.88473771514703,267.1715890371799,621.3292768306509,501.568888386177,-91.12434927067562,571.3292768306496,1.052775073981873,1614802641181.0,1.0,1.0,1.0,1.000392086517958,1909.0,0.9181792259231895,1552.95
7528391,long,close,1576.0,-195169.0,1573.6186499515388,2537203.0,1157.522266366798,0.1874037898223999,0.030959549492385788,0.2183633393147857,160.91569726463942,267.26548527308523,621.5476401699657,501.75629217599936,-91.12434927067562,571.5476401699644,1.0527823577655764,1614802662009.0,0.2501221429628722,1.0,0.2501221429628722,1.000392080196305,20828.0,0.9181817871368047,1552.95
7528432,long,close,1577.45,-211433.0,1573.6186499515388,2325770.0,1128.2575686346268,0.32633939820104524,0.03350866905448668,0.3598480672555319,160.94920593369392,267.42021994200513,621.9074882372213,502.08263157420043,-91.12434927067562,571.9074882372199,1.0527945483218804,1614802681232.0,0.26567134024817735,1.0,0.26567134024817735,1.000392109256535,19223.0,0.918186787601482,1554.4
7528468,long,close,1577.7,-211433.0,1573.6186499515388,2114337.0,1095.0236731213558,0.34757833402818183,0.033503359320529884,0.3810816933487117,160.98270929301444,267.5840850701451,622.28856993057,502.4302099082286,-91.12434927067562,572.2885699305687,1.0528071110400556,1614802728106.0,0.28464521390145403,1.0,0.28464521390145403,1.000392143563655,46874.0,0.9181911782533938,1555.85
7528536,long,close,1576.35,-192212.0,1573.6186499515388,1922125.0,1060.7177542550583,0.2116438802279156,0.030483712373521113,0.24212759260143674,161.01319300538796,267.68819993496373,622.5306975231715,502.64185378845656,-91.12434927067562,572.5306975231701,1.0528145769114567,1614802797877.0,0.30492340159873316,1.0,0.30492340159873316,1.0003921430892415,69771.0,0.918199471707005,1557.3
7528557,long,close,1578.3,-213569.0,1573.6186499515388,1708556.0,1016.8107525515006,0.40255041652880325,0.033828961540898435,0.4363793780697017,161.04702196692887,267.8758430675337,622.9670769012412,503.04440420498537,-91.12434927067562,572.9670769012398,1.052829233123765,1614802829160.0,0.3272545479450382,1.0,0.3272545479450382,1.000392191089512,31283.0,0.9182020329206202,1557.3
7528599,long,close,1579.2,-244079.0,1573.6186499515388,1464477.0,957.3122270673351,0.5481924465788546,0.03863965932117528,0.5868321059000299,161.08566162625004,268.1281808730707,623.5539090071411,503.59259665156424,-91.12434927067562,573.5539090071399,1.0528492136699752,1614802848752.0,0.35581693905318473,1.0,0.35581693905318473,1.0003922765189932,19592.0,0.9182071553478506,1558.75
7528632,long,close,1579.85,-244079.0,1573.6186499515388,1220398.0,884.7858364572714,0.6117827331472326,0.038623761749533185,0.6504064948967658,161.12428538799958,268.40785566587624,624.2043155020378,504.20437938471144,-91.12434927067562,574.2043155020366,1.052871173512386,1614802883210.0,0.3939143861555333,1.0,0.3939143861555333,1.0003923776185586,34458.0,0.9182111801121031,1560.2
7528737,long,close,1580.7,-244079.0,1573.6186499515388,976319.0,794.4449352418791,0.6948603506258284,0.03860299234516354,0.7334633429709919,161.16288838034475,268.7232449033538,624.9377788450089,504.8992397353373,-91.12434927067562,574.9377788450075,1.0528944780121128,1614803033758.0,0.43965431509989145,1.0,0.43965431509989145,1.000392499177557,150548.0,0.9182239861801792,1561.65
7528842,long,close,1583.7,-325439.0,1573.6186499515388,650880.0,632.6520995125725,1.316484895747991,0.05137320830965461,1.3678581040576456,161.2142615886544,269.3114238880986,626.3056369490665,506.21572463108527,-91.12434927067562,576.3056369490652,1.0529404064045087,1614803115817.0,0.4974253137802441,1.0,0.4974253137802441,1.0003927779846364,82059.0,0.9182367922482553,1563.1
7528851,long,close,1583.85,-650880.0,1573.6186499515388,0.0,0.0,2.671900784687793,0.10273700161000096,2.774637786297794,161.3169985902644,270.5045181362066,629.0802747353642,508.8876254157731,-91.12434927067562,579.080274735363,1.0530353427355696,1614803119943.0,0.6005479861645583,1.0,0.6005479861645583,1.0003934038410882,4126.0,0.9182378899112332,
7539722,long,entry,1572.05,456123.0,1572.05,456123.0,500.48613016190114,0.0,0.07253633790273847,0.07253633790273847,161.38953492816714,270.5357087615048,629.152811073267,508.8876254157731,-91.12434927067562,579.1528110732658,1.052922295624708,1614812127049.0,1.0,1.0,1.0,1.000393360645387,9007106.0,0.9195637448260436,1563.1
7539746,long,close,1573.15,-456123.0,1572.05,0.0,0.0,0.20287950085630158,0.0724856180275244,0.275365118883826,161.46202054619465,270.6541157626248,629.4281761921508,509.09050491662936,-91.12434927067562,579.4281761921495,1.052931531611758,1614812138505.0,0.6815739588599324,1.0,0.6815739588599324,1.000393367526509,11456.0,0.9195666719273181,
7539990,long,entry,1571.3,456158.0,1571.3,456158.0,500.2477183708378,0.0,0.07257652898873544,0.07257652898873544,161.5345970751834,270.68532367009,629.5007527211395,509.09050491662936,-91.12434927067562,579.5007527211383,1.052931296073868,1614812350047.0,1.0,1.0,1.0,1.000393324349879,211542.0,0.9195964307902759,1563.1
7540471,long,reentry,1563.1,845260.0,1565.9741692523078,1301418.0,904.4930720846742,0.0,0.13518968716013052,0.13518968716013052,161.66978676234353,270.7434552355689,629.6359424082997,509.09050491662936,-91.12434927067562,579.6359424082984,1.0529346949620395,1614812444203.0,0.6799438782016393,1.0,0.6799438782016393,1.0003932966281628,94156.0,0.9196550947783196,1552.95
7541193,long,close,1567.05,-185916.0,1565.9741692523078,1115502.0,842.9819758181212,0.08150669277498443,0.02966018952809419,0.11116688230307861,161.69944695187164,270.79125699495916,629.7471092906027,509.17201160940436,-91.12434927067562,579.7471092906015,1.0529361691397967,1614812624742.0,0.41874360768287755,1.0,0.41874360768287755,1.000393262985029,180539.0,0.9197431517416619,1552.95
7541438,long,close,1567.05,-185917.0,1565.9741692523078,929585.0,769.6996030028494,0.08150713118099992,0.029660349063527013,0.11116748024452694,161.72910730093517,270.83905901146426,629.8582767708472,509.2535187405854,-91.12434927067562,579.858276770846,1.052939060225905,1614812694526.0,0.4609055600063176,1.0,0.4609055600063176,1.0003932293476478,69784.0,0.9197730325671727,1554.4
7541931,long,reentry,1554.4,1722521.0,1558.4568416663612,2652106.0,1159.3293966081635,0.0,0.27703953293875444,0.27703953293875444,162.0061468338739,270.9581860106279,630.1353163037859,509.2535187405854,-91.12434927067562,580.1353163037847,1.0529459756636292,1614812890785.0,0.5047934098932965,1.0,0.5047934098932965,1.0003932365802006,196259.0,0.9198331601058537,1538.45
7542122,long,close,1559.55,-176807.0,1558.4568416663612,2475299.0,1136.9195235426498,0.07952221023552923,0.028342630887114872,0.1078648411226441,162.03448946476104,271.00456789231066,630.2431811449085,509.33304095082093,-91.12434927067562,580.2431811449073,1.0529489293009129,1614812946701.0,0.2538267383612258,1.0,0.2538267383612258,1.000393202127213,55916.0,0.9198564549534969,1538.45
7542134,long,close,1559.55,-176807.0,1558.4568416663612,2298492.0,1112.115042510406,0.07952221023552923,0.028342630887114872,0.1078648411226441,162.06283209564816,271.05094977399335,630.3510459860311,509.4125631610565,-91.12434927067562,580.3510459860299,1.0529525487207976,1614812950560.0,0.27097177073251055,1.0,0.27097177073251055,1.0003931676803692,3859.0,0.9198579185041341,1539.9
7542256,long,close,1559.55,-176807.0,1558.4568416663612,2121685.0,1084.510475941121,0.07952221023552923,0.028342630887114872,0.1078648411226441,162.0911747265353,271.09733165567604,630.4589108271537,509.49208537129203,-91.12434927067562,580.4589108271525,1.0529556300149445,1614812996399.0,0.2855944995757654,1.0,0.2855944995757654,1.0003931332396683,45839.0,0.919872797935613,1541.35
7542269,long,close,1559.55,-176807.0,1558.4568416663612,1944878.0,1053.603324334931,0.07952221023552923,0.028342630887114872,0.1078648411226441,162.1195173574224,271.1437135373588,630.5667756682763,509.5716075815276,-91.12434927067562,580.5667756682751,1.0529592287936071,1614813001770.0,0.3046672591260364,1.0,0.3046672591260364,1.0003930988051086,5371.0,0.9198743834488035,1541.35
7542293,long,close,1561.3,-194487.0,1558.4568416663612,1750391.0,1014.9517498037627,0.22725344925135582,0.03114183693076283,0.25839528618211866,162.15065919435318,271.2548235104171,630.8251709544584,509.79886103077894,-91.12434927067562,580.8251709544572,1.052967944264197,1614813007065.0,0.32441837431635345,1.0,0.32441837431635345,1.0003931013917204,5295.0,0.9198773105500779,1542.8
7542300,long,close,1561.5,-194487.0,1558.4568416663612,1555904.0,970.4407736278695,0.2432082808521514,0.031137848222862634,0.27434612907501404,162.18179704257605,271.3727923459194,631.0995170835334,510.0420693116311,-91.12434927067562,581.0995170835323,1.0529772123184251,1614813011246.0,0.34995244512520396,1.0,0.34995244512520396,1.0003931078710493,4181.0,0.9198781642879497,1544.25
7542305,long,close,1561.75,-194488.0,1558.4568416663612,1361416.0,918.6302184999232,0.26314742688195675,0.031133023851448696,0.2942804507334054,162.2129300664275,271.4993329397347,631.3937975342668,510.3052167385131,-91.12434927067562,581.3937975342657,1.0529871821109529,1614813013175.0,0.3785599554124811,1.0,0.3785599554124811,1.0003931192144258,1929.0,0.9198787741007152,1544.25
7542330,long,close,1562.5,-226902.0,1558.4568416663612,1134514.0,846.2909573160778,0.376742197873472,0.03630432,0.413046517873472,162.2492343864275,271.6769429424203,631.8068440521403,510.68195893638654,-91.12434927067562,581.8068440521391,1.0530011273763902,1614813019038.0,0.4118131524523478,1.0,0.4118131524523478,1.0003931596651974,5863.0,0.9198818231645428,1545.7
7542474,long,close,1559.55,-189085.0,1558.4568416663612,945429.0,773.3688970117599,0.08504446725743349,0.03031082684107595,0.11535529409850945,162.2795452132686,271.7265457188827,631.9221993462388,510.76700340364397,-91.12434927067562,581.9221993462377,1.0530040530192533,1614813096159.0,0.45653033822496936,1.0,0.45653033822496936,1.0003931270339876,77121.0,0.9198993857721901,1547.15
7542602,long,close,1564.0,-236357.0,1558.4568416663612,709072.0,659.4189777886486,0.5375195002052338,0.037780850383631714,0.5753003505888654,162.31732606365222,271.97392486963594,632.4974996968277,511.3045229038492,-91.12434927067562,582.4974996968266,1.053022990591415,1614813140738.0,0.5041076611767754,1.0,0.5041076611767754,1.0003932071481223,44579.0,0.9199149969789876,1548.6
7542612,long,close,1562.85,-709072.0,1558.4568416663612,0.0,0.0,1.2789545614158675,0.11342611255078863,1.3923806739666562,162.43075217620301,272.5726485594416,633.8898803707943,512.5834774652651,-91.12434927067562,583.8898803707932,1.0530700575241358,1614813146807.0,0.5780528680645964,1.0,0.5780528680645964,1.0003934869749505,6069.0,0.9199162166045186,
7556118,long,entry,1587.35,464084.0,1587.35,464084.0,505.35754537107516,0.0,0.07309100072447791,0.07309100072447791,162.5038431769275,272.6040776897531,633.9629713715188,512.5834774652651,-91.12434927067562,583.9629713715177,1.0529284145130644,1614824408118.0,1.0,1.0,1.0,1.000393443886808,11261311.0,0.9215634428467621,1579.05
7556758,long,reentry,1579.05,859947.0,1581.9592197992342,1324031.0,913.7286721106404,0.0,0.13614942528735635,0.13614942528735635,162.63999260221485,272.6626219426267,634.0991207968062,512.5834774652651,-91.12434927067562,584.0991207968051,1.0529293958277008,1614824690954.0,0.6799508895686669,1.0,0.6799508895686669,1.0003934162156136,282836.0,0.9216414988807496,1568.9
7558463,long,reentry,1568.9,2453429.0,1573.4773646444964,3777460.0,1270.613484796107,0.0,0.39094731977818853,0.39094731977818853,163.03093992199302,272.83072929013133,634.4900681165844,512.5834774652651,-91.12434927067562,584.4900681165833,1.0529316516120286,1614825546665.0,0.417580602281518,1.0,0.417580602281518,1.000393450756358,855711.0,0.9218494450337946,1547.15
7565526,long,reentry,1547.15,865750.0,1568.5684942852035,4643210.0,1319.7934081853814,0.0,0.13989432181753547,0.13989432181753547,163.17083424381056,272.8908838485129,634.629962438402,512.5834774652651,-91.12434927067562,584.6299624384009,1.0528863069700645,1614829472971.0,0.17871276271985836,1.0,0.17871276271985836,1.0003934239788608,3926306.0,0.922710866546379,0.05
7577354,long,close,1569.65,-244379.0,1568.5684942852035,4398831.0,1306.6512537465044,0.107346129477739,0.03892253050043003,0.146268659978169,163.209756774311,272.9537793723035,634.7762310983802,512.6908235947428,-91.12434927067562,584.7762310983791,1.0527425085785478,1614841180906.0,0.13983549503999643,1.0,0.13983549503999643,1.0003933987569766,11707935.0,0.9241534396245115,1538.45
7577387,long,close,1570.65,-244379.0,1568.5684942852035,4154452.0,1292.2294851756158,0.20647077341605205,0.038897749339445446,0.2453685227554975,163.24865452365043,273.05928783708833,635.0215996211357,512.8972943681589,-91.12434927067562,585.0215996211346,1.0527507027710252,1614841183647.0,0.16768504124689196,1.0,0.16768504124689196,1.000393397696091,2741.0,0.9241574643887639,1539.9
7577416,long,close,1569.65,-218655.0,1568.5684942852035,3935797.0,1278.1593656298485,0.09604658313912007,0.0348254387920874,0.13087202193120748,163.28347996244253,273.11556280651877,635.1524716430669,512.993340951298,-91.12434927067562,585.1524716430657,1.0527550260816911,1614841188735.0,0.17666168513818684,1.0,0.17666168513818684,1.00039336871194,5088.0,0.924161001302804,1541.35
7577422,long,close,1570.65,-218655.0,1568.5684942852035,3717142.0,1262.7541613437036,0.18473709672797933,0.03480326616369019,0.21954036289166953,163.31828322860622,273.2099651625621,635.3720120059585,513.178078048026,-91.12434927067562,585.3720120059573,1.0527623790727314,1614841189176.0,0.1858857543758927,1.0,0.1858857543758927,1.0003933613295157,441.0,0.9241617330781227,1542.8
7577441,long,close,1570.65,-206507.0,1568.5684942852035,3510635.0,1246.8424673567406,0.17447350224785543,0.03286967179193327,0.2073431740397887,163.35115290039815,273.29912272739926,635.5793551799983,513.3525515502739,-91.12434927067562,585.5793551799972,1.0527692174203098,1614841197786.0,0.19597964958536587,1.0,0.19597964958536587,1.0003933509613685,8610.0,0.9241640503666316,1542.8
7577451,long,close,1571.65,-206507.0,1568.5684942852035,3304128.0,1229.3762121051807,0.2581299697614461,0.03284875767505488,0.290978727436501,163.3840016580732,273.42424358019696,635.8703339074348,513.6106815200353,-91.12434927067562,585.8703339074336,1.0527789169840007,1614841201456.0,0.20638885662482295,1.0,0.20638885662482295,1.0003933609309756,3670.0,0.9241652699921626,1544.25
7577453,long,close,1571.75,-206508.0,1568.5684942852035,3097620.0,1210.159410791915,0.26649105222120945,0.03284682678543025,0.2993378790066397,163.41684848485863,273.5529588681698,636.1696717864414,513.8771725722565,-91.12434927067562,586.1696717864403,1.0527889375820534,1614841201527.0,1.0,1.0,1.0,1.0003933728977445,71.0,0.9241655139172689,1545.7
7577455,long,close,1571.9,-206508.0,1568.5684942852035,2891112.0,1188.9139525787464,0.2790288065766331,0.032843692346841404,0.3118724989234745,163.44969217720546,273.68706404270694,636.481544285365,514.1562013788332,-91.12434927067562,586.4815442853637,1.052799326272239,1614841205276.0,1.0,1.0,1.0,1.0003933878725735,3749.0,0.9241657578423751,1547.15
7577467,long,close,1572.05,-206508.0,1568.5684942852035,2684604.0,1165.3021651511638,0.29156416830691373,0.03284055850640883,0.32440472681332255,163.48253273571189,273.8265580752367,636.8059490121783,514.4477655471401,-91.12434927067562,586.805949012177,1.0528100828786473,1614841212661.0,0.24364530022345804,1.0,0.24364530022345804,1.0003934058490442,7385.0,0.9241672213930123,1547.15
7577480,long,close,1572.2,-206508.0,1568.5684942852035,2478096.0,1138.9070325540363,0.3040971380969058,0.03283742526396133,0.33693456336086713,163.51537016097583,273.9714399374819,637.1428835755393,514.751862685237,-91.12434927067562,587.1428835755379,1.0528212463118718,1614841220557.0,0.2587372124606954,1.0,0.2587372124606954,1.000393426820573,7896.0,0.9241688069062027,1548.6
7577503,long,close,1572.65,-225281.0,1568.5684942852035,2252815.0,1106.3076845461856,0.37274292356274014,0.03581232314882523,0.40855524671156535,163.55118248412467,274.14711869356785,637.5514388222508,515.1246056087998,-91.12434927067562,587.5514388222495,1.0528347790151051,1614841229801.0,0.2755965955005494,1.0,0.2755965955005494,1.0003934651102777,9244.0,0.9241716120449242,1550.05
7577528,long,close,1572.9,-225281.0,1568.5684942852035,2027534.0,1068.8999239899454,0.3955112643020306,0.03580663106364041,0.431317895365671,163.58698911518832,274.3325853885751,637.9827567176166,515.5201168731019,-91.12434927067562,587.9827567176151,1.0528486050284969,1614841275116.0,0.2965551697423631,1.0,0.2965551697423631,1.0003935088397835,45315.0,0.9241746611087518,1551.5
7577536,long,close,1573.25,-225281.0,1568.5684942852035,1802253.0,1025.5348666244206,0.4273747847146109,0.03579866518353727,0.4631734498981481,163.62278778037185,274.5317499720313,638.4459301675147,515.9474916578165,-91.12434927067562,588.4459301675132,1.0528640589132081,1614841275126.0,0.320556875165303,1.0,0.320556875165303,1.0003935601966112,10.0,0.9241756368091767,1552.95
7577552,long,close,1573.65,-225281.0,1568.5684942852035,1576972.0,974.6718288596177,0.4637728810471281,0.03578956565945413,0.49956244670658223,163.6585773460313,274.74656182411513,638.9454926142213,516.4112645388636,-91.12434927067562,588.9454926142198,1.0528807063203938,1614841275790.0,0.3481217476325829,1.0,0.3481217476325829,1.0003936202569408,664.0,0.9241775882100264,1554.4
7577607,long,close,1574.75,-262828.0,1568.5684942852035,1314144.0,902.9412936372515,0.6577347699816798,0.04172535323067154,0.6994601232123513,163.70030269926198,275.0473296770964,639.6449527374335,517.0689993088453,-91.12434927067562,589.6449527374322,1.0529039364198218,1614841281226.0,0.3806495336724804,1.0,0.3806495336724804,1.0003937284954567,5436.0,0.9241842961504472,1555.85
7577625,long,close,1575.6,-262828.0,1568.5684942852035,1051316.0,813.1171081141182,0.7477742476310041,0.041702843361259206,0.7894770909922633,163.74200554262325,275.38680482622306,640.4344298284258,517.8167735564763,-91.12434927067562,590.4344298284244,1.0529301625256613,1614841284494.0,0.4266857400950814,1.0,0.4266857400950814,1.0003938582300658,3268.0,0.9241864914764031,1557.3
7577722,long,close,1576.8,-262829.0,1568.5684942852035,788487.0,697.397564561787,0.8747268706118532,0.04167126458650432,0.9163981351983574,163.78367680720976,275.7808560243584,641.3508279636242,518.6915004270882,-91.12434927067562,591.3508279636228,1.05296035136926,1614841305089.0,0.48319375338346954,1.0,0.48319375338346954,1.000394018258706,20595.0,0.9241983218440543,1557.3
7577735,long,close,1576.2,-788487.0,1568.5684942852035,0.0,0.0,2.4338284325291255,0.12506138180433954,2.558889814333465,163.9087381890141,276.8811786445218,643.9097177779577,521.1253288596173,-91.12434927067562,593.9097177779563,1.05304504558592,1614841313646.0,0.5575309681427612,1.0,0.5575309681427612,1.0003945723463628,8557.0,0.9241999073572447,
7583219,long,entry,1552.8,461159.0,1552.8,461159.0,494.3580991970267,0.0,0.0742463614116435,0.0742463614116435,163.98298455042573,276.9131045799288,643.9839641393693,521.1253288596173,-91.12434927067562,593.9839641393679,1.0529894863383393,1614845871880.0,1.0,1.0,1.0,1.000394529236966,4558234.0,0.9248687499984755,1544.25
7583296,long,close,1553.9,-461159.0,1552.8,0.0,0.0,0.21023488655078598,0.07419380269000578,0.2844286892407918,164.05717835311575,277.03540891630234,644.2683928286101,521.3355637461681,-91.12434927067562,594.2683928286087,1.0529985703126412,1614845896271.0,0.6813984473321776,1.0,0.6813984473321776,1.0003945365116735,24391.0,0.9248781411150646,
7583338,long,entry,1552.45,461311.0,1552.45,461311.0,494.2460244914528,0.0,0.07428757769976488,0.07428757769976488,164.13146593081552,277.06735257471325,644.3426804063099,521.3355637461681,-91.12434927067562,594.3426804063085,1.053000852600824,1614845909687.0,1.0,1.0,1.0,1.0003944934210771,13416.0,0.924883263542295,1544.25
7583927,long,reentry,1544.25,854809.0,1547.124168160958,1316120.0,893.6211771393156,0.0,0.13838578598024934,0.13838578598024934,164.26985171679578,277.12685846268477,644.4810661922902,521.3355637461681,-91.12434927067562,594.4810661922888,1.0530031794861945,1614846085965.0,0.6799339305197172,1.0,0.6799339305197172,1.0003944656921222,176278.0,0.9249550994860742,1534.4
7585941,long,reentry,1534.4,2438770.0,1538.8599261762663,3754890.0,1242.6627354244924,0.0,0.3973491266944734,0.3973491266944734,164.66720084349026,277.29771858716344,644.8784153189847,521.3355637461681,-91.12434927067562,594.8784153189833,1.0530094379701815,1614846624848.0,0.4175897434488118,1.0,0.4175897434488118,1.0003944999433734,538883.0,0.9252007320680288,1513.4
7586943,long,close,1539.95,-197625.0,1538.8599261762663,3557265.0,1228.060325371517,0.09090590265034805,0.03208302217604468,0.12298892482639273,164.6992838656663,277.35060382483874,645.0014042438111,521.4264696488184,-91.12434927067562,595.0014042438097,1.0530125679744218,1614846697688.0,0.18665920383251464,1.0,0.18665920383251464,1.0003944685115036,72840.0,0.9253229385462405,1513.4
7586981,long,close,1540.9,-197625.0,1538.8599261762663,3359640.0,1212.1062810684718,0.17002556276391964,0.032063242261016284,0.20208880502493592,164.73134710792732,277.4375020109995,645.203493048836,521.5964952115824,-91.12434927067562,595.2034930488346,1.0530191916040268,1614846700811.0,0.20255823027823577,1.0,0.20255823027823577,1.0003944559970073,3123.0,0.9253275731232585,1514.8
7587017,long,close,1539.95,-186646.0,1538.8599261762663,3172994.0,1195.6930794821228,0.08585565139064825,0.03030065911230884,0.11615631050295709,164.76164776703962,277.48744922451573,645.3196493593389,521.682350862973,-91.12434927067562,595.3196493593375,1.053022910921675,1614846709436.0,0.21250891302724026,1.0,0.21250891302724026,1.0003944229337214,8625.0,0.9253319637751704,1516.2
7587024,long,close,1541.05,-198312.0,1538.8599261762663,2974682.0,1176.5318135491352,0.18314367680233773,0.0321715713312352,0.21531524813357295,164.79381933837087,277.58003478121316,645.5349646074725,521.8654945397753,-91.12434927067562,595.5349646074711,1.053029999325745,1614846710028.0,0.22377753863793642,1.0,0.22377753863793642,1.0003944135660565,592.0,0.9253328175130421,1517.6
7587046,long,close,1542.25,-212477.0,1538.8599261762663,2762205.0,1153.723843555443,0.3035059520237051,0.03444269735775652,0.33794864938146163,164.8282620357286,277.7253527004472,645.872913256854,522.169000491799,-91.12434927067562,595.8729132568526,1.0530410993299177,1614846712603.0,0.23668744052347923,1.0,0.23668744052347923,1.0003944334636048,2575.0,0.9253355006892103,1517.6
7587070,long,close,1543.7,-230183.0,1538.8599261762663,2532022.0,1125.8736110290788,0.4689896272167733,0.0372778065686338,0.5062674337854071,164.86553984229724,277.94304769697493,646.3791806906394,522.6379901190157,-91.12434927067562,596.379180690638,1.0530577003221058,1614846717779.0,0.25206713328226443,1.0,0.25206713328226443,1.0003944934637123,5176.0,0.9253384277904849,1519.0
7587100,long,close,1539.95,-180858.0,1538.8599261762663,2351164.0,1101.4801814590846,0.08319321817349347,0.029361018214877105,0.11255423638837057,164.8949008605121,277.99144601862196,646.4917349270278,522.7211833371892,-91.12434927067562,596.4917349270264,1.0530612932977632,1614846726475.0,0.2687945374060212,1.0,0.2687945374060212,1.0003944595057188,8696.0,0.9253420866670781,1520.4
7587104,long,close,1541.4,-195930.0,1538.8599261762663,2155234.0,1071.8579307130583,0.20981321209773687,0.03177792915531335,0.24159114125305023,164.92667878966742,278.0953302093607,646.7333260682808,522.930996549287,-91.12434927067562,596.7333260682794,1.0530692103718942,1614846728869.0,0.28517088619697284,1.0,0.28517088619697284,1.0003944563068152,2394.0,0.9253425745172905,1521.8
7587122,long,close,1543.1,-215523.0,1538.8599261762663,1939711.0,1034.6692981604867,0.38483439467858255,0.03491721210550191,0.41975160678408446,164.96159600177293,278.2758234002779,647.1530776750649,523.3158309439656,-91.12434927067562,597.1530776750635,1.053082962929093,1614846732714.0,0.30486855558671927,1.0,0.30486855558671927,1.0003944955158157,3845.0,0.9253447698432464,1521.8
7587162,long,close,1543.45,-215523.0,1538.8599261762663,1724188.0,991.6435454450241,0.4165063613427026,0.034909294113835886,0.45141565545653844,164.99650529588678,278.4699321321242,647.6044933305214,523.7323373053083,-91.12434927067562,597.6044933305201,1.0530976044002742,1614846747738.0,0.32898647935374903,1.0,0.32898647935374903,1.0003945421813585,15024.0,0.9253496483453706,1523.2
7587197,long,close,1542.1,-215523.0,1538.8599261762663,1508665.0,941.3876396400611,0.2942638425600437,0.03493985474353155,0.32920369730357524,165.0314451506303,278.6114897219648,647.9336970278251,524.0266011478684,-91.12434927067562,597.9336970278237,1.053108304923455,1614846756387.0,0.35666047395547945,1.0,0.35666047395547945,1.0003945597039963,8649.0,0.9253539170347294,1524.6
7587253,long,close,1544.95,-251444.0,1538.8599261762663,1257221.0,870.5974678867674,0.6440955744032036,0.040688048156898284,0.684783622560102,165.0721331987872,278.90594667966565,648.6184806503852,524.6706967222716,-91.12434927067562,598.6184806503837,1.0531306403273304,1614846766972.0,0.38985829305848657,1.0,0.38985829305848657,1.0003946616430528,10585.0,0.9253607469377032,1526.0
7587279,long,close,1545.75,-251444.0,1538.8599261762663,1005777.0,782.2998127856596,0.7283276650401611,0.040666990134239044,0.7689946551744001,165.11280018892145,279.23661438139067,649.3874753055596,525.3990243873118,-91.12434927067562,599.3874753055582,1.0531558228313382,1614846768802.0,0.43643353969007803,1.0,0.43643353969007803,1.0003947833509466,1830.0,0.925363917964084,1527.4
7587443,long,close,1544.3,-251444.0,1538.8599261762663,754333.0,669.2740310650987,0.5755927412697772,0.04070517386518164,0.6162979151349589,165.15350536278663,279.5016224848987,650.0037732206946,525.9746171285816,-91.12434927067562,600.0037732206931,1.0531750490059175,1614846843549.0,0.4927377689108679,1.0,0.4927377689108679,1.000394868637718,74747.0,0.9253839198227933,1528.8
7587446,long,close,1544.35,-754333.0,1538.8599261762663,0.0,0.0,1.7425950217782629,0.12211172985398389,1.8647067516322466,165.27561709264063,280.3034463881005,651.8684799723268,527.7172121503598,-91.12434927067562,601.8684799723254,1.0532359574015275,1614846846160.0,0.5666165699248211,1.0,0.5666165699248211,1.0003952488840957,2611.0,0.9253842857104526,
7618737,long,entry,1560.9,469294.0,1560.9,469294.0,496.9366649673892,0.0,0.0751640079441348,0.0751640079441348,165.35078110058475,280.3357669115165,651.943643980271,527.7172121503598,-91.12434927067562,601.9436439802696,1.0529800298950556,1614867175206.0,1.0,1.0,1.0,1.0003952058032257,20329046.0,0.9292006159596782,1551.5
7618914,long,close,1562.0,-469294.0,1560.9,0.0,0.0,0.2117295998426391,0.07511107554417415,0.28684067538681324,165.42589217612894,280.4591084019329,652.2304846556578,527.9289417502025,-91.12434927067562,602.2304846556564,1.0529881966057215,1614867265714.0,0.6812669713505296,1.0,0.6812669713505296,1.000395212691058,90508.0,0.9292222033315779,
7619447,long,entry,1559.15,469028.0,1559.15,469028.0,496.3793979119659,0.0,0.07520572106596542,0.07520572106596542,165.5010978971949,280.4914468619912,652.3056903767238,527.9289417502025,-91.12434927067562,602.3056903767223,1.0529870508055412,1614867549236.0,1.0,1.0,1.0,1.0003951696290039,283522.0,0.9292872093723832,1550.05
7619698,long,close,1560.25,-469028.0,1559.15,0.0,0.0,0.212084712507737,0.0751526998878385,0.2872374123955755,165.57625059708275,280.6149589493213,652.5929277891194,528.1410264627102,-91.12434927067562,602.5929277891179,1.052995054048566,1614867653211.0,0.6809183313007644,1.0,0.6809183313007644,1.0003951765762626,103975.0,0.9293178219732127,
7635334,long,entry,1566.9,471621.0,1566.9,471621.0,498.8465029464311,0.0,0.0752474631437871,0.0752474631437871,165.65149806022654,280.6473153584732,652.6681752522632,528.1410264627102,-91.12434927067562,602.6681752522617,1.0528838951969262,1614876651892.0,1.0,1.0,1.0,1.0003951335329957,8998681.0,0.9312248284535709,1558.75
7635574,long,close,1568.0,-471621.0,1566.9,0.0,0.0,0.21115359555654056,0.07519467474489795,0.2863482703014385,165.72669273497144,280.7704451147028,652.9545235225646,528.3521800582668,-91.12434927067562,602.9545235225631,1.0528924905880894,1614876704967.0,0.6811463707597117,1.0,0.6811463707597117,1.0003951402366182,53075.0,0.9312540994663162,
7635972,long,entry,1565.15,471356.0,1565.15,471356.0,498.2898765462062,0.0,0.07528926939909913,0.07528926939909913,165.80198200437053,280.8028195005444,653.0298127919638,528.3521800582668,-91.12434927067562,603.0298127919623,1.0528930962607015,1614876850171.0,1.0,1.0,1.0,1.0003950972121995,145204.0,0.9313026405624523,1555.85
7635992,long,close,1566.25,-471356.0,1565.15,0.0,0.0,0.21150696590967988,0.0752363926576217,0.2867433585673016,165.87721839702814,280.9261191447284,653.3165561505311,528.5636870241765,-91.12434927067562,603.3165561505295,1.0529021854859126,1614876864627.0,0.6815530426290423,1.0,0.6815530426290423,1.000395103974989,14456.0,0.9313050798135144,
7636026,long,entry,1565.0,471572.0,1565.0,471572.0,498.24201519207253,0.0,0.07533099041533546,0.07533099041533546,165.95254938744347,280.95851147060694,653.3918871409464,528.5636870241765,-91.12434927067562,603.3918871409448,1.0529043714943602,1614876884389.0,1.0,1.0,1.0,1.0003950609693633,19762.0,0.93130922654032,1555.85
7637828,long,reentry,1555.85,873822.0,1559.0571525515943,1345394.0,900.6589682421559,0.0,0.14040910113442814,0.14040910113442814,166.0929584885779,281.01888738409474,653.5322962420809,528.5636870241765,-91.12434927067562,603.5322962420793,1.0529001473806763,1614877579771.0,0.6797518863658101,1.0,0.6797518863658101,1.0003950332827372,695382.0,0.9315290030610162,1545.7
7638930,long,reentry,1545.7,2493015.0,1550.3817920914628,3838409.0,1252.1250948527224,0.0,0.403217797761532,0.403217797761532,166.49617628633942,281.19227103713223,653.9355140398424,528.5636870241765,-91.12434927067562,603.9355140398408,1.0529085416538277,1614877947211.0,0.41729436273273,1.0,0.41729436273273,1.0003950673777302,367440.0,0.9316634057945384,1524.6
7640021,long,close,1551.45,-202021.0,1550.3817920914628,3636388.0,1237.4192797276337,0.08971723125307267,0.03255357891005188,0.12227081016312455,166.52872986524946,281.24484748550236,654.0577848500055,528.6534042554296,-91.12434927067562,604.0577848500039,1.052908606234623,1614878255398.0,0.187063726763368,1.0,0.187063726763368,1.0003950354096567,308187.0,0.9317964669399766,1524.6
7640098,long,close,1551.45,-191388.0,1550.3817920914628,3445000.0,1222.2666657270593,0.08499513147179288,0.030840181765445226,0.11583531323723811,166.55957004701492,281.2946566701944,654.1736201632428,528.7383993869014,-91.12434927067562,604.1736201632411,1.052912080744116,1614878276373.0,0.20138160009833575,1.0,0.20138160009833575,1.0003950019345256,20975.0,0.9318058580565658,1526.0
7643808,long,reentry,1526.0,1276812.0,1543.7887797640162,4721812.0,1299.4257797783846,0.0,0.2091762778505898,0.2091762778505898,166.7687463248655,281.3846024696702,654.3827964410934,528.7383993869014,-91.12434927067562,604.3827964410917,1.0528968664464946,1614880020182.0,0.19901263755230564,1.0,0.19901263755230564,1.0003949903792049,1743809.0,0.9322583391285874,0.05
7671835,long,close,1544.85,-248516.0,1543.7887797640162,4473296.0,1286.508065233167,0.11058231569148849,0.04021684953231706,0.15079916522380554,166.80896317439783,281.4494461107164,654.5335956063172,528.8489817025929,-91.12434927067562,604.5335956063155,1.0526871496537895,1614897131255.0,0.1371101801059934,1.0,0.1371101801059934,1.0003949651129636,17111073.0,0.9356765836044764,1514.8
7671936,long,close,1544.85,-235436.0,1543.7887797640162,4237860.0,1273.1484529865197,0.1047621001349663,0.038100139172087905,0.14286223930705422,166.84706331356992,281.51087687361843,654.6764578456243,528.9537438027279,-91.12434927067562,604.6764578456226,1.0526911393034437,1614897179048.0,0.1660672423457789,1.0,0.1660672423457789,1.0003949379844697,47793.0,0.9356889018223401,1516.2
7671953,long,close,1545.85,-235436.0,1543.7887797640162,4002424.0,1258.5027316211713,0.20334899840346873,0.03807549244752079,0.24142449085098952,166.88513880601744,281.6146894046844,654.9178823364754,529.1570928011314,-91.12434927067562,604.9178823364737,1.0526988715927865,1614897180357.0,0.17608901278982708,1.0,0.17608901278982708,1.0003949339677143,1309.0,0.9356909751857428,1516.2
7671984,long,close,1546.8,-235436.0,1543.7887797640162,3766988.0,1242.3856313004892,0.29688848075450075,0.038052107576933024,0.33494058833143375,166.92319091359437,281.758713857667,655.2528229248069,529.453981281886,-91.12434927067562,605.2528229248051,1.0527095982758257,1614897181859.0,0.18583035314819907,1.0,0.18583035314819907,1.0003949518441793,1502.0,0.9356947560248892,1517.6
7672009,long,close,1547.8,-235436.0,1543.7887797640162,3531552.0,1224.569776231057,0.3952270453673308,0.03802752293577982,0.4332545683031106,166.96121843653015,281.94501332203725,655.6860774931099,529.8492083272532,-91.12434927067562,605.6860774931082,1.0527234095261795,1614897188283.0,0.19701032103122468,1.0,0.19701032103122468,1.0003949926934774,6424.0,0.9356978050887168,1519.0
7672036,long,close,1546.8,-207738.0,1543.7887797640162,3323814.0,1207.2956450501424,0.2619608692594951,0.0335754460822343,0.29553631534172936,166.99479388261238,282.0720939376342,655.9816138084516,530.1111691965127,-91.12434927067562,605.9816138084499,1.0527327302684284,1614897200277.0,0.20806455653427086,1.0,0.20806455653427086,1.0003950012442786,11994.0,0.9357010980776507,1520.4
7674223,long,reentry,1520.4,1393672.0,1536.8791063762678,4717486.0,1293.7912788292351,0.0,0.22916206261510128,0.22916206261510128,167.2239559452275,282.17063362455866,656.2107758710666,530.1111691965127,-91.12434927067562,606.2107758710649,1.0527162883032253,1614899103420.0,0.2059093991185303,1.0,0.2059093991185303,1.0003949942401242,1903143.0,0.9359678301812925,0.05
7761537,long,close,1537.95,-248288.0,1536.8791063762678,4469198.0,1280.937135841436,0.11249161193771613,0.04036021977307455,0.1528518317107907,167.26431616500057,282.2363599121943,656.3636277027774,530.2236608084504,-91.12434927067562,606.3636277027757,1.0518650534686622,1614968767919.0,0.10234421783859352,1.0,0.10234421783859352,1.0003949693817857,69664499.0,0.94661686854315,1507.8
7761554,long,close,1537.95,-235220.0,1536.8791063762678,4233978.0,1267.6431122024478,0.1065709054001385,0.038235963457849735,0.14480686885798824,167.30255212845842,282.29862686580327,656.5084345716355,530.3302317138506,-91.12434927067562,606.5084345716338,1.0518695847962642,1614968770044.0,0.167059767960831,1.0,0.167059767960831,1.0003949426428365,2125.0,0.9466189419065528,1509.2
7761711,long,close,1537.95,-222840.0,1536.8791063762678,4011138.0,1253.906655117991,0.10096191037907858,0.03622354432848922,0.1371854547075678,167.3387756727869,282.35761661132744,656.645620026343,530.4311936242296,-91.12434927067562,606.6456200263414,1.051873346643843,1614968815895.0,0.17468464975914075,1.0,0.17468464975914075,1.0003949141243271,45851.0,0.9466380900273903,1509.2
7761816,long,close,1537.95,-211112.0,1536.8791063762678,3800026.0,1239.726356831395,0.09564831638820695,0.03431711043922104,0.12996542682742798,167.37309278322613,282.41350174486325,656.7755854531704,530.5268419406178,-91.12434927067562,606.7755854531688,1.0518767632359096,1614968871438.0,0.1837076654397558,1.0,0.1837076654397558,1.000394883921923,55543.0,0.9466508960954665,1510.6
7761914,long,close,1537.95,-200001.0,1536.8791063762678,3600025.0,1225.1021009342303,0.0906142660102589,0.032510972398322444,0.12312523840858135,167.40560375562444,282.46644559737894,656.8987106915789,530.617456206628,-91.12434927067562,606.8987106915773,1.051879958510549,1614968927422.0,0.19259737742590452,1.0,0.19259737742590452,1.0003948521260684,55984.0,0.9466628484256707,1512.0
7761968,long,close,1537.95,-189475.0,1536.8791063762678,3410550.0,1210.035065999729,0.08584526103516385,0.03079992847621834,0.1166451895113822,167.43640368410067,282.5166030288688,657.0153558810903,530.7033014676632,-91.12434927067562,607.0153558810887,1.0518831444277514,1614968967267.0,0.20271892429114255,1.0,0.20271892429114255,1.000394818822436,39845.0,0.9466694344035385,1513.4
7763507,long,close,1537.95,-189475.0,1536.8791063762678,3221075.0,1193.6280647339368,0.08584526103516385,0.03079992847621834,0.1166451895113822,167.4672036125769,282.5667604603587,657.1320010706016,530.7891467286984,-91.12434927067562,607.1320010706,1.0518681825702059,1614970508115.0,0.20757363064850745,1.0,0.20757363064850745,1.0003947855241795,1540848.0,0.9468571347727679,1513.4
7763550,long,close,1537.95,-189475.0,1536.8791063762678,3031600.0,1175.694026568744,0.08584526103516385,0.03079992847621834,0.1166451895113822,167.49800354105312,282.6169178918486,657.248646260113,530.8749919897335,-91.12434927067562,607.2486462601114,1.0518715553136488,1614970532306.0,0.2235302880247606,1.0,0.2235302880247606,1.000394752231298,24191.0,0.9468623791625514,1514.8
7763566,long,close,1537.95,-189475.0,1536.8791063762678,2842125.0,1156.0093591891082,0.08584526103516385,0.03079992847621834,0.1166451895113822,167.52880346952935,282.66707532333845,657.3652914496244,530.9608372507687,-91.12434927067562,607.3652914496228,1.0518750597236861,1614970545548.0,0.2353706903168938,1.0,0.2353706903168938,1.0003947189437905,13242.0,0.9468643305634011,1516.2
7763586,long,close,1537.95,-189475.0,1536.8791063762678,2652650.0,1134.3045785416602,0.08584526103516385,0.03079992847621834,0.1166451895113822,167.55960339800558,282.71723275482833,657.4819366391357,531.0466825118039,-91.12434927067562,607.4819366391341,1.0518786097715112,1614970554960.0,0.24819734062425902,1.0,0.24819734062425902,1.0003946856616568,9412.0,0.9468667698144633,1517.6
7763596,long,close,1537.95,-189475.0,1536.8791063762678,2463175.0,1110.251898066052,0.08584526103516385,0.03079992847621834,0.1166451895113822,167.5904033264818,282.7673901863182,657.5985818286471,531.132527772839,-91.12434927067562,607.5985818286455,1.0518822350121826,1614970558098.0,0.26245679083087214,1.0,0.26245679083087214,1.0003946523848957,3138.0,0.9468679894399943,1517.6
7763673,long,close,1537.95,-189475.0,1536.8791063762678,2273700.0,1083.4485600506257,0.08584526103516385,0.03079992847621834,0.1166451895113822,167.62120325495803,282.81754761780815,657.7152270181584,531.2183730338742,-91.12434927067562,607.7152270181568,1.051885612338703,1614970581689.0,0.2770620881874966,1.0,0.2770620881874966,1.0003946191135067,23591.0,0.9468773805565834,1519.0
7764008,long,close,1537.95,-189475.0,1536.8791063762678,2084225.0,1053.3941015004364,0.08584526103516385,0.03079992847621834,0.1166451895113822,167.65200318343426,282.867705049298,657.8318722076698,531.3042182949093,-91.12434927067562,607.8318722076682,1.0518863086181638,1614970826985.0,0.29359507087163766,1.0,0.29359507087163766,1.0003945858474887,245296.0,0.9469182380118738,1520.4
7764126,long,close,1537.95,-189475.0,1536.8791063762678,1894750.0,1019.4588132625964,0.08584526103516385,0.03079992847621834,0.1166451895113822,167.6828031119105,282.9178624807879,657.9485173971811,531.3900635559445,-91.12434927067562,607.9485173971796,1.0518888037911545,1614970923418.0,0.3142858342009918,1.0,0.3142858342009918,1.0003945525868414,96433.0,0.9469326295931403,1520.4
7764609,long,close,1537.95,-189475.0,1536.8791063762678,1705275.0,980.8391375553508,0.08584526103516385,0.03079992847621834,0.1166451895113822,167.71360304038672,282.9680199122778,658.0651625866925,531.4759088169797,-91.12434927067562,608.0651625866909,1.0518888334863,1614971223728.0,0.33447002659446634,1.0,0.33447002659446634,1.0003945193315638,300310.0,0.9469915375062902,1521.8
7767956,long,close,1537.95,-189475.0,1536.8791063762678,1515800.0,936.4932255360037,0.08584526103516385,0.03079992847621834,0.1166451895113822,167.74440296886294,283.01817734376766,658.1818077762039,531.5617540780148,-91.12434927067562,608.1818077762023,1.0518533463772317,1614974464211.0,0.357395657905886,1.0,0.357395657905886,1.0003944860816552,3240483.0,0.9473997461715344,1523.2
7768093,long,close,1540.45,-216542.0,1536.8791063762678,1299258.0,876.8806426205774,0.326611704016542,0.03514265312084131,0.3617543571373833,167.77954562198377,283.1737317173367,658.5435621333412,531.8883657820313,-91.12434927067562,608.5435621333396,1.0518638958058937,1614974529374.0,0.3912154810271054,1.0,0.3912154810271054,1.0003945098161542,65163.0,0.9474164550413099,1524.6
7768159,long,close,1540.85,-216543.0,1536.8791063762678,1082715.0,805.1076785533709,0.36310508671556396,0.035133692442483044,0.398238779158047,167.81467931442626,283.3449743923747,658.9418009124993,532.2514708687469,-91.12434927067562,608.9418009124977,1.0518758092860612,1614974575643.0,0.4305784976001965,1.0,0.4305784976001965,1.00039454197076,46269.0,0.9474245045698149,1524.6
7768202,long,close,1541.45,-216543.0,1536.8791063762678,866172.0,717.0367250392983,0.41780738770616316,0.03512001686723539,0.45292740457339853,167.8497993312935,283.53973317634126,659.3947283170727,532.669278256453,-91.12434927067562,609.3947283170711,1.0518895864526068,1614974608650.0,0.4775929153207859,1.0,0.4775929153207859,1.0003945867506459,33007.0,0.9474297489595984,1526.0
7768232,long,close,1542.35,-216543.0,1536.8791063762678,649629.0,606.4209779859094,0.49978103877242885,0.03509952345446883,0.5348805622268977,167.88489885474797,283.7697318180988,659.9296088792996,533.1690592952255,-91.12434927067562,609.929608879298,1.051906217941489,1614974616675.0,0.5350107162288523,1.0,0.5350107162288523,1.0003946504447199,8025.0,0.9474334078361916,1527.4
7768233,long,close,1542.4,-649629.0,1536.8791063762678,0.0,0.0,1.5129969765822693,0.10529515689834024,1.6182921334806095,167.9901940116463,284.4655974354955,661.5479010127802,534.6820562718077,-91.12434927067562,611.5479010127787,1.0519567483469159,1614974616755.0,1.0,1.0,1.0,1.0003949647346482,80.0,0.9474335297987447,
7783428,long,entry,1522.6,464576.0,1522.6,464576.0,484.74304409346007,0.0,0.07628004728753449,0.07628004728753449,168.06647405893384,284.4983978558292,661.6241810600678,534.6820562718077,-91.12434927067562,611.6241810600662,1.0517380894784236,1614992968193.0,1.0,1.0,1.0,1.0003949219738435,18351438.0,0.9492867507931835,1513.4
7783463,long,close,1523.65,-464576.0,1522.6,0.0,0.0,0.21026889286103512,0.07622748006431923,0.28649637292535435,168.14270153899815,284.62159129618703,661.9106774329931,534.8923251646687,-91.12434927067562,611.9106774329916,1.0517467332573835,1614992988996.0,0.6815300938877472,1.0,0.6815300938877472,1.000394927797308,20803.0,0.9492910194825421,
7783483,long,entry,1522.45,464785.0,1522.45,464785.0,484.6953117361397,0.0,0.07632188249203585,0.07632188249203585,168.2190234214902,284.6544097056586,661.9869993154851,534.8923251646687,-91.12434927067562,611.9869993154837,1.0517489992967686,1614992997538.0,1.0,1.0,1.0,1.0003948850552224,8542.0,0.9492934587336043,1513.4
7783524,long,close,1523.5,-464785.0,1522.45,0.0,0.0,0.2104049271194846,0.07626928126025599,0.2866742083797406,168.29529270275046,284.7776796152619,662.2736735238649,535.1027300917882,-91.12434927067562,612.2736735238634,1.0517575682924392,1614993024626.0,0.6815300688352839,1.0,0.6815300688352839,1.000394890887333,27088.0,0.9492984591982816,
7808309,long,entry,1562.3,477212.0,1562.3,477212.0,497.3819757678682,0.0,0.07636369455290277,0.07636369455290277,168.37165639730335,284.81051600391964,662.3500372184178,535.1027300917882,-91.12434927067562,612.3500372184163,1.0514244515285869,1615021167564.0,1.0,1.0,1.0,1.0003948481639393,28142938.0,0.9523213010770025,1552.95
7808345,long,close,1563.4,-477212.0,1562.3,0.0,0.0,0.2149163720307088,0.0763099654598951,0.2912263374906039,168.44796636276325,284.93574332904063,662.6412635559085,535.317646463819,-91.12434927067562,612.6412635559069,1.0514332664132309,1615021180687.0,0.6815634458415005,1.0,0.6815634458415005,1.0003948550135089,13123.0,0.9523256917289143,
7813625,long,entry,1554.8,475185.0,1554.8,475185.0,494.994458994408,0.0,0.07640612940571136,0.07640612940571136,168.52437249216896,284.9685979646851,662.7176696853141,535.317646463819,-91.12434927067562,612.7176696853126,1.0513469733796708,1615028676720.0,1.0,1.0,1.0,1.0003948123086588,7496033.0,0.9529696540093116,1545.7
7814581,long,reentry,1545.7,880517.0,1548.8896268501485,1355702.0,894.7865960434715,0.0,0.1424139548424662,0.1424139548424662,168.66678644701142,285.02983596526735,662.8600836401566,535.317646463819,-91.12434927067562,612.860083640155,1.051344740219139,1615029236671.0,0.6797499699191875,1.0,0.6797499699191875,1.000394784829332,559951.0,0.9530862502100805,1535.8
7815624,long,close,1549.95,-193671.0,1548.8896268501485,1162031.0,833.9488571835407,0.08554313406341568,0.03123826575050808,0.11678139981392377,168.69802471276194,285.08005196718733,662.9768650399706,535.4031895978824,-91.12434927067562,612.976865039969,1.0513429630936748,1615029691231.0,0.41981741219421526,1.0,0.41981741219421526,1.0003947514455085,454560.0,0.9532134571529696,1537.2
7815901,long,close,1549.95,-193671.0,1548.8896268501485,968360.0,761.4665788072872,0.08554313406341568,0.03123826575050808,0.11678139981392377,168.72926297851245,285.1302679691073,663.0936464397845,535.4887327319458,-91.12434927067562,613.0936464397829,1.051344041017965,1615029903830.0,0.46047172337223224,1.0,0.46047172337223224,1.0003947180671409,212599.0,0.9532472407801799,1537.2
7816021,long,close,1549.95,-193672.0,1548.8896268501485,774688.0,673.6422456122451,0.08554357575646246,0.031238427046033742,0.1167820028024962,168.76050140555847,285.1804842303124,663.2104284425869,535.5742763077022,-91.12434927067562,613.2104284425855,1.0510928320617092,1615051600201.0,0.5078421801917741,1.0,0.5078421801917741,1.0003946846943668,21696371.0,0.9532618762865525,1538.6
7816032,long,close,1550.0,-774688.0,1548.8896268501485,0.0,0.0,0.3582973621463723,0.12494967741935484,0.4832470395657271,168.88545108297782,285.38828045732566,663.6936754821527,535.9325736698486,-91.12434927067562,613.6936754821512,1.051107532715701,1615051605103.0,0.565378079543053,1.0,0.565378079543053,1.0003947356570826,4902.0,0.9532632178746366,
7891497,long,entry,1651.3,505479.0,1651.3,505479.0,525.7165015437961,0.0,0.07652743293162964,0.07652743293162964,168.96197851590946,285.4211872534862,663.7702029150843,535.9325736698486,-91.12434927067562,613.7702029150828,1.0507986473389832,1615078392450.0,1.0,1.0,1.0,1.0003946930095424,26787347.0,0.9624671219447466,1642.5
7892193,long,reentry,1642.5,936652.0,1645.5844737405964,1442131.0,950.5047741801241,0.0,0.14256499238964992,0.14256499238964992,169.10454350829912,285.4824902002138,663.912767907474,535.9325736698486,-91.12434927067562,613.9127679074725,1.050799458307085,1615078696684.0,0.6799193268934847,1.0,0.6799193268934847,1.0003946655563014,304234.0,0.962552007881708,1632.0
7893279,long,close,1646.75,-206018.0,1645.5844737405964,1236113.0,885.8652315511008,0.08860931438704163,0.03127645362076818,0.11988576800780981,169.13581996191988,285.53404108045714,664.0326536754817,536.0211829842356,-91.12434927067562,614.0326536754803,1.050799259221017,1615079028757.0,0.418918065608972,1.0,0.418918065608972,1.000394632892093,332073.0,0.9626844592143806,1632.0
7893337,long,close,1646.75,-206018.0,1645.5844737405964,1030095.0,808.8560279621063,0.08860931438704163,0.03127645362076818,0.11988576800780981,169.16709641554064,285.58559196070047,664.1525394434894,536.1097922986226,-91.12434927067562,614.1525394434882,1.0508021602178688,1615079092273.0,0.46198704469885465,1.0,0.46198704469885465,1.0003946002328763,63516.0,0.9626915330424608,1633.5
7893534,long,close,1646.75,-206019.0,1645.5844737405964,824076.0,715.5503278320339,0.08860974449176251,0.031276605434947626,0.11988634992671013,169.1983730209756,285.637143091169,664.2724257934162,536.1984020431144,-91.12434927067562,614.2724257934149,1.0508038085233744,1615079264216.0,0.5084286803232513,1.0,0.5084286803232513,1.000394567578785,171943.0,0.9627155596654225,1635.0
7893535,long,close,1647.0,-824076.0,1645.5844737405964,0.0,0.0,0.430399161172693,0.1250874316939891,0.5554865928666821,169.3234604526696,285.8760023261016,664.8279123862828,536.628801204287,-91.12434927067562,614.8279123862816,1.0508206113155172,1615079266360.0,1.0,1.0,1.0,1.0003946349115196,2144.0,0.9627156816279757,
7935001,long,entry,1652.0,506558.0,1652.0,506558.0,525.9397190359318,0.0,0.07665829297820824,0.07665829297820824,169.4001187456478,285.9089653920822,664.904570679261,536.628801204287,-91.12434927067562,614.9045706792598,1.0500796623962079,1615144568518.0,1.0,1.0,1.0,1.000394592318374,65302158.0,0.9677729808550501,1642.5
7935033,long,close,1653.15,-506558.0,1652.0,0.0,0.0,0.21330680682319966,0.07660496627650243,0.28991177309970206,169.4767237119243,286.0336274545151,665.1944824523607,536.8421080111102,-91.12434927067562,615.1944824523595,1.0500882976353723,1615144569348.0,0.681354870173014,1.0,0.681354870173014,1.0003945986334573,830.0,0.9677768836567495,
7935491,long,entry,1650.65,506423.0,1650.65,506423.0,525.5098391991352,0.0,0.07670054221064429,0.07670054221064429,169.55342425413494,286.0666086876657,665.2711829945714,536.8421080111102,-91.12434927067562,615.2711829945702,1.0500876443443572,1615144831415.0,1.0,1.0,1.0,1.000394556058822,262067.0,0.9678327425060719,1641.0
7936121,long,reentry,1641.0,938401.0,1644.3824064038251,1444824.0,949.9506245558325,0.0,0.14296176112126754,0.14296176112126754,169.6963860152562,286.12808224494785,665.4141447556926,536.8421080111102,-91.12434927067562,615.4141447556914,1.050090300231983,1615144974481.0,0.6797526803381363,1.0,0.6797526803381363,1.0003945286769673,143066.0,0.9679095789145284,1630.5
7936892,long,reentry,1630.5,2677258.0,1635.3658988224884,4122082.0,1320.7370403168882,0.0,0.4104964734743944,0.4104964734743944,170.10688248873058,286.3045957285418,665.824641229167,536.8421080111102,-91.12434927067562,615.8246412291658,1.05010029851421,1615145173283.0,0.41736905482791103,1.0,0.41736905482791103,1.0003945625563446,198802.0,0.9680036120429728,1608.0
7937032,long,close,1636.5,-216951.0,1635.3658988224884,3905131.0,1305.2241582976894,0.09193534507889858,0.033142529789184236,0.1250778748680828,170.14002501851976,286.3583792147351,665.9497191040351,536.9340433561891,-91.12434927067562,615.9497191040339,1.0501038746371198,1615145186502.0,0.18983128431058266,1.0,0.18983128431058266,1.0003945310618545,13219.0,0.9680206868004075,1609.5
7937050,long,close,1637.55,-216951.0,1635.3658988224884,3688180.0,1288.2736834163154,0.17693954349395105,0.03312127873958047,0.2100608222335315,170.17314629725934,286.4487053682955,666.1597799262687,537.1109828996831,-91.12434927067562,616.1597799262674,1.050110110558965,1615145188060.0,0.20242947858375226,1.0,0.20242947858375226,1.0003945190125423,1558.0,0.9680228821263634,1609.5
7937068,long,close,1638.7,-230511.0,1635.3658988224884,3457669.0,1268.4593714047019,0.2867847399951088,0.035166748031976565,0.32195148802708534,170.2083130452913,286.5871445081472,666.4817314142958,537.3977676396782,-91.12434927067562,616.4817314142946,1.050119686555247,1615145188468.0,0.2133640572654849,1.0,0.2133640572654849,1.0003945325324546,408.0,0.9680250774523194,1611.0
7937069,long,close,1638.85,-230511.0,1635.3658988224884,3227158.0,1246.5416984591661,0.2996596515606417,0.03516352930408518,0.3348231808647269,170.24347657459538,286.73111847591906,666.8165545951606,537.6974272912389,-91.12434927067562,616.8165545951593,1.0501296442590136,1615145188565.0,1.0,1.0,1.0,1.0003945489533146,97.0,0.9680251994148724,1612.5
7937071,long,close,1639.0,-230511.0,1635.3658988224884,2996647.0,1222.1684570130933,0.31253220652248354,0.035160311165344724,0.3476925176878283,170.27863688576073,286.88062625852484,667.1642471128484,538.0099594977614,-91.12434927067562,617.1642471128472,1.050139980245531,1615145188600.0,1.0,1.0,1.0,1.000394568268867,35.0,0.9680254433399786,1614.0
7937130,long,close,1639.15,-230511.0,1635.3658988224884,2766136.0,1194.9041545673524,0.32540240552757843,0.035157093615593445,0.36055949914317187,170.31379397937633,287.0356668431564,667.5248066119916,538.335361903289,-91.12434927067562,617.5248066119904,1.0501506310075297,1615145194170.0,0.25416137856583576,1.0,0.25416137856583576,1.0003945904727005,5570.0,0.9680326391306119,1614.0
7937132,long,close,1639.35,-230511.0,1635.3658988224884,2535625.0,1164.2015592604569,0.34255900716387944,0.03515280446518437,0.3777118116290638,170.3489467838415,287.1980829221569,667.9025184236207,538.6779209104529,-91.12434927067562,617.9025184236194,1.0501618407014546,1615145194808.0,1.0,1.0,1.0,1.0003946165357505,638.0,0.9680328830557181,1615.5
7937138,long,close,1639.6,-230511.0,1635.3658988224884,2305114.0,1129.366980616284,0.3639988732685258,0.03514744449865821,0.399146317767184,170.38409422834016,287.36971583879676,668.3016647413879,539.0419197837215,-91.12434927067562,618.3016647413866,1.0501736765505594,1615145195768.0,0.28990450792286865,1.0,0.28990450792286865,1.0003946474251908,960.0,0.9680336148310368,1617.0
7937230,long,close,1636.5,-209555.0,1635.3658988224884,2095559.0,1093.5180283616182,0.0888012096648948,0.03201267949893064,0.12081388916382543,170.4161069078391,287.42166581113725,668.4224786305517,539.1307209933864,-91.12434927067562,618.4224786305505,1.0501769279961481,1615145225398.0,0.30950906051829047,1.0,0.30950906051829047,1.0003946148791152,29630.0,0.9680448353859225,1618.5
7937246,long,close,1638.55,-232839.0,1635.3658988224884,1862720.0,1047.6816015800134,0.27667374520853005,0.03552515943974856,0.3121989046482786,170.45163206727884,287.555911340136,668.7346775352,539.4073947385949,-91.12434927067562,618.7346775351988,1.050186165635349,1615145227343.0,0.3320191635187574,1.0,0.3320191635187574,1.0003946259015901,1945.0,0.9680467867867721,1620.0
7937294,long,close,1641.15,-266102.0,1635.3658988224884,1596618.0,985.5492438171881,0.5734833391871692,0.040535904700971875,0.6140192438881411,170.4921679719798,287.8199396150079,669.3486967790882,539.9808780777821,-91.12434927067562,619.3486967790869,1.050204315938195,1615145231657.0,0.3607604859330587,1.0,0.3607604859330587,1.0003947055209728,4314.0,0.9680526409893212,1620.0
7937302,long,close,1641.8,-266103.0,1635.3658988224884,1330515.0,909.9553944420941,0.6376795181201317,0.04052000852722622,0.6781995266473579,170.53268798050703,288.11156541146624,670.0268963057355,540.6185575959022,-91.12434927067562,620.0268963057343,1.0502243972360208,1615145231718.0,0.3996044813785025,1.0,0.3996044813785025,1.0003947995630151,61.0,0.9680536166897461,1621.5
7937367,long,close,1642.7,-266103.0,1635.3658988224884,1064412.0,816.0089228468936,0.7264796829085877,0.0404978084860291,0.7669774913946168,170.57318578899307,288.441365732766,670.7938737971301,541.3450372788108,-91.12434927067562,620.793873797129,1.0502469286798493,1615145245520.0,0.4453689730033255,1.0,0.4453689730033255,1.0003949135557355,13802.0,0.9680615442556979,1623.0
7937459,long,close,1641.15,-266103.0,1635.3658988224884,798309.0,696.3036454721911,0.5734854943131705,0.040536057033177954,0.6140215513463485,170.61372184602624,288.7053949998449,671.4078953484765,541.918522773124,-91.12434927067562,621.4078953484753,1.050264699314375,1615145278690.0,0.50264586892979,1.0,0.50264586892979,1.0003949926672762,33170.0,0.9680727648105836,1624.5
7937461,long,close,1641.6,-798309.0,1635.3658988224884,0.0,0.0,1.8537987758117551,0.1215748355263158,1.9753736113380709,170.73529668155254,289.5548056527203,673.3832689598146,543.7723215489358,-91.12434927067562,623.3832689598134,1.0503229386785498,1615145280570.0,0.5759804856607551,1.0,0.5759804856607551,1.0003953793968343,1880.0,0.9680730087356898,
7937493,long,entry,1641.95,509955.0,1641.95,509955.0,522.7399087717314,0.0,0.07764472121562775,0.07764472121562775,170.81294140276816,289.588192882843,673.4609136810302,543.7723215489358,-91.12434927067562,623.4609136810291,1.050325067400285,1615145294577.0,1.0,1.0,1.0,1.0003953368199667,14007.0,0.9680769115373892,1632.0
7937530,long,close,1643.1,-509955.0,1641.95,0.0,0.0,0.21737308599101285,0.07759037794413,0.29496346393514283,170.89053178071228,289.7150271723351,673.7558771449653,543.9896946349268,-91.12434927067562,623.7558771449642,1.0503335573989385,1615145311795.0,0.6814503907545818,1.0,0.6814503907545818,1.0003953433007926,17218.0,0.9680814241518542,
7955951,long,entry,1648.7,512335.0,1648.7,512335.0,524.889054975314,0.0,0.07768772366106629,0.07768772366106629,170.96821950437334,289.74843289350935,673.8335648686264,543.9896946349268,-91.12434927067562,623.8335648686252,1.0501516586811348,1615161711149.0,1.0,1.0,1.0,1.0003953007423594,16399354.0,0.9703280963426113,1639.5
7956130,long,close,1649.85,-512335.0,1648.7,0.0,0.0,0.21660364811399715,0.0776335727490378,0.29423722086303494,171.0458530771224,289.87495489848044,674.1278020894894,544.2062982830407,-91.12434927067562,624.1278020894882,1.0501590919053685,1615161817683.0,0.6813736880594202,1.0,0.6813736880594202,1.0003953070261593,106534.0,0.9703499276396172,
7956159,long,entry,1648.05,512416.0,1648.05,512416.0,524.6823164568178,0.0,0.07773065137586845,0.07773065137586845,171.12358372849826,289.90837907857207,674.2055327408652,544.2062982830407,-91.12434927067562,624.2055327408641,1.0501611783592006,1615161834797.0,1.0,1.0,1.0,1.0003952644861775,17114.0,0.9703534645536573,1639.5
7956527,long,close,1649.2,-512416.0,1648.05,0.0,0.0,0.21680875353440965,0.07767644918748484,0.2944852027218945,171.20126017768575,290.0350077157425,674.5000179435872,544.4231070365752,-91.12434927067562,624.500017943586,1.0501681986180917,1615161978417.0,0.6806364864222912,1.0,0.6806364864222912,1.0003952707928485,143620.0,0.9703983467732001,
7956660,long,entry,1646.35,512170.0,1646.35,512170.0,524.1410475307054,0.0,0.07777355969265345,0.07777355969265345,171.2790337373784,290.0684503464103,674.5777915032799,544.4231070365752,-91.12434927067562,624.5777915032787,1.0501698815529013,1615162031572.0,1.0,1.0,1.0,1.0003952282712885,53155.0,0.9704145677927631,1636.5
7956799,long,close,1647.5,-512170.0,1646.35,0.0,0.0,0.21715227592490366,0.07771927162367223,0.2948715475485759,171.35675300900206,290.19524511185625,674.8726630508285,544.6402593125001,-91.12434927067562,624.8726630508273,1.0501774244811461,1615162129043.0,0.6811891076726951,1.0,0.6811891076726951,1.0003952346319027,97471.0,0.9704315205876448,
7957184,long,entry,1644.85,511986.0,1644.85,511986.0,523.6634551868452,0.0,0.07781651822354622,0.07781651822354622,171.43456952722562,290.22870621469235,674.950479569052,544.6402593125001,-91.12434927067562,624.9504795690509,1.050176046216031,1615162455638.0,1.0,1.0,1.0,1.0003951921287426,326595.0,0.9704784761705905,1635.0
7957418,long,close,1646.0,-511986.0,1644.85,0.0,0.0,0.21747022103792737,0.07776215066828675,0.29523237170621414,171.5123316778939,290.35565613452604,675.2457119407583,544.8577295335381,-91.12434927067562,625.2457119407571,1.0501831400921755,1615162593667.0,0.6811984322495768,1.0,0.6811984322495768,1.0003951985374193,138029.0,0.9705070154080172,
7961159,long,entry,1639.75,510681.0,1639.75,510681.0,522.0400199321625,0.0,0.07785958225339229,0.07785958225339229,171.5901912601473,290.389135754895,675.3235715230117,544.8577295335381,-91.12434927067562,625.3235715230105,1.0501507524640894,1615165692104.0,1.0,1.0,1.0,1.0003951560526512,3098437.0,0.9709632773191851,1630.5
7961512,long,close,1640.9,-510681.0,1639.75,0.0,0.0,0.21826685255995557,0.0778050155402523,0.29607186810020786,171.66799627568756,290.5164466581781,675.6196433911118,545.075996386098,-91.12434927067562,625.6196433911107,1.050158860002912,1615165740853.0,0.6808656193103297,1.0,0.6808656193103297,1.0003951626168153,48749.0,0.9710063301004312,
7961603,long,entry,1638.25,510496.0,1638.25,510496.0,521.562200829232,0.0,0.07790264001220816,0.07790264001220816,171.74589891569977,290.5499447933833,675.697546031124,545.075996386098,-91.12434927067562,625.6975460311229,1.0501608591858842,1615165765612.0,1.0,1.0,1.0,1.0003951201503771,24759.0,0.9710174286927639,1629.0
7962454,long,close,1639.4,-510496.0,1638.25,0.0,0.0,0.21858737590349625,0.07784799316823228,0.2964353690717285,171.823746908868,290.6774120020842,675.9939814001958,545.2945837620016,-91.12434927067562,625.9939814001946,1.0501652508935004,1615166147134.0,0.6808943676287241,1.0,0.6808943676287241,1.000395126762793,381522.0,0.9711212188254567,
7997477,long,entry,1718.3,535737.0,1718.3,535737.0,547.0472884669945,0.0,0.07794578944305418,0.07794578944305418,171.90169269831105,290.7109286915447,676.0719271896389,545.2945837620016,-91.12434927067562,626.0719271896377,1.0499175613177572,1615188611338.0,1.0,1.0,1.0,1.000395084314674,22464204.0,0.9753927133228723,1708.8
7997762,long,close,1719.5,-535737.0,1718.3,0.0,0.0,0.21758638518560403,0.07789139284675778,0.2954777780323618,171.97958409115782,290.83798413609867,676.3674049676713,545.5121701471872,-91.12434927067562,626.36740496767,1.0499251665173412,1615188699461.0,0.6810219892320732,1.0,0.6810219892320732,1.000395090678885,88123.0,0.9754274726505073,
8013645,long,entry,1719.2,536314.0,1719.2,536314.0,547.3340253265862,0.0,0.07798889018147977,0.07798889018147977,172.0575729813393,290.8715193588767,676.4453938578528,545.5121701471872,-91.12434927067562,626.4453938578515,1.049753520964409,1615204458855.0,1.0,1.0,1.0,1.000395048249121,15759394.0,0.9773646038814826,1708.8
8013782,long,close,1720.4,-536314.0,1719.2,0.0,0.0,0.21759281148053367,0.07793449197860963,0.2955273034591433,172.1355074733179,290.99859609936414,676.7409211613119,545.7297629586678,-91.12434927067562,626.7409211613107,1.0497615680700148,1615204504312.0,0.6812636703199475,1.0,0.6812636703199475,1.0003950545913887,45457.0,0.9773813127512581,
8015149,long,entry,1715.8,535549.0,1715.8,535549.0,546.2516256680577,0.0,0.07803196759529082,0.07803196759529082,172.21353944091317,291.03214984543007,676.8189531289072,545.7297629586678,-91.12434927067562,626.818953128906,1.0497522154643564,1615205559987.0,1.0,1.0,1.0,1.0003950121799619,1055675.0,0.9775480355613534,1706.55
8015443,long,close,1717.0,-535549.0,1715.8,0.0,0.0,0.2181441144189922,0.07797743156668609,0.2961215459856783,172.29151687247986,291.15948211020395,677.1150746748929,545.9479070730869,-91.12434927067562,627.1150746748916,1.049760045131675,1615205626178.0,0.6806573174312018,1.0,0.6806573174312018,1.000395018622293,66191.0,0.9775838925519664,
8015508,long,entry,1714.5,535439.0,1714.5,535439.0,545.8376791557489,0.0,0.07807509477981919,0.07807509477981919,172.36959196725968,291.1930544009592,677.1931497696727,545.9479070730869,-91.12434927067562,627.1931497696714,1.0497620332104645,1615205650508.0,1.0,1.0,1.0,1.000394976229169,24330.0,0.9775918201179182,1705.0
8015976,long,reentry,1705.0,992168.0,1708.3298292689153,1527607.0,986.8072352727535,0.0,0.1454791788856305,0.1454791788856305,172.51507114614532,291.25561044788003,677.3386289485583,545.9479070730869,-91.12434927067562,627.338628948557,1.0497648863102582,1615205773194.0,0.6798512102080713,1.0,0.6798512102080713,1.0003949489313304,122686.0,0.9776488985927717,1694.15
8017130,long,reentry,1694.15,2830655.0,1699.1201478364542,4358262.0,1372.1405883604173,0.0,0.41771020865920966,0.41771020865920966,172.93278135480452,291.43522583760347,677.7563391572174,545.9479070730869,-91.12434927067562,627.7563391572162,1.0497745228724928,1615205993581.0,0.4175035503968163,1.0,0.4175035503968163,1.0003949825201535,220387.0,0.9777896433790555,1670.9
8018244,long,close,1700.3,-229382.0,1699.1201478364542,4128880.0,1356.0202230512464,0.09367792961957656,0.03372669528906663,0.12740462490864318,172.96650805009358,291.49000982631424,677.8837437821261,546.0415850027065,-91.12434927067562,627.8837437821248,1.0497740141963963,1615206374161.0,0.18615623466167422,1.0,0.18615623466167422,1.0003949511623902,380580.0,0.977925509663215,1670.9
8018264,long,close,1701.4,-229382.0,1699.1201478364542,3899498.0,1338.405747323226,0.18089872383133213,0.033704890090513695,0.21460361392184582,173.0002129401841,291.5822893803006,678.0983473960479,546.2224837265378,-91.12434927067562,628.0983473960467,1.0497801834706368,1615206376173.0,0.20252868557324966,1.0,0.20252868557324966,1.0003949392927183,2012.0,0.9779279489142771,1672.45
8018269,long,close,1701.45,-229382.0,1699.1201478364542,3670116.0,1319.126706161666,0.184860625749182,0.033703899615034234,0.21856452536421622,173.03391683979913,291.67627212620715,678.316911921412,546.4073443522869,-91.12434927067562,628.3169119214109,1.0497864868164721,1615206376205.0,1.0,1.0,1.0,1.0003949282960305,32.0,0.9779285587270427,1674.0
8018301,long,close,1700.3,-215889.0,1699.1201478364542,3454227.0,1299.2840098595516,0.08816748719446497,0.031742780685761335,0.11991026788022631,173.0656596204849,291.7278335413957,678.4368221892923,546.4955118394814,-91.12434927067562,628.4368221892911,1.0497897209462295,1615206396513.0,0.22404311402254934,1.0,0.22404311402254934,1.0003948952640989,20308.0,0.977932461528742,1675.55
8018314,long,close,1701.6,-230281.0,1699.1201478364542,3223946.0,1275.9253233468626,0.19751602244903113,0.03383301010813352,0.23134903255716466,173.09949263059303,291.8273136253953,678.6681712218494,546.6930278619304,-91.12434927067562,628.6681712218483,1.0497963318625505,1615206401798.0,0.23614215005758454,1.0,0.23614215005758454,1.0003948871058101,5285.0,0.9779340470419324,1675.55
8018343,long,close,1701.7,-230281.0,1699.1201478364542,2993665.0,1249.9913012680015,0.20546877795427032,0.03383102191925721,0.23929979987352754,173.1333236525123,291.93021253934086,678.9074710217229,546.8984966398847,-91.12434927067562,628.9074710217218,1.049803091233375,1615206414206.0,0.24989692924934592,1.0,0.24989692924934592,1.0003948807056386,12408.0,0.9779375839559725,1677.1
8018344,long,close,1701.8,-230281.0,1699.1201478364542,2763384.0,1221.0322663261277,0.21342059883082512,0.03382903396403807,0.2472496327948632,173.16715268647633,292.0365298814426,679.1547206545177,547.1119172387155,-91.12434927067562,629.1547206545166,1.049810213194396,1615206414252.0,1.0,1.0,1.0,1.000394876060716,46.0,0.9779377059185256,1678.65
8018805,long,close,1700.3,-212568.0,1699.1201478364542,2550816.0,1191.1982178458309,0.08681121510569334,0.03125448450273481,0.11806569960842815,173.19840717097907,292.08729813227427,679.2727863541262,547.1987284538212,-91.12434927067562,629.2727863541251,1.0498103967588808,1615206706537.0,0.27877597972467355,1.0,0.27877597972467355,1.000394842612637,292285.0,0.9779939306555072,1680.2
8018874,long,close,1702.05,-231892.0,1699.1201478364542,2318924.0,1154.4459589287103,0.23492815588357313,0.03406069151905056,0.2689888474026237,173.2324678624981,292.2029633366574,679.5417752015288,547.4336566097048,-91.12434927067562,629.5417752015277,1.0498179059142965,1615206727873.0,0.2993363814800124,1.0,0.2993363814800124,1.000394842787026,21336.0,0.9780023460716716,1680.2
8018923,long,close,1702.25,-231892.0,1699.1201478364542,2087032.0,1112.484939607864,0.2509355303674854,0.03405668967542958,0.28499222004291497,173.26652455217354,292.3255099912759,679.8267674215718,547.6845921400724,-91.12434927067562,629.8267674215706,1.04982578403267,1615206757240.0,0.3216922007528363,1.0,0.3216922007528363,1.0003948464998873,29367.0,0.9780083222367737,1681.75
8018924,long,close,1702.45,-231892.0,1699.1201478364542,1855140.0,1064.1270473183233,0.2669391438306269,0.03405268877206379,0.3009918326026907,173.3005772409456,292.45493647929504,680.1277592541745,547.951531283903,-91.12434927067562,630.1277592541733,1.0498344416326901,1615206757285.0,1.0,1.0,1.0,1.0003948537443206,45.0,0.9780084441993269,1683.3
8018925,long,close,1702.7,-231892.0,1699.1201478364542,1623248.0,1007.7905916242004,0.28693837374316855,0.03404768896458566,0.3209860627077542,173.33462492991018,292.5929604862594,680.4487453168823,548.2384696576462,-91.12434927067562,630.4487453168811,1.0498436684667414,1615206757490.0,1.0,1.0,1.0,1.0003948654021073,205.0,0.9780085661618799,1684.85
8018934,long,close,1703.05,-231892.0,1699.1201478364542,1391356.0,941.3247471850166,0.31492743134595025,0.034040691700184963,0.3489681230461352,173.36866562161038,292.74301677916924,680.7977134399284,548.5533970889921,-91.12434927067562,630.7977134399272,1.0498536036520374,1615206765989.0,0.40819156050020533,1.0,0.40819156050020533,1.0003948832396667,8499.0,0.9780096638248579,1684.85
8018939,long,close,1703.55,-231892.0,1699.1201478364542,1159464.0,861.7308269872674,0.35489184882731084,0.034030700595814624,0.3889225494231255,173.4026963222062,292.91025347542114,681.1866359893515,548.9082889378194,-91.12434927067562,631.1866359893503,1.04986476251365,1615206767096.0,1.0,1.0,1.0,1.0003949099027012,1107.0,0.9780102736376234,1686.4
8018966,long,close,1705.15,-289866.0,1699.1201478364542,869598.0,736.9825416152494,0.6032776873647386,0.04249860716066035,0.645776294525399,173.44519492936686,293.1879372820671,681.8324122838769,549.5115666251842,-91.12434927067562,631.8324122838757,1.0498832837816672,1615206768330.0,0.49418552696430174,1.0,0.49418552696430174,1.0003949934809895,1234.0,0.9780135666265573,1687.95
8018973,long,close,1705.15,-869598.0,1699.1201478364542,0.0,0.0,1.8098330620942158,0.12749582148198105,1.9373288835761968,173.57269075084884,294.0209887020048,683.769741167453,551.3213996872784,-91.12434927067562,633.7697411674519,1.049938774599161,1615206769289.0,0.5677775252974903,1.0,0.5677775252974903,1.000395362738518,959.0,0.978014420364429,
8019338,long,entry,1697.05,535198.0,1697.05,535198.0,540.282146721049,0.0,0.07884240299342977,0.07884240299342977,173.65153315384225,294.054890935292,683.8485835704465,551.3213996872784,-91.12434927067562,633.8485835704454,1.0499385777980774,1615206991548.0,1.0,1.0,1.0,1.0003953204150888,222259.0,0.9780589366963125,1687.95
8019549,long,close,1698.25,-535198.0,1697.05,0.0,0.0,0.22284324120029844,0.07878669218312968,0.30162993338342814,173.7303198460254,294.1845918066469,684.15021350383,551.5442429284786,-91.12434927067562,634.1502135038288,1.0499463472670103,1615207069164.0,0.6810613065401128,1.0,0.6810613065401128,1.0003953273278574,77616.0,0.9780846707950178,
8019594,long,entry,1696.2,535227.0,1696.2,535227.0,540.0111263576877,0.0,0.07888618677042801,0.07888618677042801,173.80920603279583,294.2185128669582,684.2290996906004,551.5442429284786,-91.12434927067562,634.2290996905992,1.0499483782494716,1615207089493.0,1.0,1.0,1.0,1.0003952850225462,20329.0,0.9780901591099075,1686.4
8020243,long,reentry,1686.4,991775.0,1689.8349821414772,1527002.0,976.1890282039388,0.0,0.14702546845351044,0.14702546845351044,173.95623150124933,294.28173381839315,684.3761251590539,551.5442429284786,-91.12434927067562,634.3761251590528,1.0499495796988894,1615207361466.0,0.6797656844228859,1.0,0.6797656844228859,1.0003952577723203,271973.0,0.978169312806873,1675.55
8020521,long,close,1691.0,-218143.0,1689.8349821414772,1308859.0,909.8143021093898,0.08893771353167379,0.03225059136605559,0.12118830489772939,173.98848209261538,294.3338447894992,684.4973134639516,551.6331806420103,-91.12434927067562,634.4973134639505,1.0499520878608486,1615207448017.0,0.42009146748808096,1.0,0.42009146748808096,1.0003952248210892,86551.0,0.9782032183966364,1677.1
8020816,long,close,1691.0,-218143.0,1689.8349821414772,1090716.0,830.7355948700776,0.08893771353167379,0.03225059136605559,0.12118830489772939,174.02073268398144,294.3859557606052,684.6185017688493,551.722118355542,-91.12434927067562,634.6185017688482,1.0499536590159149,1615207619418.0,0.46043511913806795,1.0,0.46043511913806795,1.0003951918750749,171401.0,0.9782391973498025,1677.1
8020932,long,close,1695.8,-272679.0,1689.8349821414772,818037.0,707.4316604255625,0.5676027795314115,0.04019916853402524,0.6078019480654367,174.06093185251547,294.64731059827335,685.2263037169148,552.2897211350734,-91.12434927067562,635.2263037169137,1.049970495378131,1615207666519.0,0.5087747421162655,1.0,0.5087747421162655,1.0003952662234228,47101.0,0.9782533450059627,1678.65
8020934,long,close,1695.9,-818037.0,1689.8349821414772,0.0,0.0,1.7312528236705407,0.12059039448080665,1.8518432181513473,174.18152224699628,295.44360318207845,687.0781469350661,554.0209739587439,-91.12434927067562,637.078146935065,1.0500232770402678,1615207667034.0,1.0,1.0,1.0,1.000395614088405,515.0,0.978253588931069,
8021728,long,entry,1688.85,535189.0,1688.85,535189.0,537.6715489159554,0.0,0.07922388015513515,0.07922388015513515,174.2607461271514,295.47766945054514,687.1573708152213,554.0209739587439,-91.12434927067562,637.1573708152201,1.050016359854587,1615208497207.0,1.0,1.0,1.0,1.000395571778131,830173.0,0.9783504271982347,1678.65
8021740,long,close,1690.0,-535189.0,1688.85,0.0,0.0,0.21563896373589148,0.0791699704142012,0.2948089341500927,174.3399160975656,295.60443729222965,687.4521797493713,554.2366129224797,-91.12434927067562,637.4521797493702,1.0500247018019302,1615208501394.0,0.6815779521388438,1.0,0.6815779521388438,1.0003955768263386,4187.0,0.9783518907488721,
8022352,long,entry,1687.45,535036.0,1687.45,535036.0,537.2255242739739,0.0,0.07926694124270349,0.07926694124270349,174.4191830388083,295.638522076964,687.5314466906141,554.2366129224797,-91.12434927067562,637.5314466906129,1.050021867782175,1615208962003.0,1.0,1.0,1.0,1.0003955345344409,460609.0,0.9784265318313726,1678.65
8022886,long,reentry,1678.65,991421.0,1681.7344739157406,1526457.0,971.353868483826,0.0,0.14765153546004228,0.14765153546004228,174.56683457426834,295.7020122372119,687.6790982260741,554.2366129224797,-91.12434927067562,637.6790982260729,1.0500238098952852,1615209166286.0,0.6799561990504147,1.0,0.6799561990504147,1.0003955072611235,204283.0,0.978491659834731,1667.8
8023560,long,reentry,1667.8,2828524.0,1672.6841488057007,4354981.0,1350.7277189607803,0.0,0.42399028660510857,0.42399028660510857,174.99082486087346,295.88432806045205,688.1030885126792,554.2366129224797,-91.12434927067562,638.103088512678,1.0500337637150252,1615209356173.0,0.4175662608401583,1.0,0.4175662608401583,1.000395540597602,189887.0,0.9785738625955241,1644.55
8023973,long,close,1673.85,-229209.0,1672.6841488057007,4125772.0,1334.8560492435174,0.09544305023606388,0.034233802312035135,0.12967685254809902,175.0250586631855,295.94008910704775,688.2327653652274,554.3320559727158,-91.12434927067562,638.2327653652261,1.0500358309799969,1615209502536.0,0.18928772645052497,1.0,0.18928772645052497,1.0003955093645345,146363.0,0.9786242331299567,1646.1
8024001,long,close,1674.9,-229209.0,1672.6841488057007,3896563.0,1317.514605280986,0.18128815723385217,0.03421234103528569,0.21550049826913786,175.0592710042208,296.0327543213035,688.4482658634965,554.5133441299497,-91.12434927067562,638.4482658634953,1.0500419037439819,1615209506919.0,0.20259495266217598,1.0,0.20259495266217598,1.0003954969412496,4383.0,0.9786276480814436,1646.1
8024002,long,close,1674.95,-229209.0,1672.6841488057007,3667354.0,1298.5344287380708,0.18537333482545096,0.034211319740887786,0.21958465456633874,175.09348232396167,296.12717572276705,688.6678505180629,554.6987174647752,-91.12434927067562,638.6678505180616,1.0500481328092603,1615209507480.0,1.0,1.0,1.0,1.000395485401382,561.0,0.9786277700439968,1647.65
8024047,long,close,1673.85,-215726.0,1672.6841488057007,3451628.0,1278.9982424958675,0.08982870417490202,0.032220031663530185,0.1220487358384322,175.1257023556252,296.1796566791776,688.7898992539014,554.7885461689501,-91.12434927067562,638.7898992539001,1.0500513681057826,1615209528247.0,0.22396795031490419,1.0,0.22396795031490419,1.0003954524974286,20767.0,0.9786332583588865,1649.2
8024064,long,close,1673.85,-215726.0,1672.6841488057007,3235902.0,1257.5559552767243,0.08982870417490202,0.032220031663530185,0.1220487358384322,175.15792238728875,296.2321376355881,688.9119479897398,554.878374873125,-91.12434927067562,638.9119479897386,1.0500547154425441,1615209538820.0,0.23557466903991425,1.0,0.23557466903991425,1.0003954195986609,10573.0,0.9786353317222893,1649.2
8024104,long,close,1673.85,-215726.0,1672.6841488057007,3020176.0,1233.9142994925633,0.08982870417490202,0.032220031663530185,0.1220487358384322,175.1901424189523,296.28461859199865,689.0339967255783,554.9682035773,-91.12434927067562,639.033996725577,1.050057711000374,1615209581162.0,0.24834526447104133,1.0,0.24834526447104133,1.0003953867050777,42342.0,0.9786402102244135,1650.75
8024109,long,close,1673.85,-215726.0,1672.6841488057007,2804450.0,1207.7165934960171,0.08982870417490202,0.032220031663530185,0.1220487358384322,175.22236245061583,296.3370995484092,689.1560454614167,555.0580322814749,-91.12434927067562,639.1560454614155,1.0500610867139932,1615209589054.0,0.26267445503880293,1.0,0.26267445503880293,1.0003953538166785,7892.0,0.9786408200371791,1652.3
8024126,long,close,1675.45,-233704.0,1672.6841488057007,2570746.0,1175.868865292185,0.2306479205158961,0.03487182547972186,0.26551974599561795,175.25723427609555,296.45127303918736,689.4215652074124,555.2886802019908,-91.12434927067562,639.421565207411,1.0500684809524086,1615209601482.0,0.27852289883448306,1.0,0.27852289883448306,1.0003953522994453,12428.0,0.9786428934005819,1653.85
8024157,long,close,1677.3,-257074.0,1672.6841488057007,2313672.0,1135.835081301248,0.42294633540536636,0.038316639837834614,0.461262975243201,175.29555091593338,296.6496161185419,689.8828281826557,555.7116265373962,-91.12434927067562,639.8828281826543,1.050081467139823,1615209609714.0,0.2983029298569685,1.0,0.2983029298569685,1.0003953935207461,8232.0,0.9786466742397282,1653.85
8024176,long,close,1677.65,-257074.0,1672.6841488057007,2056598.0,1089.451384320255,0.4549215959024618,0.038308646022710335,0.4932302419251721,175.33385956195607,296.86170512256973,690.3760584245808,556.1665481332986,-91.12434927067562,640.3760584245795,1.0500953164473308,1615209620987.0,0.32290010056557494,1.0,0.32290010056557494,1.000395441638714,11273.0,0.9786489915282371,1655.4
8024179,long,close,1678.1,-257074.0,1672.6841488057007,1799524.0,1035.079610169278,0.49601304625753845,0.03829837316012157,0.53431141941766,175.3721579351162,297.0914590329194,690.9103698439985,556.6625611795562,-91.12434927067562,640.9103698439972,1.0501104279364923,1615209622372.0,1.0,1.0,1.0,1.0003954986225048,1385.0,0.9786493574158964,1656.95
8024206,long,close,1679.3,-299920.0,1672.6841488057007,1499604.0,958.4602459299418,0.7063971306202049,0.04464955636277021,0.7510466869829752,175.41680749147898,297.41440910832205,691.6614165309815,557.3689583101764,-91.12434927067562,641.6614165309801,1.0501316609896483,1615209623304.0,0.3833489558432706,1.0,0.3833489558432706,1.0003956027028644,932.0,0.9786526504048303,1658.5
8024229,long,close,1680.2,-299920.0,1672.6841488057007,1199684.0,862.6148922442783,0.8020633625604345,0.04462563980478514,0.8466890023652197,175.46143313128377,297.7784853793391,692.5081055333467,558.1710216727369,-91.12434927067562,642.5081055333453,1.0501554456336988,1615209635659.0,0.42925013640806176,1.0,0.42925013640806176,1.0003957273743094,12355.0,0.9786554555435517,1660.05
8024274,long,close,1681.45,-299921.0,1672.6841488057007,899763.0,739.3041125418608,0.934766350822674,0.0445926135180945,0.9793589643407685,175.50602574480186,298.1996097340056,693.4874644976875,559.1057880235595,-91.12434927067562,643.4874644976861,1.0501827447301364,1615209665876.0,0.4866457034282868,1.0,0.4866457034282868,1.0003958805914699,30217.0,0.9786609438584415,1661.6
8024285,long,close,1681.7,-899763.0,1672.6841488057007,0.0,0.0,2.8838482232799443,0.13375795326158055,3.0176061765415247,175.63978369806344,299.49718038991847,696.505070674229,561.9896362468395,-91.12434927067562,646.5050706742277,1.050267644216498,1615209666384.0,0.560369807901846,1.0,0.560369807901846,1.00039647467283,508.0,0.9786622854465257,
8024581,long,entry,1677.55,538902.0,1677.55,538902.0,534.0740823910088,0.0,0.08031087001877737,0.08031087001877737,175.7200945680822,299.5317140640266,696.5853815442479,561.9896362468395,-91.12434927067562,646.5853815442465,1.0502677508659133,1615209859892.0,1.0,1.0,1.0,1.0003964323603594,193508.0,0.9786983863622449,1667.8
8024611,long,close,1678.7,-538902.0,1677.55,0.0,0.0,0.22006910233298607,0.08025585274319415,0.30032495507618023,175.8003504208254,299.66085379470934,696.8857064993241,562.2097053491725,-91.12434927067562,646.8857064993227,1.0502759932942398,1615209876700.0,0.6815300641675559,1.0,0.6815300641675559,1.0003964375816312,16808.0,0.9787020452388381,
8024718,long,entry,1677.1,539052.0,1677.1,539052.0,533.930907999161,0.0,0.0803547790829408,0.0803547790829408,175.88070519990833,299.69540634971503,696.9660612784071,562.2097053491725,-91.12434927067562,646.9660612784057,1.05027756485736,1615209938226.0,1.0,1.0,1.0,1.000396395287475,61526.0,0.9787150952320204,1667.8
8024785,long,close,1678.25,-539052.0,1677.1,0.0,0.0,0.22024846344797455,0.08029971696707881,0.3005481804150534,175.96100491687542,299.8246420672935,697.2666094588221,562.4299538126205,-91.12434927067562,647.2666094588208,1.0502856165444296,1615209972352.0,0.6813494222969915,1.0,0.6813494222969915,1.0003964005255044,34126.0,0.9787232667230784,
8139354,long,entry,1828.25,587955.0,1828.25,587955.0,582.0513950751323,0.0,0.08039860522357445,0.08039860522357445,176.041403522099,299.85921346753963,697.3470080640457,562.4299538126205,-91.12434927067562,647.3470080640443,1.0495081037810272,1615281298466.0,1.0,1.0,1.0,1.000396358249622,71326114.0,0.9926963944698276,1818.3
8139494,long,close,1829.5,-587955.0,1828.25,0.0,0.0,0.2197283553528084,0.08034367313473627,0.30007202848754466,176.12174719523372,299.9882444397893,697.6470800925332,562.6496821679733,-91.12434927067562,647.6470800925318,1.0495162865382919,1615281307425.0,0.6810152928836893,1.0,0.6810152928836893,1.000396363353569,8959.0,0.9927134692272623,
8148136,long,entry,1823.05,586603.0,1823.05,586603.0,580.3961546442944,0.0,0.08044252763226462,0.08044252763226462,176.202189722866,300.02283472667114,697.7275226201655,562.6496821679733,-91.12434927067562,647.7275226201641,1.0494093725227722,1615291467344.0,1.0,1.0,1.0,1.0003963210959983,10159919.0,0.9937674696112004,1813.35
8148151,long,close,1824.3,-586603.0,1823.05,0.0,0.0,0.2204750524372835,0.0803874088691553,0.3008624613064388,176.28257713173514,300.1522055850329,698.0283850814719,562.8701572204106,-91.12434927067562,648.0283850814706,1.0494176266637543,1615291469554.0,0.6816083412999647,1.0,0.6816083412999647,1.0003963263389968,2210.0,0.9937692990494971,
8148193,long,entry,1822.85,586859.0,1822.85,586859.0,580.3323289712129,0.0,0.08048646350495105,0.08048646350495105,176.36306359524008,300.18681476434006,698.1088715449769,562.8701572204106,-91.12434927067562,648.1088715449755,1.0494197222075108,1615291480593.0,1.0,1.0,1.0,1.000396284099685,11039.0,0.9937744214767275,1813.35
8148574,long,close,1824.1,-586859.0,1822.85,0.0,0.0,0.22061965765300026,0.0804313085905378,0.30105096624353805,176.4434949038306,300.3162666798247,698.4099225112203,563.0907768780636,-91.12434927067562,648.4099225112191,1.049426202807401,1615291648288.0,0.6807765180718872,1.0,0.6807765180718872,1.0003962893518468,167695.0,0.9938208892094607,
8168511,long,entry,1806.4,581881.0,1806.4,581881.0,575.095307835356,0.0,0.0805304749778565,0.0805304749778565,176.52402537880846,300.3508947840652,698.4904529861982,563.0907768780636,-91.12434927067562,648.4904529861969,1.0492067745914015,1615312413748.0,1.0,1.0,1.0,1.0003962471307895,20765460.0,0.9962524566307259,1796.85
8169171,long,close,1807.65,-581881.0,1806.4,0.0,0.0,0.22274908023637327,0.08047478770779742,0.30322386794417067,176.60450016651626,300.4812810472812,698.7936768541423,563.3135259582999,-91.12434927067562,648.7936768541412,1.0492138444077632,1615312529060.0,0.6805203556272674,1.0,0.6805203556272674,1.0003962528188275,115312.0,0.9963329519157755,
8192898,long,entry,1810.25,583442.0,1810.25,583442.0,576.3213035431347,0.0,0.08057478248860654,0.08057478248860654,176.68507494900487,300.5159282037513,698.8742516366309,563.3135259582999,-91.12434927067562,648.8742516366298,1.0490225231524268,1615330810704.0,1.0,1.0,1.0,1.0003962106159543,18281644.0,0.9992267574133108,1800.15
8192932,long,close,1811.5,-583442.0,1810.25,0.0,0.0,0.22239796436270334,0.08051918299751587,0.30291714736021924,176.76559413200238,300.6461825771162,699.1771687839911,563.5359239226626,-91.12434927067562,649.1771687839899,1.0490307042255191,1615330817134.0,0.6816080307479505,1.0,0.6816080307479505,1.0003962162060624,6430.0,0.9992309041401164,
8193026,long,entry,1809.8,583617.0,1809.8,583617.0,576.177988825981,0.0,0.08061899104873467,0.08061899104873467,176.84621312305111,300.6808487432671,699.2577877750398,563.5359239226626,-91.12434927067562,649.2577877750387,1.049032513000192,1615330853735.0,1.0,1.0,1.0,1.0003961740213596,36601.0,0.9992423686201084,1800.15
8193058,long,close,1811.05,-583617.0,1809.8,0.0,0.0,0.22257527690767354,0.08056334722950774,0.3031386241371813,176.92677647028063,300.8111983516461,699.560926399177,563.7584991995703,-91.12434927067562,649.5609263991759,1.0490406179862726,1615330867520.0,0.6815904568395562,1.0,0.6815904568395562,1.000396179627142,13785.0,0.9992462714218078,
